47401	7.473573874437052e-01	5.117550382911018e-01	8.027326202964097e-01	9.982160110949613e-01	3.581329217916974e-01	6.289612514101720e-01 
47402	7.353701683391678e-01	5.385255550679404e-01	8.270399984098226e-01	8.660889420966100e-02	1.622475731010770e-02	3.890877190926521e-01 
47403	1.578048244853527e-01	9.265733384185346e-01	8.256792122617733e-01	3.177202941466683e-01	3.767278377789668e-01	2.025770452816864e-01 
47404	1.031250684070983e-01	2.102388605523104e-01	2.334996923960278e-01	2.294414058464772e-01	5.461304763081160e-01	7.394484387428725e-02 
47405	2.290098775313282e-01	9.024909580603665e-01	4.014276077046188e-01	4.899359510698989e-01	5.391449479102832e-01	7.220283154035119e-03 
47406	5.388166981464330e-01	2.865023353539884e-01	5.189753214451369e-01	3.415493179771813e-01	2.847183459832884e-01	8.771082437024956e-01 
47407	9.705105693873533e-01	2.008851385679493e-02	4.156337983047747e-01	7.975505673315146e-01	1.066974080664559e-01	4.318585560805437e-01 
47408	1.866382859585054e-01	2.645022330174699e-01	3.584318940334171e-01	1.231749822027865e-02	5.822225271641381e-01	7.351597322780451e-01 
47409	2.148945435019650e-01	6.853475955712365e-01	9.453985928303555e-01	4.483942358979928e-01	9.147890018833750e-01	4.915290691384716e-01 
47410	5.223390797722801e-01	1.437988789490419e-01	3.940200267331768e-01	9.237666879425601e-01	6.337348304846021e-01	9.331649746434600e-01 
47411	9.309869710965952e-01	1.725515281653737e-01	2.196673095317871e-01	4.499622920760709e-01	5.141008466082163e-01	5.043856555150755e-01 
47412	3.270705353129053e-01	4.846114155299083e-01	5.244741698375317e-01	7.427043340833412e-01	2.821619828614229e-01	6.311715779039876e-01 
47413	1.745628896982236e-01	4.688002688199283e-01	8.956738109214575e-01	5.329947837316407e-01	4.811177670402069e-01	4.778963380855957e-01 
47414	2.681545155440245e-01	6.960123105421719e-01	1.632439331911709e-01	2.135531083743801e-01	1.444065464401648e-01	7.803293460888459e-02 
47415	7.050821775128516e-01	6.667456262124449e-01	2.218318140235878e-01	9.910220378036713e-02	5.905123136893438e-01	8.555666445081899e-01 
47416	3.226717795816585e-02	5.214992843202778e-01	2.811817220790227e-02	2.519344879556142e-01	9.714615768620100e-01	5.422190188161186e-01 
47417	7.563201434706898e-01	2.985321117092539e-01	2.683043434602694e-02	2.807943128425601e-01	4.123644532693384e-02	3.089924172074499e-01 
47418	9.119658912122091e-01	2.157993350251575e-01	7.777926860273782e-01	8.076397016680052e-01	7.487941192224594e-01	2.589104530675851e-01 
47419	2.855360392879397e-01	1.694863430082269e-02	9.549227636097570e-01	4.487799729447718e-01	2.305017426752028e-01	9.932930958426060e-02 
47420	5.268129075536564e-01	9.355839201880544e-01	7.660749362623668e-01	7.486447215772443e-01	3.468612350276025e-02	3.565872494860493e-01 
47421	6.042113656197727e-01	6.695330192658738e-02	8.780865342719884e-01	6.323295382933363e-01	3.188877898822016e-01	8.495481106683370e-01 
47422	1.745485566437936e-01	7.520793288723003e-02	1.480802219119297e-01	2.013789909898206e-01	3.560022461954515e-01	1.893166677045248e-01 
47423	5.103714081972704e-01	2.679681369419993e-01	4.051160027296822e-01	2.881640942246486e-01	7.560783814434327e-02	1.539101214864804e-01 
47424	5.470745472922337e-01	3.611438778979442e-01	1.708587562529644e-01	5.019973104363294e-01	8.099238508427161e-01	4.013604989281672e-01 
47425	6.013266204862514e-01	3.367367579307113e-01	3.369444191162216e-01	3.674015562829569e-01	8.538147950795548e-02	3.716305426189818e-01 
47426	7.239888057690061e-01	6.895928451277282e-01	4.385838445455692e-01	6.020753395753332e-01	3.219223829554033e-01	7.574716344277708e-01 
47427	4.516234497780089e-01	4.964709400648581e-01	8.326795677806621e-01	5.997036721555999e-01	6.978499310546787e-01	1.886818135104523e-01 
47428	7.890203398601247e-01	2.082213392519491e-01	4.566499504524515e-01	1.941363421241456e-01	4.963854334765977e-01	5.322577885967948e-01 
47429	3.480464640762873e-01	4.345998030317015e-02	8.934016664947391e-01	5.189052203292517e-01	5.454572907394997e-01	7.033255168717939e-01 
47430	9.202657192574188e-01	1.467839107600897e-01	4.006227480250517e-02	2.572101379079791e-01	5.141854670430466e-01	1.254437543104606e-01 
47431	6.288406809926222e-01	2.381742728120528e-01	8.150365994381888e-01	6.742452507253016e-02	8.402496123873859e-01	1.369589823935921e-01 
47432	8.248961599659622e-01	2.918730621653949e-01	6.334299224584503e-01	6.575757272809631e-01	8.915767343209948e-01	3.312798530474677e-01 
47433	8.462575407914154e-01	6.805970737154582e-01	5.395011922994168e-01	3.029074907782057e-01	8.747334158396038e-01	3.588662531035330e-02 
47434	8.351652793750005e-01	2.227798794502299e-01	7.934660561352344e-02	7.285669458697396e-01	7.416850997794816e-01	6.248038968186843e-01 
47435	4.318924622758722e-01	6.619508190369005e-01	7.715878075787741e-01	4.719547370783774e-01	9.191609569448795e-01	2.857732746218207e-01 
47436	5.973984913888380e-01	5.480016374718405e-01	5.239475474338734e-01	4.124350908270269e-01	6.154261630100319e-01	3.641971593555981e-01 
47437	5.493940732206191e-01	4.403223225103329e-01	6.560702215209930e-01	1.828239952134080e-01	9.789804932563474e-02	5.476469553763266e-01 
47438	5.141038482608757e-01	9.441555901170502e-01	2.282440286261234e-01	5.360504056029256e-02	2.470630804295945e-01	1.029774444657273e-01 
47439	8.949166587064586e-02	8.222835933893377e-02	3.257573239159571e-01	1.688382719498306e-01	8.107953052086734e-01	6.744242369543874e-02 
47440	7.936421687685150e-01	2.426877674845456e-01	7.293932427323392e-01	5.652299758816277e-01	7.146425045629230e-01	6.485541992115574e-01 
47441	8.510032505034484e-01	3.120409959517610e-01	1.965558366833980e-01	3.749507974716605e-01	7.244760867787879e-01	8.119819996934300e-01 
47442	7.391479572929199e-01	2.738701595337457e-01	2.523043217381017e-01	3.952181783482517e-01	4.566941547471537e-01	3.502023710637364e-01 
47443	9.428651341902395e-01	9.707980030080294e-01	2.943579607151253e-01	1.711091623507017e-01	2.440304310266070e-02	5.414210411447198e-01 
47444	2.740866068164290e-01	1.138947094389678e-01	6.236494004836536e-01	5.998439311980475e-01	2.827329813887984e-01	4.344447056923270e-01 
47445	6.672863548934862e-01	7.637514969165211e-02	6.771324731768725e-01	3.966795971601641e-01	6.416051255732799e-01	3.917749772741343e-01 
47446	4.523379590606028e-02	4.926083760767283e-01	7.038159732258953e-01	2.417896325894583e-01	8.675591735483889e-01	4.282920595390219e-01 
47447	5.377163181722706e-02	6.067071303756475e-01	7.021622190727677e-01	3.060759535553287e-01	1.925308723899214e-03	1.588563733542601e-01 
47448	6.562783246190652e-01	9.447904429141387e-01	1.296543763622895e-01	9.506362853341905e-01	1.158996047991792e-01	1.540574194649502e-01 
47449	4.920573260132490e-01	3.899862120812694e-01	2.679521289039180e-01	1.157067264969026e-01	9.898301432793170e-01	5.506851102927165e-01 
47450	5.501514321892296e-01	6.571164977071418e-01	6.270602599843685e-01	2.272839049004409e-01	5.379609440164459e-02	2.686653855576485e-01 
47451	6.190588821745752e-01	9.902989030770487e-02	7.612737616343768e-01	3.228748554004705e-01	3.408195233628245e-01	6.288329347171042e-01 
47452	7.511669149394924e-01	3.945911551800516e-01	2.355400650927518e-01	4.533291340122600e-01	7.006671092010416e-01	2.374653738166510e-01 
47453	6.121855073665201e-01	3.569454333544455e-01	1.822558162651285e-01	7.418398837288096e-01	3.075817186886359e-01	2.981554210643076e-01 
47454	8.958973036594211e-01	7.996390447018850e-01	6.881416331455771e-01	1.638494320976778e-01	9.153457711987876e-01	6.779717759592327e-01 
47455	7.145345428560556e-01	4.654972029223560e-01	3.350882732007132e-01	3.415948023747629e-01	6.927811078227969e-01	3.888843676023578e-01 
47456	6.102601879324113e-01	3.118399899973720e-01	4.879142583757239e-01	3.715339491011267e-01	6.347148453978425e-01	8.287337817385484e-01 
47457	3.668838182310033e-04	3.858817598716737e-01	2.233249364529387e-01	2.359069489109828e-01	8.392108938839338e-01	9.239920456539803e-01 
47458	4.733723227276338e-01	4.513964012504538e-01	2.809374790084257e-01	6.556281389927623e-01	1.932362845136022e-01	5.885191976970616e-01 
47459	9.537835600570699e-01	8.913358770736195e-02	3.881582419332854e-01	6.419251932026470e-01	2.529830202707010e-01	3.035040131320730e-01 
47460	3.198969686962184e-01	9.675175631267566e-01	7.690012160544289e-01	6.549852423625929e-01	3.091123650358581e-01	4.617823238772258e-01 
47461	4.386960949928947e-02	9.193725534339308e-01	7.736223138745978e-01	5.317838678750134e-01	2.909065020693962e-01	4.083371588067790e-01 
47462	3.605176491479006e-01	2.912733858876272e-01	7.942189186784527e-01	5.838425860665005e-01	5.271803347986100e-01	6.334298125623864e-01 
47463	5.078346312548195e-01	5.526570605824967e-04	8.482621334717898e-02	7.887721102632452e-01	6.561807960533448e-01	2.780624978607811e-01 
47464	3.772913074946456e-01	6.099643561104147e-01	3.671960860338044e-01	7.654495498935923e-01	2.518895488474004e-01	6.201791063045055e-01 
47465	6.895356256000398e-02	5.717865175436188e-01	5.876966689656007e-01	8.379547786144329e-01	2.267717594405505e-01	8.968090340014589e-01 
47466	2.997371020259974e-01	2.706413694055012e-01	8.161815869697284e-01	7.335941543493393e-02	8.024252372805146e-01	1.070880890391246e-01 
47467	4.816965742417130e-01	1.629428864284153e-01	3.983614749267518e-01	2.759154929201657e-01	7.467854724949158e-01	9.255418101910231e-01 
47468	9.093453054825521e-01	2.546201032840740e-01	9.260944672516056e-01	9.941715188297311e-01	4.339221354731927e-02	5.822752633049503e-01 
47469	2.722340162248509e-01	4.206835210419649e-01	1.922396189497037e-01	6.394301022586553e-01	1.861330704698959e-01	4.441291677971040e-01 
47470	2.596092080974994e-01	2.550866330298999e-01	1.591568487506159e-02	8.473058770631001e-01	9.304141164433277e-02	2.426874447812734e-01 
47471	7.441149110645591e-01	3.927785136703302e-01	5.133288141867746e-01	5.602964975686262e-01	4.661379295709254e-01	3.157540510016280e-01 
47472	6.673845866077508e-01	9.478345038126383e-01	4.786969374300432e-01	6.574606153450258e-02	2.237499962671427e-01	2.254824094592977e-01 
47473	9.912878717255257e-01	1.330953012840335e-01	4.801025132090331e-01	9.173823385114699e-01	1.272668196481032e-01	5.234947267563523e-01 
47474	4.996576013507590e-01	3.995008363386154e-01	9.441782477983173e-01	6.918972203004626e-01	3.893093813160944e-02	1.303113182682131e-01 
47475	1.360263876319054e-01	2.985401466947701e-01	3.853979512981129e-01	1.519420729726283e-01	1.458460232922090e-01	4.784393629424457e-01 
47476	3.946295177539016e-01	8.899609343567682e-01	8.712178770784372e-01	9.079583319406762e-01	4.502574319253943e-01	3.373558061837013e-01 
47477	2.237123824766429e-01	1.176420180674838e-01	2.851903095306784e-01	7.024093203723474e-01	1.833880796019864e-01	5.089403062634823e-01 
47478	9.278917298316451e-01	1.746759508618507e-01	6.420356075475159e-01	4.079942425750169e-01	9.205828937332067e-02	7.693024276612803e-01 
47479	9.314889693313693e-01	5.917158907240796e-01	1.688032635342345e-01	8.756672171296865e-01	2.836131110245423e-01	2.077342016658439e-01 
47480	5.978534932238299e-03	4.196394986564477e-01	5.062743483606141e-01	3.913764862303513e-01	5.715815716290761e-01	6.521203721184844e-01 
47481	8.698158496384583e-01	9.662110893829777e-01	5.420813060095913e-01	7.410337262512342e-01	8.741694208579927e-01	9.923387379349855e-01 
47482	7.838953196927417e-02	9.788180333463559e-02	1.099807560024693e-01	3.635798414999525e-01	8.002911237069830e-01	2.933688356044557e-01 
47483	8.725201477634349e-01	7.281828530729668e-01	4.680447869319677e-01	5.145557553109507e-01	1.361770956479838e-01	5.601030763052884e-01 
47484	2.838581825065697e-01	6.766606451369173e-02	1.518189665637067e-01	4.526614460408042e-01	9.433332816433783e-01	4.354320775882490e-01 
47485	6.603956477066482e-01	9.493118165756165e-01	8.550715767103581e-01	1.666699960672623e-01	3.406883028059678e-01	4.266531478737728e-01 
47486	8.187903681857467e-01	2.105041519787648e-01	3.928642372567506e-01	3.608716737296766e-01	9.515378782299989e-01	2.670336576490820e-01 
47487	3.532104116646622e-01	2.992740973361182e-02	3.649154609837176e-01	4.631911676671315e-01	3.935072512335643e-01	1.652065842250393e-01 
47488	7.565600032715872e-01	2.660273989969992e-01	8.933894377636674e-01	2.246047897378936e-01	7.805831543079499e-01	2.956653294598988e-02 
47489	7.847078660431820e-01	6.444133634885835e-02	9.723259745968162e-02	9.365268330725500e-01	5.171027823896626e-01	4.056587910305982e-02 
47490	3.719589101951378e-01	1.774984296306495e-01	9.898776956786763e-01	2.270304864398346e-01	3.441684256979117e-01	3.305659980189828e-01 
47491	6.536836347792687e-01	1.629587934179971e-01	5.410701499977476e-01	4.654787157035799e-02	5.238304676133350e-01	4.926080277620852e-01 
47492	3.135815292194400e-01	8.770408792779971e-01	5.225354374956970e-01	6.784969906688189e-01	3.402320464794673e-01	9.160426891949227e-01 
47493	8.437035748938581e-01	9.679204928539323e-02	1.820700877262606e-01	7.370930121918642e-01	3.213968394889481e-01	9.626532420342104e-01 
47494	7.666595451378541e-01	1.061047050664689e-01	2.709457791740754e-02	8.638921430631969e-01	4.263153767335766e-02	5.441973603070701e-01 
47495	9.044580221662568e-01	4.145904483341568e-01	7.216957899377197e-01	8.943357173792719e-01	6.416209347739913e-01	6.586421563563133e-02 
47496	2.249017153982547e-01	2.953045690875987e-01	2.288230090536284e-01	7.659718653960023e-01	3.418524406579567e-01	7.526534766669634e-01 
47497	2.585798931580874e-01	6.554339703430579e-01	6.296943554792993e-01	7.811153306537845e-01	3.339309605462155e-01	9.699264019587666e-01 
47498	6.971580193830459e-01	1.776345349744123e-01	6.671845124415982e-02	8.792281071093064e-01	9.147275476319378e-01	3.881152907331080e-01 
47499	8.418813486778556e-01	6.813870923041306e-01	4.942199957995769e-01	8.689759265952631e-01	5.452792349016663e-01	5.368515339385959e-01 
47500	4.131732864366720e-01	4.497372566022618e-01	9.514419822727526e-01	1.348690763743916e-01	3.440729739815336e-01	5.930629165810826e-01 
47501	2.007332920100229e-01	5.689746893797883e-01	8.883674861343426e-01	4.295563010636513e-01	3.349465543101293e-01	2.302199263266380e-01 
47502	1.822097777306148e-01	5.935264474682167e-01	8.856538966696961e-01	8.119041332099141e-01	3.746417781220012e-01	2.195848567502503e-01 
47503	7.818305351686806e-01	7.179979703938578e-02	3.972193921903239e-01	8.485489864128404e-01	9.510279046143535e-01	3.119469393566004e-01 
47504	2.366642766802871e-01	7.929092528265478e-01	9.933340316607310e-01	7.308842724798640e-01	6.618851794218110e-01	5.386132665623973e-01 
47505	2.677358059527985e-01	7.505846539282168e-02	9.883505231646591e-01	2.191777877598897e-01	2.099275417672133e-01	3.324234966805314e-01 
47506	8.122407048066336e-01	4.106608337772362e-01	9.013981860603197e-01	7.006081904753150e-01	8.402171353065488e-01	2.363447403704490e-01 
47507	9.308281168019530e-01	2.242691257150234e-02	8.298711878386658e-01	8.164820134716491e-01	8.343310457814164e-01	2.045129654950057e-01 
47508	3.606686975623801e-02	6.161615804844357e-01	2.763127630000528e-01	4.332862619465619e-01	4.647105664316148e-01	2.273406671487450e-01 
47509	7.452332013031623e-01	7.013748431119019e-01	2.024991950963154e-02	7.385672329638931e-01	4.322591155917659e-01	6.821350989314425e-01 
47510	2.771804990606292e-01	6.999949215445643e-01	7.571935647899255e-01	2.655310217596270e-01	9.191727097701154e-01	9.671211065571388e-01 
47511	5.979545189058196e-01	7.314134141110877e-01	3.777819403343750e-01	4.993527045004781e-01	4.320216041207414e-01	2.179990751752626e-01 
47512	7.356974448709271e-01	3.628497204570331e-01	2.404259877467649e-01	5.655686327095929e-01	1.793317334630209e-01	7.475703306251999e-02 
47513	7.700815982045985e-01	2.153986036849202e-01	6.909186140126170e-01	4.639436073899007e-02	6.486848656314821e-01	1.556291799785705e-01 
47514	2.737350278877351e-01	3.939180669346443e-01	8.570040235561337e-01	2.939849478630279e-01	1.324852994328762e-01	2.892631386822384e-01 
47515	9.761200467944704e-01	4.096657984935054e-01	9.892580602268027e-01	7.333136111187346e-01	6.751968202531323e-01	9.084307695312569e-01 
47516	7.004347176758734e-01	2.731513386932907e-01	6.398441831766833e-01	7.821665754458712e-02	7.725040436594300e-01	7.186578683176348e-02 
47517	2.962157327198497e-01	5.082014880646959e-01	4.347155077544579e-01	5.366417204666146e-01	7.377012030862742e-02	6.140472412174788e-01 
47518	6.113987535291345e-01	8.438517189788873e-01	8.294458449023989e-01	3.023173670760902e-01	8.902460797178774e-01	4.781307105338810e-01 
47519	4.579465475203220e-01	1.639811076056124e-01	8.720487774685253e-01	3.149505706107945e-01	4.579660554686403e-01	4.534076435740142e-03 
47520	6.042137092930329e-01	4.340861017974494e-01	4.141998749292455e-01	5.934717690541743e-01	1.673997129161841e-01	8.939669471671650e-02 
47521	5.019025385854312e-01	8.678344305920574e-01	3.625480338756684e-01	1.417467212964532e-01	9.460510881366446e-01	1.350520770694372e-01 
47522	2.136125085938780e-01	2.422668203908330e-01	6.432535651341330e-01	6.483280163483359e-01	7.789085408574475e-01	7.170236859084217e-01 
47523	2.623752571001534e-01	3.903072939209208e-01	5.608754044216477e-01	9.182110200255229e-02	6.926246614626723e-01	4.511214836738638e-01 
47524	5.699518125364332e-01	1.505712085173331e-01	6.151025912794762e-01	4.420005895392972e-01	4.655217791281276e-01	7.306864628245525e-02 
47525	4.465346659750373e-01	6.973548795549921e-02	5.071547485455660e-01	8.607345409042828e-01	6.632072570096735e-01	6.745544614617500e-01 
47526	9.501312356209993e-01	1.651097951294434e-01	5.423888915881463e-01	3.126792690310065e-01	3.068565168915580e-01	4.884399792591296e-01 
47527	4.477313461004437e-01	5.204690254854359e-01	7.307067996499625e-01	9.098491123457668e-02	1.687970413681106e-01	5.096153400417489e-01 
47528	8.080085971429984e-01	4.311722984682639e-01	8.999226339626697e-01	3.688840010989848e-01	5.229934004708162e-01	5.925472949596807e-01 
47529	8.200054847728486e-01	9.294521254158822e-02	7.431185034770139e-01	4.351080760523249e-01	5.349458020808854e-01	2.086402821394802e-01 
47530	5.081767223347802e-01	9.814804680559227e-01	2.783757700949794e-01	1.533147041468484e-02	8.422150084945443e-01	9.415830275703142e-01 
47531	6.898859318764349e-01	7.923462441155437e-01	1.066928222340964e-01	2.322748229989199e-01	1.050255126808889e-01	4.135493391256543e-01 
47532	7.207148022580495e-01	5.527568592469938e-01	9.340183646110903e-01	4.514216014423508e-01	6.437417704815706e-01	1.028154055135396e-01 
47533	9.610369414840997e-01	4.517503671589077e-01	5.339877044474649e-01	8.609595754467694e-01	8.206343682578925e-01	5.698110445261984e-02 
47534	4.535068699407889e-01	6.406398525650798e-01	1.499263174598693e-01	1.966253734178028e-01	7.574792815174346e-02	6.848721195407548e-01 
47535	4.052656555572831e-01	5.839246509521848e-01	6.663525875966775e-01	6.836414261179238e-01	5.992561213668697e-01	5.085675956255605e-01 
47536	6.252244532225767e-01	2.891420532433046e-01	3.009138392754429e-01	7.319172754566732e-01	5.214168762422245e-01	4.059393524219931e-01 
47537	1.454666145823275e-01	2.421316785002740e-01	9.586962116689869e-01	7.948497872775652e-02	6.935532799426248e-01	6.024379816848962e-01 
47538	1.823003847069574e-01	6.545902214267245e-01	5.418834837814251e-02	7.162880891544223e-01	5.155497964078327e-01	8.748227166360349e-01 
47539	7.732691936070422e-01	9.690566663486215e-01	5.154625687354536e-01	9.231955110669116e-01	1.656820393007631e-01	5.912104973528584e-01 
47540	6.080676306076662e-01	5.709476953237074e-01	1.751351478393819e-01	2.744202177386825e-01	2.545891209759699e-01	7.743912692062516e-01 
47541	7.829878133642431e-01	8.798135741985467e-01	6.353332198389496e-02	8.390165263968596e-02	6.117308491895584e-01	5.849501986917808e-01 
47542	4.898410050616790e-01	7.571974637718859e-01	8.270818771920548e-01	4.485372162650047e-01	8.366824429653038e-01	5.206351566690184e-01 
47543	5.097519748423956e-02	1.898282720659991e-02	1.752253776300817e-01	1.051635458623821e-01	7.352709163610223e-01	6.907751740379143e-01 
47544	9.799862624984170e-01	5.085401095024031e-01	6.598318403865359e-01	4.954488307682093e-01	4.317356205693146e-01	8.255138796872989e-01 
47545	8.665932765540636e-02	3.980325071131962e-02	3.964615745453451e-01	2.617944754947882e-01	3.142234684500022e-01	6.510506955213150e-01 
47546	3.618574470103986e-02	9.721128134858388e-02	5.308642692542003e-01	9.971906668493481e-02	1.811129339882699e-01	1.425951184437587e-01 
47547	6.846692653767156e-01	6.709539390499489e-01	8.997925822156447e-01	5.117511421031091e-01	1.194911548492923e-01	7.364750247152871e-01 
47548	3.238629877212751e-02	1.704663523335319e-01	7.554578519218871e-01	2.076116764022092e-01	2.756298981959139e-01	4.907287678172480e-01 
47549	8.983868509057849e-01	2.556161602286697e-01	9.992688777853124e-01	5.582186908266594e-01	7.510649914625404e-01	4.310044978889658e-01 
47550	3.837325700482971e-01	8.377243191179466e-01	4.708077486002854e-01	7.801941450593034e-01	9.951879461273495e-02	7.850312170502876e-01 
47551	4.312448401149571e-01	1.357045393137748e-01	8.822424983988714e-01	9.621091098348187e-01	2.354236059987096e-01	6.335543238714125e-02 
47552	1.047042278129161e-01	9.200928718410865e-01	7.343093714370902e-01	4.496809562899549e-03	4.318440134785343e-01	8.538005267520438e-01 
47553	7.409718347438480e-01	4.642303122506618e-01	2.426687861991435e-02	4.964296862000738e-01	6.718419891185323e-01	2.998967772814896e-01 
47554	9.871584544829831e-01	5.702288395586558e-01	5.555129375101593e-01	9.864273318026342e-01	1.284475299196539e-01	3.065779285070384e-01 
47555	4.174318292259387e-01	5.121800999679510e-01	1.443022476249851e-01	8.882395778262241e-01	2.923742445615932e-01	2.438210422377200e-01 
47556	6.732707944108502e-01	7.236190851422115e-01	3.795255815514948e-01	5.555132923440604e-01	6.857281945113690e-01	6.149491875502044e-01 
47557	6.188687247312017e-01	7.904324223242851e-01	5.350420589256296e-01	3.531780961682918e-01	7.949292318871847e-01	9.668860728698252e-01 
47558	2.069786224546743e-01	5.359010661653714e-01	4.311163846548257e-01	2.312455010745886e-01	3.233075236544514e-02	1.029583733076967e-01 
47559	5.311422783560782e-01	1.948920638276693e-02	6.731872128663525e-01	8.665521586623752e-02	5.916537719739851e-03	8.016347427860064e-01 
47560	3.932331443732759e-01	4.233483669456785e-01	3.138148427539574e-01	5.375353919982609e-01	3.115879443062413e-01	6.061890873155505e-01 
47561	7.813564342359809e-01	9.848587387170916e-01	3.298081719921008e-01	1.608820153218145e-01	5.403720305954908e-01	1.553636603780853e-02 
47562	7.758312033376802e-01	1.592407553266924e-01	8.059687883620936e-01	3.108732617976485e-01	5.124188514949841e-01	6.008980202492783e-01 
47563	2.777593342018124e-01	7.193974739496585e-01	1.367990859489884e-01	7.088757193222994e-01	9.506429750242471e-01	1.691298383144335e-01 
47564	8.118340926299962e-01	4.817852533803253e-01	1.886190446972004e-01	4.850213054963487e-01	5.684404692465628e-01	1.945355824169403e-01 
47565	2.866560478166938e-01	9.616736136198386e-01	6.178839493626188e-01	6.004708905706512e-01	4.992090056180996e-01	9.294718936688602e-01 
47566	2.066599778862018e-01	2.805654393884192e-01	9.143306319202905e-01	5.364681498783027e-01	4.414474551758950e-01	4.547026625157812e-01 
47567	5.520045163817725e-01	2.172786580479139e-01	6.139434178424735e-01	3.579733042782048e-01	5.281519198455624e-01	1.263622688717964e-01 
47568	9.588713245274831e-01	8.059112545130361e-01	8.457597428214548e-01	9.567041047647148e-02	5.147869733696743e-01	7.964027173800406e-01 
47569	2.648002487909050e-01	3.266210655340092e-01	2.781879702947047e-01	4.534192939537667e-01	8.116423710303579e-01	8.466284395412674e-01 
47570	6.479548763707070e-01	9.829841884705165e-02	8.083020531611061e-01	2.658388257333258e-01	6.987693094177029e-01	3.075110583135444e-01 
47571	1.953107189365247e-01	9.054292873039047e-01	5.880764977019637e-01	1.096413508568152e-01	4.418974371822073e-01	2.952395241219734e-02 
47572	5.643440133725963e-01	9.939019535639798e-01	2.468026104601112e-01	1.782874307494086e-01	3.518752573765234e-01	7.749545307713349e-01 
47573	3.046496996212051e-01	3.107465819040064e-01	5.808657848187098e-01	1.504094419769987e-01	4.064169923804780e-01	9.565275772272272e-02 
47574	9.468121593570393e-01	6.712172411713829e-01	4.222738232567319e-01	2.250001296517440e-01	1.246365346594884e-01	2.339161942870897e-01 
47575	7.162856872735013e-02	7.725914114958566e-01	3.322146131341414e-01	8.799306218884563e-01	3.843023676352121e-02	3.098392208618295e-02 
47576	1.874416797363394e-01	2.337409557000459e-01	9.364132098557489e-01	7.755181779039643e-01	3.433823065568611e-01	3.783106465722950e-01 
47577	8.050421303161616e-01	9.077263199294574e-01	3.722125996706135e-01	5.184474077627284e-02	8.601375021320477e-02	7.240878570471369e-01 
47578	8.267992715476077e-01	3.906634498344099e-01	3.483443848548198e-02	4.076650559006562e-01	5.410728918114085e-01	4.412514308659599e-01 
47579	5.033178136233789e-01	4.878850511684478e-01	1.124686720373429e-01	9.255916368801108e-01	7.128851808201918e-01	2.371052066968312e-01 
47580	1.595078307015392e-01	7.845137495475419e-01	9.696617727026631e-03	4.917224438356806e-01	6.644443714359982e-01	4.812685449054784e-02 
47581	5.227063663875248e-01	8.518860511723375e-01	2.818678106562550e-01	4.591195757776124e-01	6.274042286106405e-01	6.252501172131161e-01 
47582	8.374302223499074e-01	4.324463589268021e-01	5.329764371425735e-01	2.096428215548596e-01	4.842910997030749e-01	6.189901873557783e-01 
47583	9.337306786019963e-01	3.110903707850214e-01	9.653637190188113e-03	9.685651175531397e-01	7.187554266856776e-01	5.507265290015966e-01 
47584	4.098165479534382e-01	2.220732398433952e-01	3.861157970438319e-02	5.222852199907811e-01	1.476648762578447e-01	7.514967605245750e-01 
47585	7.593904271532737e-01	3.071727074250452e-01	5.360105100721170e-01	7.690870448803003e-01	7.988951512607257e-01	2.004548810424539e-01 
47586	8.172138998365095e-01	3.216015171825893e-01	5.234093174913010e-02	9.908171002710318e-02	7.807210929602018e-01	6.797451608254319e-01 
47587	7.243318272402193e-01	6.181513148444479e-01	1.121915192865727e-01	2.573082639171315e-01	8.277941363993073e-01	5.964826189896476e-01 
47588	8.762984517385710e-01	7.615248150013038e-01	9.075729897746690e-01	8.859520889287591e-01	7.300899320887820e-01	6.263284159946854e-01 
47589	4.366786174646945e-01	1.399064795765590e-01	8.484016558380805e-01	4.752901976347390e-01	6.621917000330014e-01	9.960665320959252e-01 
47590	2.267869576936527e-01	4.215821267206138e-01	3.032392390553091e-01	7.627974677657696e-01	1.906691711352529e-01	1.021343903160348e-01 
47591	9.632523488082235e-01	7.883070506101042e-03	4.237359074986241e-01	1.559328055735365e-02	1.069647805332042e-01	2.044570004588258e-01 
47592	6.953384413827856e-01	8.312966082390848e-01	8.226083153032736e-01	8.075299606693582e-01	8.860487169055495e-02	6.504024517025810e-01 
47593	4.040125791933446e-01	9.649033234291260e-01	4.119272662382234e-01	3.115855685023524e-01	8.508554118922238e-01	1.420171978613442e-01 
47594	9.379139844970377e-01	2.875340293569183e-01	2.819236774379032e-01	7.863156398694570e-01	7.628242269916573e-01	9.441153774709047e-01 
47595	7.823821714997209e-01	9.896111846853100e-01	3.656975037258572e-01	8.562141055502995e-02	7.524086524510797e-01	5.563666753267714e-01 
47596	1.877558008710648e-01	7.156610007936419e-01	5.642497458328725e-01	6.114917083696889e-01	7.312542813509956e-01	6.712145268317380e-01 
47597	8.159487088285148e-01	4.265927222681198e-01	5.025111346051614e-01	6.385570241317884e-01	2.341226824718168e-01	5.911160062957164e-01 
47598	2.889594753687081e-01	6.381352616651613e-01	5.560193297248424e-01	7.008867416069315e-01	9.497208301675137e-01	4.068747411514049e-01 
47599	8.429039394682757e-01	8.876348141988901e-01	6.944087705083232e-01	1.248276164405177e-01	6.739504536026858e-01	4.572329970343192e-01 
47600	6.894299391142232e-02	4.563326251024067e-01	4.468441817196292e-01	4.346404976372796e-01	5.419540356574366e-01	1.992528337050475e-01 
