41401	5.067496465084840e-01	3.483424556201056e-01	3.847409926283830e-01	5.027358445817306e-01	8.752964184970112e-01	5.734048264908627e-01 
41402	9.711139397561149e-01	8.593380040765451e-01	3.217766486675370e-01	6.260833100537226e-01	6.609621712290505e-01	5.234517299213688e-01 
41403	1.275023380888171e-01	1.192306280691319e-01	7.441716002040411e-01	3.360764409117757e-01	9.901241254946795e-01	3.977996815917081e-01 
41404	2.388515529403703e-01	8.866993416504466e-01	7.101135415537811e-01	2.132658279562676e-01	4.731956852940822e-01	8.186547224496746e-01 
41405	2.242167262473221e-01	8.363549447787716e-01	7.387750501459348e-01	6.090510346037573e-01	4.327188369039068e-01	9.268880202094503e-01 
41406	8.113955076836959e-01	9.394684834123908e-01	2.752304753638946e-01	1.961364998464177e-01	4.422043279941214e-01	1.505268933952446e-01 
41407	7.695413263372803e-01	4.133182672845750e-01	9.864897471789688e-03	9.131797453915606e-02	3.940157687263637e-02	6.708270687008403e-01 
41408	6.147697049261861e-01	1.669039149614535e-01	7.900576967699722e-01	3.589413046645659e-01	5.029803558732292e-01	7.801818222646517e-01 
41409	7.567409862562740e-01	7.418319092792608e-01	6.668811634494369e-01	4.668545273443938e-01	9.550977372355283e-01	1.400768487435192e-01 
41410	2.855092493284071e-01	1.793144634828504e-01	9.764317935222908e-01	2.428429900868065e-02	7.883654980866078e-01	4.091506299605363e-01 
41411	9.511723192181309e-01	5.997610053046425e-01	3.486191133729271e-01	2.264027945820255e-01	7.958975051510602e-01	7.908234413670485e-01 
41412	3.769296879772701e-01	5.654388310226792e-01	2.041417081859623e-01	3.867945854490598e-01	6.567568055618354e-01	2.435432850585986e-01 
41413	5.762165368423874e-02	2.715265100223601e-01	4.104472004857134e-01	8.476793509198722e-01	6.304678146869260e-01	9.134275563589426e-01 
41414	6.278611727188627e-01	3.872088004775386e-01	6.552594651725420e-01	2.947423357026383e-01	8.540633278219324e-01	6.103572024080703e-01 
41415	4.348191844461575e-01	1.395725766846782e-01	7.896716658909207e-01	4.112509775027870e-01	1.638568761590202e-01	5.780371635118673e-01 
41416	8.204016079289846e-01	1.150291949114898e-01	1.777981683508484e-01	1.690207208362504e-01	3.414319894935153e-01	9.736956735019087e-01 
41417	9.598441622032989e-01	7.183616779364467e-01	5.391345040589266e-01	1.639858699235999e-01	1.051562629198452e-01	1.958913091551006e-01 
41418	4.075291549821985e-01	1.627779170697452e-01	4.674178196431221e-01	8.179763554679119e-01	1.045726752395614e-02	9.788563386438677e-02 
41419	7.314039118268545e-01	6.383184402428188e-01	4.850944348075867e-01	3.866633765337352e-01	9.330607759454571e-01	3.391577621638578e-01 
41420	9.970205789418055e-01	3.678799603916146e-01	4.787303393141973e-01	7.866922443670650e-01	7.791309378944016e-01	6.425872154732175e-01 
41421	3.647294074132710e-01	5.995325453577249e-01	7.576164103847074e-01	5.425275757641195e-01	7.685532661939753e-01	9.904839987822268e-02 
41422	5.162232488003667e-01	7.283974279316130e-01	8.174100778146693e-01	5.535775239363208e-02	8.923832978552130e-01	9.225663407345146e-01 
41423	2.512490620143940e-01	2.999124528374115e-01	8.534425733859849e-02	7.186668816575160e-01	1.178888078396622e-01	9.580152486255464e-02 
41424	8.165525155219028e-01	8.492927196665168e-01	7.341199651053734e-01	3.016469498638282e-01	2.359560962002520e-01	6.671807410508305e-01 
41425	6.408047124933474e-01	2.329766746763963e-01	3.506070097678374e-02	1.195350513418834e-01	1.966891904346129e-02	8.141916388711853e-01 
41426	7.621222668151009e-01	3.843983264567323e-01	4.137241842289102e-01	5.197386767341470e-01	9.269259026865130e-01	1.822774499572243e-01 
41427	6.187870766123696e-01	4.431491510212185e-01	9.106748783544986e-01	4.361971539613778e-01	4.985069038805118e-01	8.030581757440503e-01 
41428	3.587634946958923e-01	7.497559658949058e-01	1.029706281158005e-01	4.441077520344908e-01	4.684228470867606e-01	2.208594364211240e-01 
41429	5.399092773627068e-01	2.849753621430022e-01	7.015215562197946e-02	2.740292420024188e-01	5.866223124724916e-01	3.061082518222314e-01 
41430	9.412099830532493e-01	2.274270245001777e-01	5.390849269642890e-01	9.762706840300330e-01	3.469620758420611e-01	5.587538460077502e-01 
41431	7.904623229012183e-01	1.090843421915007e-01	9.431521724644826e-01	2.041865066644673e-01	6.288230189256477e-01	8.700780746853343e-01 
41432	3.864639566216916e-01	2.476100955380174e-01	3.132272257065527e-01	2.971388345105289e-01	6.838072494993951e-01	8.117341295870646e-01 
41433	1.001970102545791e-01	4.257074372962617e-02	5.614900950163091e-01	2.031676383703796e-01	4.866784962297783e-01	2.991294163740843e-02 
41434	4.240270747915036e-01	2.658777312682372e-02	3.148883037804106e-01	4.941792308791444e-01	3.006170151292425e-01	9.015106162529023e-01 
41435	8.002874827013758e-01	2.418269981824919e-01	1.289376402874187e-01	3.393724092000036e-01	2.180976817468636e-01	4.758997161294798e-01 
41436	8.981262552077539e-01	8.560004182420674e-03	5.849840583209805e-01	8.412784276722364e-01	2.127465108468879e-01	2.138070772466283e-01 
41437	7.113565018919094e-01	5.992104679342408e-01	4.614171727846457e-01	2.458372713280084e-02	8.963493024447696e-01	1.452244218183795e-01 
41438	8.363178567198654e-01	9.965463126993488e-01	1.877951660136670e-01	3.978079512705132e-01	1.997139510697284e-01	6.744736622434453e-01 
41439	4.277208929079216e-01	6.237410258612320e-01	7.010614353702690e-01	7.426091971539935e-01	1.179202562747152e-01	1.678450033850246e-03 
41440	6.441198129412344e-01	9.182077394417523e-01	2.435054482163421e-01	7.730574536943144e-01	2.575801481760946e-01	4.616031304288670e-01 
41441	2.489571693581329e-01	1.557064033838484e-01	4.701631346112877e-01	8.339412281447748e-01	9.969848310560848e-01	6.829096459238370e-01 
41442	4.774830492574177e-02	7.083413324823330e-01	2.821201133924164e-01	5.091654777103874e-01	7.329250600807952e-01	1.784694153715248e-01 
41443	6.543898995287669e-01	5.692429163349992e-01	1.750157280708736e-01	8.421850655424339e-01	9.670508680711737e-01	3.747296791406021e-01 
41444	5.166587273202179e-01	3.947717605134341e-01	9.984707050018342e-01	2.177201622248255e-01	1.373809572017663e-01	1.163909612765494e-01 
41445	2.193986127243371e-01	7.815007706086621e-01	3.459870025264038e-02	4.629040609406792e-01	5.545582238373152e-01	2.921788484287350e-01 
41446	9.245071913695462e-01	8.035153931954482e-01	4.478852518125834e-01	3.946703259808339e-01	6.374566208745617e-01	4.448700824030070e-01 
41447	7.757997143900952e-02	6.852049258003035e-01	1.532114148853400e-01	3.597000848314260e-01	1.943704030450296e-01	8.861364749661351e-01 
41448	5.381695002029507e-01	8.487603030394578e-01	4.553793908354730e-01	7.131852282738245e-01	6.909453681162304e-01	4.224302584409855e-01 
41449	8.791490694876523e-02	2.076040954364483e-01	8.172020194200809e-01	8.638561195059941e-02	4.253242576612738e-01	9.545829766218471e-01 
41450	2.027765732271488e-01	6.447228703856109e-01	7.360837467648479e-01	2.373752734797892e-01	1.076269313262901e-01	2.906419701365018e-01 
41451	5.295541219085241e-01	3.213412223017501e-02	9.415736333194998e-02	9.774393741867689e-01	4.268044482110089e-01	7.316139842065116e-01 
41452	4.223094561241145e-01	5.043844196500185e-01	4.168189100068150e-01	5.755208710094545e-01	8.640845044814444e-01	6.111893130518447e-01 
41453	4.616573455099284e-01	4.022540046843952e-01	4.599496156256411e-01	9.170367368110627e-01	1.154392324925583e-01	1.508949837418715e-01 
41454	3.394669947863869e-01	2.033541399069848e-01	3.584990791783198e-01	1.566690137408064e-01	2.897397518575842e-01	7.838233368395936e-01 
41455	1.112519903626535e-01	4.925163250847330e-01	4.285462072252045e-01	8.473357371275014e-01	7.298915985645221e-01	5.361731385514946e-01 
41456	1.379777072640032e-01	2.594457200073850e-01	5.683072607816696e-01	2.321350705959532e-01	2.368850937284925e-01	9.951117094583398e-01 
41457	9.637490548024649e-01	6.591945503182683e-01	4.994961286426969e-01	3.805679643436186e-01	2.347154208620616e-01	3.635806331241413e-01 
41458	9.917572778611246e-01	6.963727668376513e-01	7.658346378085364e-01	4.517068930211043e-01	6.134095031830527e-01	8.812738703010948e-01 
41459	6.026018767629758e-01	9.528764979694395e-01	8.462800974241831e-02	9.611009559412957e-01	1.095455117102459e-01	3.743677616000025e-01 
41460	7.449242927808893e-01	2.207975020728994e-01	8.668840866847355e-01	1.734704995404326e-01	6.813323873473948e-02	5.967756847835964e-01 
41461	7.096436380919272e-01	2.061109459987427e-01	8.562214052566427e-01	2.779508984079356e-01	4.382460165946959e-01	9.310649851947395e-02 
41462	2.730626074006141e-01	4.019950713971607e-01	7.523010488377423e-01	7.725587365089723e-01	7.825630357407792e-01	9.870164701654652e-01 
41463	1.361393691674524e-01	7.743203131362425e-01	6.833892365374552e-01	9.019740069759888e-01	2.260272061573468e-01	2.967987392548466e-01 
41464	7.832478768114224e-01	8.286290829203227e-01	2.496752367586248e-01	8.678758870195019e-01	7.897300388616184e-01	3.592207484688706e-01 
41465	2.422436481538432e-01	5.346543311768465e-01	5.800182505417700e-01	1.091277348385787e-01	7.081248307172791e-01	6.481514897421707e-01 
41466	7.059034196221752e-01	4.177684683435450e-01	8.542624357409134e-01	5.621248244131565e-01	6.957193667514806e-01	2.925084523356093e-01 
41467	6.552313233982917e-01	9.687819746177559e-01	6.945035237327700e-01	4.075323717703728e-01	7.413407106610670e-01	4.770665590078880e-01 
41468	3.945488414701768e-01	8.774800798285194e-01	2.513868721441305e-01	7.793807754197069e-02	7.794540863388469e-01	4.774140783014773e-01 
41469	3.747368167968173e-01	5.627019626846080e-01	3.060431607561387e-01	6.244120540211033e-01	4.305778492384487e-01	9.577319915209580e-02 
41470	9.836328024899740e-01	6.728214978579532e-01	6.304275303289423e-01	5.636510530317440e-01	7.819492326965319e-01	3.385523605805600e-01 
41471	2.118025423082535e-01	4.878526518530458e-01	7.563208289241049e-01	6.606497758350567e-02	4.997747626620228e-02	4.520401956755855e-01 
41472	3.585734299191150e-01	7.052087996644940e-01	4.208221698276802e-01	5.307695318622373e-02	1.127411709692055e-01	1.621628800230859e-01 
41473	5.301435126597730e-01	5.072900129050436e-01	3.964295938594405e-02	7.815303848039035e-01	5.852280904470143e-01	8.190970457247910e-01 
41474	2.589444626397195e-01	9.599649077094928e-01	3.817990079437378e-01	5.649876233958582e-01	5.843769612649349e-01	8.123768576478478e-01 
41475	6.607608230136153e-01	5.680097632892476e-01	4.851983550401397e-01	2.911883528768962e-01	1.316608158553302e-01	2.671475872710103e-01 
41476	6.297407139231175e-01	3.434633581635837e-01	7.550002391240561e-01	3.860615423815612e-01	4.095283362127507e-01	8.049777153902583e-01 
41477	8.381017380571466e-01	7.681017661318656e-01	5.101865145890910e-01	2.589239074191655e-01	8.211787197837507e-01	6.229276860239579e-01 
41478	4.210867874422515e-01	3.513222319778624e-01	1.302176984633401e-01	4.607297468281955e-01	1.328526163161046e-01	7.154457889103544e-01 
41479	2.798267920873252e-01	3.917970789558241e-01	6.754106961541859e-01	6.616258004967244e-01	9.567847023516822e-01	2.597876569534595e-01 
41480	4.740026576789108e-01	6.175455248996362e-01	8.277974207083683e-01	9.592010127190506e-01	9.087338782421936e-01	9.594582365636986e-01 
41481	2.263485995243995e-01	5.384745916996498e-01	3.029215947272823e-01	9.813488386484556e-01	9.245361340812110e-01	7.124499309400329e-01 
41482	7.863265540387140e-01	7.626378721383577e-01	4.805516966062373e-01	2.965130681621437e-01	2.156177909186193e-02	3.017304159243267e-01 
41483	9.194407541861016e-01	4.426485669997747e-01	6.530526479021891e-01	4.965845218378047e-02	9.033783138279702e-01	7.859052642182938e-01 
41484	7.651042415597962e-01	1.832051059152955e-01	1.777023427084565e-01	4.405149372483207e-01	8.448309064120199e-01	1.344870450601387e-01 
41485	7.003025946674415e-01	3.188335636252694e-01	7.520325699597749e-01	5.281000149101485e-01	2.780345758786586e-01	6.607664477363072e-01 
41486	4.875582510081857e-01	5.043831754030581e-01	1.992410389702958e-01	7.904798457354679e-01	4.857320135858524e-01	1.237771730515068e-01 
41487	5.029297762098395e-01	2.720585671589051e-01	8.864150451898645e-01	9.834814732817381e-01	5.685716357867101e-01	9.079768242817264e-01 
41488	2.852118887404035e-01	4.880123895071505e-01	3.506253908158398e-01	9.382645371082540e-01	5.376708421565922e-01	2.540037046438101e-01 
41489	7.241698008608863e-01	3.027750832507271e-01	4.372088105591055e-01	9.018721440350042e-01	7.432900204990478e-01	2.820397165054641e-01 
41490	3.635918862948156e-02	4.435926147008281e-01	6.008732801307334e-01	7.883917585892565e-01	9.716926296109765e-01	8.789078560093920e-01 
41491	4.491582063255637e-01	4.592508806191622e-01	3.832910309467888e-01	6.483992452958596e-01	2.497307258889688e-01	8.690230445326413e-01 
41492	7.721764183473664e-01	7.526605025644696e-01	1.410816116915465e-01	6.585914630715696e-01	7.361419753805464e-01	7.096532474782565e-01 
41493	5.665682873532960e-01	2.135386365528864e-02	1.976656365197458e-01	9.171936781691358e-01	9.596184007635425e-01	7.353364786763380e-01 
41494	1.711973823472845e-01	6.837882016244290e-01	3.811156146140376e-02	6.084061929063901e-01	5.856603451937719e-01	7.814015824261129e-01 
41495	8.904459094118541e-01	6.220195338232534e-01	2.249941966612796e-01	4.913191890769262e-01	4.104112919468485e-01	1.966868262722561e-01 
41496	3.702270446206569e-01	8.595694982724122e-01	6.559377068914183e-01	7.535180755674458e-01	5.079687435682717e-01	9.056684327803871e-01 
41497	6.225411201000871e-01	2.801451614499768e-01	6.583289348791954e-01	7.636227317916335e-01	9.387366249872077e-01	3.944709097940805e-01 
41498	4.732759788042288e-01	5.053049118748423e-01	4.158247739150304e-01	6.709416153239746e-01	4.224985895783168e-01	3.754431742129117e-01 
41499	4.062780940003126e-01	5.936959723912626e-01	5.923137537167937e-02	4.443896554617163e-01	2.021021648319914e-01	6.448917205654512e-01 
41500	2.257912374221679e-01	9.254807424384545e-02	2.669112539230433e-01	4.507854345491088e-01	5.838672633207717e-01	6.773225463355531e-01 
41501	6.474722608213649e-01	9.540943084070899e-01	5.368920441423040e-01	3.034099672471219e-01	7.076123835088742e-01	4.486078724491446e-02 
41502	2.090783995618477e-01	3.301535031433001e-01	3.250059491605526e-01	8.674073349067044e-01	9.377623446927230e-02	2.637425736820989e-01 
41503	2.618782442351236e-01	5.670522132735011e-01	7.690474855569412e-01	6.777030181501540e-01	2.379938285974757e-01	1.915460746695968e-01 
41504	5.314619236306576e-02	6.442719225977882e-01	7.852420470608594e-01	1.123775677347451e-01	8.866157759384326e-02	9.873442123585121e-01 
41505	7.572692887658576e-01	3.144528154816724e-01	7.989228613669624e-02	2.418054222323957e-02	7.652382500307813e-01	6.637595494574678e-01 
41506	7.015030885587926e-01	4.127105103864849e-01	6.178538573988964e-01	2.383951327010967e-01	7.161204776336069e-01	3.254662409077707e-01 
41507	2.832559199460111e-01	9.251988771954546e-01	6.556197440510708e-01	6.082618691065637e-01	7.926062116364977e-01	7.493959789860044e-01 
41508	8.720044427886626e-01	5.448445587162136e-02	3.164481917938442e-01	6.410519278799426e-01	7.321874740217754e-01	5.544420203913198e-01 
41509	8.325980030152006e-01	7.853336663848411e-01	1.987139425234468e-01	6.178400496103987e-01	8.977112345852476e-01	2.873755205829514e-01 
41510	6.051842615032496e-01	6.549805228854438e-01	6.018283360646238e-01	6.850765476399457e-01	6.791610651086835e-01	3.670665856297438e-01 
41511	3.488360970974136e-01	3.806641536674761e-01	7.797770960162287e-01	9.666899544963101e-01	6.190592863685728e-01	4.958975731841743e-01 
41512	2.921561949384195e-01	9.023152063145838e-01	4.210964499139676e-01	9.477759394551515e-01	5.105770754211475e-01	2.137026615504654e-01 
41513	6.971719179754946e-01	3.825815177441488e-01	2.681871174220867e-01	1.362010930367751e-02	2.363344562409140e-02	3.745909782008226e-04 
41514	5.680621301606587e-01	8.562314486392920e-01	7.857082578287032e-01	7.667760726841055e-01	4.740714977840295e-01	6.834194919482895e-01 
41515	5.415159280139561e-02	7.925575928727899e-02	3.384000143680722e-01	6.559799288660194e-01	7.643323069272248e-01	1.756107901109433e-02 
41516	2.304651403010195e-02	1.131684035589771e-01	3.982252326785704e-01	8.028236100463306e-01	7.985835805528721e-02	1.728451858148189e-02 
41517	2.987211827648437e-01	3.720145529937067e-01	9.195997253617271e-01	7.198176331444726e-01	3.197904919831969e-01	4.301768003172133e-01 
41518	9.335202946949379e-01	1.696240949303024e-02	8.127583180613621e-01	2.017074116513633e-01	3.058251926236903e-02	8.363917636854535e-01 
41519	2.020820026295641e-01	5.986446494230278e-01	6.926232118590843e-01	9.877902604582675e-01	3.654207216414719e-01	1.666947096431138e-01 
41520	6.712097519408957e-01	4.195723149085289e-01	2.459504689303927e-01	9.609765843306559e-03	7.555224330888700e-02	1.028277539195622e-02 
41521	2.717084532006217e-02	9.859875780465023e-02	1.234511794165946e-01	4.253960779986326e-01	9.014223678509808e-01	2.033095374718819e-01 
41522	4.426805970457758e-01	2.001435506158246e-01	5.753240904655885e-01	3.622803219418416e-01	9.199611837602971e-01	8.951145829144468e-01 
41523	7.924571222590548e-01	8.534814779895737e-01	9.120769924074770e-01	6.052154398547558e-01	5.518888917527576e-02	9.426595116698461e-01 
41524	4.416072035402093e-01	2.572708918048399e-01	5.413041606272124e-01	1.342304149336323e-01	2.450611522631073e-01	9.067248827343457e-01 
41525	3.009251245767461e-01	9.162709042040030e-01	3.262971971772132e-01	5.468755935071388e-01	9.258806705129708e-01	4.018494404861002e-01 
41526	5.571583693647564e-01	9.530515158330330e-01	5.004481982907505e-01	6.806095487813509e-01	3.784475933660044e-01	4.018705661417314e-01 
41527	8.839190862532328e-01	8.211281904117801e-01	6.020141167575559e-01	4.592431762531601e-01	1.834085118879604e-01	5.219753000521917e-01 
41528	3.543577587019455e-01	9.758656341470152e-01	3.754567775761042e-01	2.664347511094226e-01	5.810810740017710e-01	4.306456667513799e-01 
41529	2.090942623136073e-01	2.268827707631899e-02	6.879165585562198e-01	7.503984234064810e-01	1.569186920099513e-01	9.329777108193271e-01 
41530	6.571233056751654e-01	4.578438170523587e-01	8.492486150233302e-01	9.834205028523787e-01	4.719410093836212e-03	7.751292850706397e-01 
41531	3.852699428728176e-01	5.618777794585925e-01	7.281808004380115e-01	8.857181416292293e-01	2.424873277742822e-01	1.066283933383545e-01 
41532	2.875887073052995e-01	1.264064135618538e-01	9.277565842157959e-01	8.896028240628554e-01	5.856495902806751e-01	1.111650956380950e-01 
41533	4.115781236493858e-01	9.400073489826207e-01	8.703072978511021e-02	7.870349012254900e-01	2.064420996263819e-01	6.681118037868812e-01 
41534	2.176805675112086e-01	4.155363624056505e-01	6.908000808632002e-01	9.055971260674285e-01	1.659347853464702e-01	8.477187728731514e-01 
41535	8.385748368867556e-01	8.230580910216356e-01	3.055625894598489e-01	6.878234514444245e-01	8.064785934083529e-01	3.102820000193464e-01 
41536	4.629527360494028e-01	1.917485358155093e-01	8.721597794779389e-01	1.911335360217530e-01	7.746667697907736e-02	1.146471072522211e-01 
41537	2.977619293601075e-01	3.650553842843768e-01	2.410535208140749e-01	2.255185131102421e-01	2.546582078815709e-01	8.267031110947500e-01 
41538	3.366836092139984e-01	6.662363315309567e-01	7.667104600773708e-01	4.237143389991085e-01	4.532712322907854e-01	9.731525597037527e-01 
41539	9.182614232032846e-02	6.709517998019940e-01	3.886889216437419e-01	7.826262231835286e-01	5.765489258694224e-01	5.546237069902120e-01 
41540	6.303449955910189e-01	4.151237622905168e-01	3.776817975461864e-01	9.359075855165290e-01	1.029472132692799e-01	1.841603904888781e-01 
41541	2.461895850702140e-01	5.658999493186827e-01	3.759089267700487e-01	1.183493640824917e-01	7.570334853404358e-01	4.533756037491260e-01 
41542	2.329964713347128e-01	5.479541423488195e-02	8.184309884991641e-01	4.740499926144490e-01	2.803139278107853e-01	7.308919591507371e-02 
41543	3.007531032435378e-01	6.169975370247837e-01	7.393255279116917e-01	6.746356285524721e-02	4.071187555823097e-02	1.925967597368158e-01 
41544	4.061612255899986e-02	1.325380178785594e-01	8.635485600044711e-01	4.293050442027417e-01	9.151642410620880e-01	4.400974854082323e-01 
41545	9.839287516586150e-01	5.455092361874456e-01	8.552212476987491e-01	3.616105487391402e-01	4.814168212383133e-01	9.581684609680290e-01 
41546	5.457709396936795e-01	7.276064063085272e-01	5.240684098210504e-01	9.216798664637282e-01	8.459557708566803e-01	2.811018946958249e-01 
41547	3.750554697471929e-01	7.895224172573176e-02	3.358973089307069e-01	1.934864577806957e-01	5.530022343401807e-01	6.162112367414921e-01 
41548	2.665756541614308e-01	8.537553380493798e-01	2.332087733006146e-01	5.901181607461154e-03	9.212189009046270e-01	2.739206488588455e-01 
41549	1.984979413442770e-01	9.618350234636268e-01	4.064586667374049e-01	6.204650088308682e-02	3.911400676663686e-01	3.216229073338317e-01 
41550	5.021439862913192e-01	3.750688188593224e-01	8.671321439869386e-01	3.573652335244069e-01	7.366793675984625e-01	3.485489647595906e-01 
41551	3.155336940267746e-01	2.824503068264808e-01	7.615537106811784e-02	8.396021038478250e-01	2.041301728245477e-01	9.221111419247980e-01 
41552	1.207039980779886e-01	5.791856430374019e-01	1.063383184868555e-03	4.566013074743567e-01	7.726721008180977e-01	5.540656179907106e-01 
41553	7.281254375018764e-02	3.924775451386708e-02	4.078209555744291e-01	3.060213175164635e-01	4.514893612132824e-02	3.290398560133948e-01 
41554	5.799419663753090e-01	2.436468779312665e-01	2.908748794770217e-01	9.864006335783753e-01	3.056933788143533e-01	6.820149471433903e-01 
41555	3.080235404465457e-01	8.078373655713337e-01	5.708376553705138e-02	1.751556839678230e-01	1.652025986300794e-01	7.937631331355139e-01 
41556	5.237046491930749e-01	4.807362931225152e-01	7.621343996199474e-02	5.998600202611927e-01	3.203383965046789e-01	2.803436127865425e-01 
41557	5.219711617203295e-01	4.410423950483289e-01	8.595292558239443e-01	5.230345449051981e-01	8.976437025226857e-01	6.322013566420420e-01 
41558	7.710016243024737e-02	9.704562462728733e-01	6.714491111559091e-01	4.849211180046765e-01	2.764775633236755e-01	7.165980477428986e-01 
41559	8.139609744837326e-01	8.564195301646458e-01	9.602449256741651e-01	1.048358534950930e-01	8.428201632773598e-01	2.659383040228571e-01 
41560	7.868508006384832e-01	1.508437032582442e-01	7.377566912852958e-02	8.439345661755346e-01	3.259993876917285e-01	2.389782682242702e-01 
41561	6.376976988453873e-01	8.497040368848033e-01	7.197145613467855e-01	7.139111388073820e-01	4.495640566803348e-01	4.005295738580308e-02 
41562	9.942547520595858e-01	9.715352184006643e-01	4.810953524341319e-01	8.537840074178689e-01	4.945697628402010e-01	3.787390544911562e-01 
41563	4.859853635942495e-01	5.716699257361096e-01	3.491953007640295e-01	1.574344747501586e-01	5.659104327512488e-02	6.256728640877049e-01 
41564	8.740325224930572e-01	8.705520177588575e-01	4.820923937866894e-01	8.342774477015610e-01	9.753878712539504e-01	3.249125565983879e-01 
41565	1.002157512587569e-01	7.622386714267725e-01	4.757562603222934e-01	1.739914208529477e-01	6.061732371366458e-01	8.017556480140219e-01 
41566	4.129696890772179e-01	2.438709359820331e-01	6.514596844331639e-01	1.326842499583420e-01	9.577820747894151e-01	1.010237406478374e-01 
41567	1.727372073441451e-01	9.520368263833396e-01	7.255895858284038e-02	6.538325602439384e-01	8.058208338012085e-01	5.671287214230414e-01 
41568	3.257161426943336e-02	2.918061969297967e-01	1.387986466934898e-01	3.817669150334629e-01	4.492406716799553e-01	1.953896904342760e-01 
41569	7.439779121167855e-03	3.232731937073512e-01	6.594170772747217e-02	4.895321729078573e-01	1.575506409432509e-01	4.132957898142262e-02 
41570	8.144447299719065e-01	2.577663926676690e-01	8.035682504081951e-01	2.902009898285386e-01	4.317578135206168e-01	4.097414875448409e-01 
41571	9.195663737689920e-02	8.447275025978347e-01	6.536124235268740e-01	7.434163218100631e-01	9.774117525561767e-01	6.113944978506278e-01 
41572	8.444400624579005e-01	1.501489594346606e-01	5.634313242339675e-01	9.169990210407409e-01	8.039815196785990e-01	3.692521575695147e-01 
41573	4.841277419981210e-01	8.365531344136936e-01	6.610583544993114e-01	6.229263891572722e-01	2.183200489814952e-01	1.102990261792666e-01 
41574	8.183160795915481e-01	2.257598281026631e-01	4.335722198866178e-01	8.842577873190203e-01	7.152920014761817e-01	5.911228612955300e-01 
41575	9.255873663004429e-01	5.297367309824269e-01	8.488892539631991e-01	7.291556167086379e-01	8.199377208109655e-01	2.806470670181546e-01 
41576	1.388971037878176e-01	9.118943581878647e-01	1.253745691503280e-01	7.925095273146916e-01	6.553106795322665e-01	1.027863212408434e-01 
41577	4.039040246996582e-01	4.997507415245058e-01	2.529352806755040e-01	9.673353489336257e-01	4.167497620995854e-01	5.691680035410300e-02 
41578	3.365875060374791e-01	9.008775040977064e-01	8.934699347677967e-01	9.976458610024517e-01	5.238038927893173e-01	1.117899832836306e-01 
41579	1.079448867160570e-01	3.421199719152040e-01	3.375498118519549e-01	5.415171066026748e-01	2.263777592342243e-01	5.284181286247532e-02 
41580	1.326399674325436e-01	1.519651250690059e-01	5.825785438449023e-01	9.815292213957427e-01	8.811207417776439e-01	4.025162641902064e-01 
41581	2.621762879482360e-01	2.001784509980020e-02	3.144106219124098e-01	3.875508570985640e-01	8.125273724144918e-01	9.697213014446764e-01 
41582	4.903371783394074e-01	2.164313971141499e-01	4.694720425035209e-01	7.432724594805727e-01	1.837667455821143e-01	8.862218046031063e-01 
41583	8.001892598346757e-01	5.203542520852547e-01	7.870993082351514e-01	6.936591941368111e-01	5.180001126220450e-01	3.109032010244686e-01 
41584	8.054491774204416e-01	6.259449993381021e-01	6.530231729396727e-01	1.429989888067353e-01	1.674621054751156e-01	8.794009321738970e-01 
41585	1.958408016692106e-01	3.001020733733206e-01	3.136605724290295e-02	7.784193455141127e-01	2.816312943034020e-01	9.124867990205469e-01 
41586	1.809356092386579e-01	5.438075827172992e-01	9.325046445860083e-01	4.953462311510677e-01	9.313584398158632e-01	7.450320165348389e-01 
41587	4.650675321300828e-01	4.216956181552706e-01	9.614634136489888e-01	9.345395746336037e-01	1.649680771701821e-01	1.452301592311031e-01 
41588	8.207613787710487e-01	9.651573370048577e-01	6.655844113163577e-01	6.078606870062001e-01	6.588165306760075e-01	1.835845234727415e-01 
41589	9.187638880306687e-01	4.642657076307878e-01	8.095295228108436e-01	5.717870605046801e-01	6.072646969031844e-01	9.769916282859592e-01 
41590	4.511879926785771e-01	8.031054985723950e-01	2.770937011936184e-01	4.825540499214800e-01	5.815248440865077e-01	5.587249959626817e-01 
41591	3.950408484763656e-01	7.624604533251657e-01	1.025325782143197e-01	3.275454925967127e-01	2.578066844762334e-01	3.389101756452165e-02 
41592	7.257750913155149e-02	7.228742166063162e-01	4.555866357197923e-01	3.404092231487899e-02	6.574137912399199e-01	6.205547128899743e-01 
41593	1.792710815459821e-01	4.781751695453074e-01	5.857120494291708e-01	8.448554928623399e-01	8.603585608584613e-02	2.445285796395170e-01 
41594	2.844001586942003e-02	4.799743650853515e-03	7.087942877359662e-01	8.379695386802636e-01	5.765868046211948e-01	3.160589841734893e-01 
41595	8.149611669662228e-01	2.777479683411065e-02	1.191644822802229e-01	9.205486769417993e-02	5.103288467555906e-01	7.006893263667306e-01 
41596	6.507798636568617e-01	9.053696952319563e-01	4.631497796918963e-01	7.533124418711813e-01	2.329151878286689e-01	7.209564641681298e-01 
41597	7.872034599013643e-01	3.054926969602204e-01	4.438306803087847e-01	2.427900951554953e-01	3.395336192750994e-01	1.012444710830434e-01 
41598	8.633448085111309e-01	5.188047012867428e-01	5.794196410940120e-01	4.490568574746404e-01	3.636601936834213e-01	6.654554971798582e-01 
41599	6.935854375798187e-01	3.921002100185026e-01	6.702552412963729e-01	4.023797248501236e-01	2.300697482331049e-01	2.468420454519065e-01 
41600	7.184387090236128e-01	4.503091473366642e-02	2.746168422860172e-01	8.376031913038358e-01	1.370857828935076e-01	7.849456890416079e-01 
