54601	8.906915345651524e-01	6.935476654644812e-02	5.366944552104429e-01	5.666055872880880e-01	3.241134529579959e-01	7.343490737184645e-01 
54602	3.276893023064776e-01	3.362620642111926e-01	3.507353306518566e-01	7.467155273755619e-01	3.570455640354406e-02	9.970603845999857e-01 
54603	4.772073526294936e-01	4.092381682289942e-01	2.719420475288956e-01	5.341743172771177e-01	4.472306777943069e-01	2.024105927918156e-01 
54604	1.188547923783096e-01	7.247680345199853e-01	2.118325974847342e-01	1.800721791480073e-01	4.952940300550749e-01	5.113623708073806e-01 
54605	2.557473887017683e-01	4.746714837265534e-01	9.434290635136091e-01	8.230073064672795e-01	8.349613616405807e-01	4.693420014667055e-01 
54606	6.210215965383786e-01	7.256528957400717e-01	5.386967680131536e-01	1.577160512831602e-01	2.922584830281597e-01	8.628102209711495e-01 
54607	8.920651250016247e-01	6.199477853346372e-01	1.990722847166808e-01	2.428004556534814e-01	3.666633122445379e-01	2.347768411202248e-01 
54608	2.398608397878058e-01	8.438706653396928e-01	6.440150098148804e-01	5.118028873167014e-01	3.780449821511493e-01	9.124568714352589e-02 
54609	7.142134805741782e-01	4.968997745294588e-01	8.160137221291726e-01	9.260460780589125e-01	6.769719541431274e-01	3.113077517185862e-01 
54610	4.374084488662930e-01	9.327193428448957e-01	7.859792354451396e-01	3.808375119142409e-01	7.557266488465139e-01	6.209405966200590e-01 
54611	8.501795133809463e-01	3.767482453848925e-01	3.465934923601307e-01	3.888762809284387e-01	5.344642966680528e-01	6.388519753882903e-01 
54612	2.516865014339268e-01	4.265294216696776e-01	2.587997602572664e-01	4.507587861506077e-01	6.693298773231590e-01	6.254630725018042e-01 
54613	6.855356277364938e-01	9.091907171109648e-01	4.693337373758358e-01	3.295506370857128e-01	4.209936044276662e-01	8.473787199926464e-01 
54614	4.207963242292387e-01	1.352070845361832e-01	3.442784940564439e-01	2.368100458927499e-01	6.125316212943437e-02	2.125044773391003e-02 
54615	5.481177976113362e-01	4.986616109957274e-01	9.539697905788057e-01	3.340970330564757e-01	8.794991233756296e-01	7.096964394253197e-01 
54616	9.550376296765346e-01	7.296786362909147e-01	8.644468434455091e-02	3.016311215710040e-01	1.185549172193533e-01	6.209089810126037e-01 
54617	9.404830969592943e-01	3.702414186532802e-01	4.743840221662000e-02	1.992828567508994e-01	8.210002052695491e-01	7.167682795397790e-01 
54618	8.247459297183649e-01	5.065358325403816e-01	6.259589966507437e-01	2.940796666285394e-01	8.360864696260945e-01	4.695260061274870e-02 
54619	1.414583861555245e-01	2.568827933896718e-01	1.821596851489319e-01	4.857368806776297e-01	4.936928397480831e-01	2.434128472783663e-01 
54620	5.069873284115397e-01	4.181063689375791e-02	7.420744587397550e-01	4.609571189903455e-01	3.759076699502336e-01	6.215735816497233e-01 
54621	1.706535579500038e-01	3.309452996267682e-01	3.512522174749766e-01	2.570982422945547e-01	6.325764211977722e-01	4.698071346943300e-01 
54622	8.780072233071584e-01	5.730595181570666e-01	8.400485538132715e-01	9.254456259894397e-01	7.723423749079660e-01	6.610487586171593e-01 
54623	6.422139050635574e-01	5.970883041606696e-01	1.675845906918797e-01	2.681729012486399e-01	8.911679712548702e-01	3.671059852312813e-03 
54624	3.151255018613885e-01	3.262635694473347e-02	2.605538532419847e-01	4.972851870103204e-01	5.183632376223631e-01	7.542466929900677e-01 
54625	7.406980347543480e-01	2.535056603390284e-02	7.960573303494869e-01	4.827724930284417e-01	4.863076850242483e-01	1.719649998340593e-01 
54626	1.043460742125037e-01	6.569612429742521e-01	5.029102994608275e-01	4.555982916874803e-01	9.140594852688068e-01	1.354867206585997e-01 
54627	9.254054268474716e-01	7.920667081103040e-01	7.085462388156663e-01	7.654539801950818e-01	7.175123336340824e-01	4.808886132579709e-01 
54628	4.265027383465798e-01	3.597262386976398e-01	7.797691741864053e-02	5.940873290384595e-01	6.278991399462797e-01	9.691448886735108e-01 
54629	5.977583888907723e-01	9.430246422733295e-01	1.771245152582994e-03	8.583122421327569e-01	4.403098288179887e-01	5.201344832406074e-01 
54630	6.125589351228247e-01	1.810078631066754e-01	5.454850492745102e-01	4.086162650066504e-01	6.637803561351171e-01	3.179273383309726e-02 
54631	5.805812648407096e-01	7.681264303476207e-01	6.887539768073494e-01	8.349156430153715e-02	2.237247220351010e-01	6.028134616104949e-01 
54632	2.189782849601369e-01	1.491301484169113e-01	3.948801692551375e-01	9.275245237758032e-01	9.145841286119931e-01	1.123925028892199e-01 
54633	4.084131365681128e-01	3.410868664929116e-01	4.721187415868597e-01	4.863900539867533e-01	9.351741955313712e-01	1.000178810674780e-01 
54634	4.555349421946029e-01	5.329325839564821e-01	4.304252287514625e-02	4.573061878128472e-01	3.912448256235778e-01	4.833523521587962e-01 
54635	9.774406710534546e-01	3.803760280741267e-03	6.643602152654716e-01	5.229257198623035e-01	4.124200252873916e-01	3.281405714005887e-01 
54636	5.547184536954008e-01	9.930012905937625e-01	9.626700128254807e-02	2.434724300370889e-01	7.649285442963841e-02	3.199917233176491e-01 
54637	8.462858916475837e-01	2.954711393897753e-01	4.691218717345604e-01	2.411660604370600e-01	2.229956626999172e-01	3.837059998808922e-01 
54638	3.535585633262799e-01	6.314087992680300e-01	7.247928663738039e-01	8.256773049131396e-01	1.177988532547834e-01	6.599670614395137e-01 
54639	9.256951864462789e-01	5.733337954493862e-01	1.928996449303346e-01	9.687377093214251e-01	3.063998279657214e-02	5.841444710195737e-01 
54640	4.520900610145601e-01	8.080653384365446e-03	5.879482313003150e-01	1.164502762800317e-01	5.310063732466690e-01	3.682565877066257e-04 
54641	4.445908476806203e-01	8.572482647640856e-02	9.933695471814692e-01	5.408578489631684e-01	3.291972565134975e-01	6.986240114544630e-02 
54642	8.608495727464788e-01	1.754831476954199e-01	3.653335405352216e-01	3.299714440153779e-01	4.166492085981412e-01	5.883292032351388e-01 
54643	7.136774443619314e-01	7.702077719244211e-01	2.197380020375075e-01	4.384703102700740e-01	5.958850768375606e-01	3.375368552922908e-01 
54644	9.843737170958769e-02	5.215802628181783e-01	9.108706512073383e-01	2.913370166399223e-01	4.903179716739421e-01	9.415106340039106e-01 
54645	8.754814876594961e-01	9.424080331541635e-01	9.495912878539373e-01	4.634297189598110e-01	5.885830896853390e-02	4.805976606349450e-01 
54646	4.637979755475176e-01	5.034491566491542e-01	5.663224875770149e-01	4.571675222633255e-01	4.430700514666131e-02	8.955197440905123e-01 
54647	5.270299234087719e-01	9.051565778931401e-01	7.100289178593219e-02	8.923634639439935e-01	2.351280219085179e-01	4.876521003840734e-01 
54648	4.806926667134709e-01	9.488054662704494e-01	2.578598718428332e-01	7.004306687509784e-01	3.872757760748620e-01	8.537449486803939e-01 
54649	3.796752404326923e-02	4.857131477844497e-01	3.753252110329108e-01	9.488381752506077e-01	7.770501648900333e-01	8.656431831725143e-01 
54650	8.903488087888569e-01	6.525316520838680e-01	8.080512158610165e-01	8.399400961771328e-01	1.159613705780177e-01	8.669095248295504e-01 
54651	3.205377568120779e-01	5.797593461255354e-01	3.703586810130434e-01	8.868602443890926e-01	3.692686792319960e-02	4.146656861597047e-01 
54652	7.823799880139437e-01	5.639567913319714e-01	3.198222640528448e-01	8.533828797998758e-01	4.563202548103036e-01	5.549502859613626e-01 
54653	3.410349797182879e-01	9.370129215237745e-01	5.037557517661507e-01	5.988948520267824e-01	6.374435902747528e-01	8.910315278410127e-01 
54654	4.526398002415150e-01	6.754111143180221e-01	3.767446756254624e-01	8.279650117400871e-01	6.242492891029684e-01	1.537948400498344e-01 
54655	6.936081944469401e-01	5.145980974261640e-01	8.063264921337023e-01	5.016594098422953e-01	3.545381936032969e-01	9.222878631773814e-01 
54656	3.685689342061844e-01	6.750759504153747e-01	5.020472088372555e-01	7.389276152192278e-01	5.619361943388060e-01	5.389740772261163e-01 
54657	1.535933009132712e-01	3.443161818870884e-01	1.029308680924265e-01	4.734155649661159e-01	1.976990616869643e-01	5.592511233683913e-01 
54658	2.836585046181728e-02	5.387340414052522e-01	4.962640444265046e-01	5.321216022279680e-01	1.376288929663733e-01	1.337076342355961e-01 
54659	4.231531300689807e-01	5.902686936735495e-01	8.091187485536182e-01	7.998978056944431e-01	4.182337049479753e-01	4.333680371909254e-01 
54660	9.536926457442775e-01	1.118418989292541e-01	9.479661350827506e-01	7.600191374123185e-01	6.135013087715494e-01	3.025043282203862e-01 
54661	6.823070001240387e-01	9.820702429777338e-01	9.775802786357609e-01	1.843542089612941e-01	7.209978577313003e-01	5.395164725089057e-01 
54662	7.233282861874105e-01	8.745911586445715e-01	8.838326543959941e-01	8.262591542798370e-01	3.480067236106874e-01	8.153171561729708e-02 
54663	3.855102771825671e-01	3.763725740725047e-01	6.202657574882106e-01	8.817743220747329e-01	9.084941767661340e-01	7.578946504545839e-01 
54664	1.548195584466772e-02	3.316473063694533e-01	3.481633436624721e-01	8.246007048639472e-01	1.315451115982351e-01	7.663970486104474e-01 
54665	2.579687415892113e-01	8.523775687685133e-02	8.782389475397016e-01	2.059348762063006e-01	8.452568942891698e-01	4.917402558455897e-01 
54666	5.084392044266869e-01	5.275638944132085e-01	4.738104983576623e-01	4.860194825967865e-01	7.119181033745027e-01	1.948083556233013e-01 
54667	2.553595464003084e-02	4.352463890962519e-01	6.939951426787279e-02	9.093686095016862e-01	2.615055429104275e-01	4.174062378785602e-01 
54668	9.909003251189833e-01	6.470158205586559e-01	7.937788119510649e-01	6.111660821415326e-01	5.287901421677276e-01	7.022729882515375e-01 
54669	3.690607325961165e-01	5.442720980123953e-01	3.392029415532960e-02	7.172240762585886e-01	3.688728024106812e-01	1.654654057535647e-01 
54670	4.836211248690361e-01	6.268415444655537e-01	2.507031626304161e-01	3.618600719430763e-01	8.327764206718543e-01	9.596005691958594e-02 
54671	8.536003282543273e-01	3.412156250985412e-01	6.235239513327945e-01	3.274108261463283e-01	8.272351076953277e-01	3.354420542416359e-01 
54672	5.222191822352908e-01	8.527710628010198e-01	7.706884433378878e-01	5.916186965031637e-01	7.621396718370447e-01	3.219398578265402e-02 
54673	9.024933916062551e-03	7.530399964903668e-01	6.792098063413099e-01	8.028037458671274e-01	3.642060786318994e-01	2.079999480433762e-01 
54674	5.050767341186649e-01	7.332668112280158e-01	7.522720465214328e-01	5.389970282739945e-01	4.504908870209431e-01	1.211448484664526e-01 
54675	7.044624344932207e-01	9.341120118899793e-01	7.479863929320063e-01	9.551655971236367e-01	2.959720838330556e-01	5.807628136038607e-01 
54676	5.112565357756133e-02	1.495724116217217e-01	9.219784387024019e-01	6.746496049103559e-01	4.769832377680499e-01	7.492135459320682e-01 
54677	1.009165868633038e-02	9.992024200033408e-01	6.019846082674267e-01	7.807801020242181e-01	5.908211160408431e-01	3.641242796388102e-01 
54678	8.129740882725334e-01	5.998460499569057e-01	1.171642761291770e-01	4.921838941481821e-01	4.026497958240331e-01	4.813703547610763e-01 
54679	7.001838426572196e-01	9.077265299426981e-01	2.146371655234309e-01	4.524558887129910e-01	4.467235577510314e-01	6.651280525443740e-01 
54680	5.736007371794436e-01	1.511859917785907e-01	5.992400644343533e-01	3.215871301114499e-01	1.063515889022274e-01	8.952121482674089e-01 
54681	9.023499437153106e-01	1.574772424797887e-01	4.478455942346927e-02	8.243283819520513e-01	8.321268478558058e-01	5.217677971915192e-01 
54682	5.735419274184582e-01	8.422185065421361e-01	5.209702171948599e-01	1.755265356858850e-01	6.229986085663544e-01	1.117913327700418e-01 
54683	5.396508153246953e-01	4.359726963732264e-01	7.116373831926088e-01	6.568150914538722e-01	9.281565905214085e-01	1.142871785509806e-01 
54684	1.381854457492872e-01	6.283404327129668e-01	2.201370802801741e-02	3.528226112727181e-01	8.079632096029647e-02	4.687372657790488e-01 
54685	1.795066381709215e-02	6.543970586054013e-01	6.199232580233008e-01	6.171907282514455e-01	9.759841887168512e-01	7.262748469255281e-01 
54686	5.124028760531930e-01	8.783341319665006e-01	8.837520894053169e-01	5.571874354766623e-01	7.026625134528905e-01	7.158789367954614e-01 
54687	7.895523220252024e-02	2.762044404056875e-01	5.580974433375976e-01	5.999254493973802e-01	4.517309760915725e-01	1.810960514382907e-01 
54688	7.117167826330834e-01	9.913817918819291e-01	6.170687478115171e-01	4.233541653600308e-01	6.481968828701400e-01	5.452253378672643e-01 
54689	5.376413439110114e-01	7.863823290850885e-01	1.735657705802311e-01	5.596550519390288e-01	1.392049398921453e-01	2.543620915405276e-01 
54690	2.839231725241631e-02	1.571556037092375e-01	9.087591501459289e-01	6.483155752757171e-01	7.743463319606829e-01	8.847433383971189e-01 
54691	3.745904217355840e-01	2.867492075482147e-01	7.630774698979582e-01	2.583425111409009e-01	8.439366430248770e-01	4.657399828851875e-01 
54692	9.742214479363623e-01	9.228918756930585e-01	7.419444237565362e-01	5.323188908082986e-01	5.228173246247775e-01	1.936753993824475e-01 
54693	7.134149422465893e-01	2.345341067921995e-01	1.850571907987153e-01	3.304836895924451e-01	6.578882721522302e-01	8.332540741345166e-01 
54694	8.757090279253708e-01	1.955296155975804e-01	6.196364027539437e-01	4.927479803994056e-02	7.551846675366092e-01	7.588413426460890e-01 
54695	3.036368895804681e-01	7.835769852546868e-01	9.159969468209879e-01	2.123960397263970e-01	4.318925600647426e-01	6.903432783160095e-01 
54696	9.713937765785464e-02	8.064829822659879e-01	9.770924863298854e-01	8.602168480214741e-01	6.482549294122751e-02	8.210291288891012e-01 
54697	3.259568304410003e-01	3.904694041192855e-02	7.439210041164984e-01	6.790125373187533e-02	5.713658316858885e-01	2.667383287412758e-01 
54698	2.615766535799842e-01	2.847807734668165e-01	5.012724355334753e-01	4.466338443786995e-01	6.152644635249229e-01	1.591607076857056e-01 
54699	2.798879180475548e-01	4.909734909846324e-01	3.546903232832860e-01	8.995243208014985e-01	5.402482890245730e-01	1.098749908198952e-01 
54700	6.583656634475876e-01	8.438851786050411e-01	8.934519760745819e-01	5.743626098029141e-01	5.628121786577684e-02	3.253445356736633e-01 
54701	2.647058876532623e-01	1.534205959892928e-01	1.318275174739899e-01	2.417983735174865e-01	1.363744354510561e-02	1.966530104152174e-01 
54702	6.282750240658759e-02	3.395942739861059e-01	2.356999512928072e-01	8.067485065230859e-01	4.074955281836425e-01	8.070657829786957e-01 
54703	7.348683479870056e-02	6.690721817636267e-01	9.184655597985096e-02	5.747592707978372e-01	1.157060256766649e-01	7.071110195047740e-01 
54704	7.339199784835428e-01	3.955939441898810e-01	1.980845100237450e-01	8.861030130116748e-02	2.951182645257182e-01	7.383327990483179e-01 
54705	1.984852921210627e-01	9.534839279733057e-01	5.822179776533590e-01	9.193726772998333e-02	5.278465373105586e-01	6.384991955191359e-01 
54706	4.172818038693079e-01	7.925524254294822e-01	7.919197915084286e-01	5.491093213432977e-01	3.435079848130736e-02	8.055572350535343e-01 
54707	7.457623322241764e-01	9.717830088789496e-02	1.451515090396402e-01	9.814622835169836e-01	9.039268078766423e-01	5.526470372232828e-01 
54708	7.885280660300180e-01	9.774136426753428e-01	2.217192185212482e-01	8.803746220098690e-01	5.521729130075187e-01	3.374252441979131e-01 
54709	5.874856415146429e-01	2.860928910254002e-01	7.330191883877940e-01	7.855701515383879e-01	3.747031927922290e-01	2.813745291351222e-02 
54710	5.239029505867059e-01	5.731884849132917e-01	9.816213808868179e-01	1.061209277744037e-01	6.651257531089363e-01	5.094679181973766e-01 
54711	7.446201232935395e-01	8.240755651258284e-02	3.020203431611975e-01	5.365399148019683e-01	6.315168778558806e-01	3.363711416425049e-01 
54712	3.420971493898412e-01	3.772792096143957e-01	4.335494429960611e-01	4.872486584294814e-01	3.587414926657181e-01	3.374762504070421e-01 
54713	3.989569518710286e-02	1.472695582300748e-01	3.148898926167236e-01	2.616149137083510e-01	2.764418023994387e-02	8.670628060899036e-01 
54714	5.990401583719255e-01	6.151298217545867e-01	1.531556966496425e-01	3.320593462940582e-01	4.006999728273135e-01	5.278588894418715e-01 
54715	3.601967992075704e-01	9.246029234140194e-01	1.010473743551631e-01	3.418181800943884e-01	3.072385072276175e-02	7.661731274640994e-01 
54716	8.512860982917650e-01	7.753439744819626e-01	8.485806839766822e-01	1.533064409873013e-01	3.118838888182696e-01	4.800975613669015e-01 
54717	4.896775826298062e-01	6.539810382081107e-01	8.573767714469586e-01	9.232270256258673e-01	1.412296966375921e-01	2.161182636470153e-01 
54718	2.607032755672481e-01	1.811253918246950e-01	3.633878223427515e-01	5.755931686496331e-01	4.427403059987073e-01	3.910320025826953e-01 
54719	4.426559742738753e-01	4.178046390497147e-02	6.161823871620849e-03	5.958116709235178e-01	3.738398101990297e-01	4.068617966989343e-01 
54720	1.236705603653894e-01	7.340366098722614e-01	3.314647201129537e-01	2.247179347205525e-01	7.585478950098845e-02	3.621885708357154e-01 
54721	9.908910621846518e-01	9.271408877927535e-01	1.375325448520167e-01	8.394717456956728e-01	8.044732831439344e-02	4.494164336702863e-01 
54722	3.195693065969131e-01	5.701249109441996e-01	1.033974718783970e-01	1.769460775782103e-01	4.933519365700669e-01	2.446271685159892e-01 
54723	3.930643416908869e-01	7.540552121373151e-01	4.257525603406841e-01	7.564521640336384e-01	3.296483803212868e-01	8.684928663393915e-01 
54724	1.474841661506724e-01	7.723043545951621e-01	9.102733302443630e-01	1.536459900222933e-01	3.681160255186800e-01	2.841131404433926e-01 
54725	5.605077867212276e-01	4.917865858840694e-01	1.814974984999269e-02	8.919725068341813e-01	7.165045206046219e-01	9.400453935098114e-02 
54726	2.541610776698967e-01	7.073955823236124e-01	2.114542667807333e-02	3.916936225219134e-01	5.468673275536240e-01	1.015927549924668e-01 
54727	8.411100566578610e-01	8.664366341505371e-01	6.717176659366664e-01	9.445075285362581e-01	4.338271172874734e-02	1.650696020410720e-01 
54728	1.891346965865859e-01	4.364470534196342e-01	9.191248146440484e-01	6.148872569272701e-01	1.928992169876114e-01	2.487731944996739e-01 
54729	4.833801232666616e-01	3.403833831382838e-01	2.107754909483602e-02	3.936534530453633e-01	4.940293731605771e-01	3.891935746135160e-01 
54730	6.777665934887559e-01	5.453715941614339e-02	8.809801604975854e-01	6.959163433387486e-01	9.465096667159859e-01	5.974846806365459e-01 
54731	7.899208826897297e-01	2.006707439202213e-01	3.048802624944971e-01	8.110663093678031e-01	5.923643664421347e-01	8.517475900481211e-01 
54732	9.126590643602699e-01	4.334744226343345e-01	7.181842237329968e-01	5.843767302969363e-01	3.779819507049312e-01	7.615669354617441e-01 
54733	7.494463323380083e-01	5.671166472915172e-01	1.980139884157171e-01	6.685711465163954e-01	1.820039042187873e-01	3.909132054033285e-01 
54734	9.173443414817305e-01	6.653840274854489e-01	7.312965885416123e-01	9.384218905765666e-01	5.903748006515087e-02	2.253259612365281e-01 
54735	3.276154647244213e-01	7.368040740195680e-01	2.798631211183328e-01	2.085956247563454e-01	4.327204168926554e-01	2.263727873686574e-01 
54736	8.060803053928913e-01	2.226412995823851e-01	4.270435312888788e-01	1.109605674217271e-01	3.370760848452691e-02	1.940789726535226e-02 
54737	9.627081574698483e-01	9.463666733104581e-01	4.528823203653480e-01	6.808923807371838e-01	5.307434031417330e-01	8.308642710702793e-01 
54738	4.424593161989280e-01	2.801897350140800e-01	3.979809183617965e-01	6.404733046146451e-01	9.487608819961366e-01	5.799848225805838e-01 
54739	3.138651001797361e-02	8.661052230122058e-01	2.453688496003714e-01	7.626830985595859e-01	8.045271131231110e-01	3.044063296655222e-01 
54740	9.880090602617753e-01	1.321425773818710e-01	4.121040321942903e-02	2.678721809144468e-01	3.407382021382163e-01	4.739308205777457e-01 
54741	4.942449682831042e-01	1.468185070654464e-01	6.965721201601308e-01	9.212884995719830e-01	2.577790744871735e-01	7.302797286446577e-01 
54742	9.406963968373353e-01	2.204872314913605e-01	6.766464014894545e-01	3.935787167370220e-01	9.013796122285442e-01	2.073898041655262e-01 
54743	2.244429878073013e-01	3.438389279618109e-01	4.875795396452675e-01	6.224239061690978e-01	9.843122330421173e-01	4.363404211757427e-01 
54744	2.024087282840203e-01	1.569874259442964e-02	3.024456437222872e-01	4.477775778843917e-01	7.783818411540155e-01	1.069727563797369e-01 
54745	7.521839075499139e-01	7.663909009501295e-01	2.391153337616079e-01	7.933943112350043e-01	3.426308139891507e-02	5.798535358998242e-01 
54746	2.673251313470887e-01	5.285080496820193e-01	7.266720429652705e-01	9.638972515072195e-01	4.497965487883410e-01	9.844511174524441e-01 
54747	6.941769796862159e-01	3.904929456256763e-01	2.049383484781433e-01	3.708233811756705e-01	7.840716623626983e-01	1.063179602410262e-01 
54748	5.782131853411967e-01	8.514649704338354e-03	4.501568886684985e-01	6.579272452080284e-02	6.309385558734362e-01	4.344691212449545e-01 
54749	5.021331456965455e-01	8.333472841574565e-01	4.501678638393841e-01	8.045787894188328e-01	2.811248615761869e-01	2.285497045277384e-01 
54750	9.115515457985697e-01	3.330876912610083e-02	9.949406059435292e-01	1.506668790945163e-01	8.267030803611051e-01	2.920368687678300e-02 
54751	7.305204149943406e-01	9.402821124253245e-02	5.577117370244636e-01	4.571924574939499e-01	5.792546228409068e-02	7.508285347143321e-03 
54752	4.416435744807327e-01	7.521024419703066e-01	3.980012309728196e-01	6.465819229588760e-01	1.229258226803158e-01	1.820728933355179e-01 
54753	7.528998836655635e-01	7.011390084871738e-01	1.905875430398563e-01	2.030567718684006e-01	7.669317330079767e-01	8.215260993789537e-01 
54754	6.375258931133551e-01	2.690648787045222e-01	6.548733830707489e-01	8.769375648707792e-02	7.364366765769369e-02	9.359982451125971e-01 
54755	3.162434610148163e-01	9.851952139219247e-01	9.693070142386979e-01	3.111840664926842e-01	1.358620925507797e-01	7.960100941341417e-01 
54756	3.403877538351285e-01	8.663825080107816e-01	8.900383053766742e-01	8.980994908595921e-01	3.235749650390702e-01	9.479637676607648e-01 
54757	9.056077762067354e-01	7.652185399854642e-01	7.000662091654103e-01	3.036090071795550e-01	4.118004624786789e-01	8.229920323113874e-01 
54758	4.856819005150729e-01	1.647003456785811e-01	5.241310403328999e-01	6.762694435549292e-01	3.677571175469817e-01	2.910627728752153e-01 
54759	4.977955424682217e-01	5.283010194675536e-03	5.601276515797375e-01	1.526689255389706e-01	9.297676668175346e-02	6.337713197030925e-01 
54760	8.866717018590643e-02	4.092202281622310e-01	6.189665331593559e-01	5.797418395894309e-02	7.204042946549153e-01	7.548286257101356e-01 
54761	8.539842780930849e-01	6.079204802438246e-02	6.212111332552559e-01	7.440225830040977e-01	9.588915388839746e-01	9.447860987599874e-01 
54762	6.919863501992013e-01	8.644993150907100e-01	7.100046382797903e-01	3.920525588989502e-01	1.681083218046037e-01	1.218051002928080e-01 
54763	2.150445907446764e-01	6.537902223196767e-01	2.865054464370503e-01	7.391756310775762e-01	3.300596654089445e-01	6.542625639840320e-01 
54764	3.023840395279154e-02	8.278552083428274e-01	6.595455746443689e-01	5.903660555325291e-01	9.805241338817980e-01	7.525223413261223e-01 
54765	2.241373747699602e-01	6.919130360204322e-02	1.617425690226921e-01	8.431039079293161e-01	1.271654875609863e-01	8.821468641432686e-01 
54766	5.979325336394518e-01	9.811497656540711e-01	9.429389121676510e-01	2.191436664290464e-01	7.251723481925075e-01	9.018304510516256e-01 
54767	1.639297647233725e-01	4.171586979260476e-01	7.663297656766743e-01	8.739344030031629e-01	8.092112568249978e-01	9.344380874812780e-01 
54768	9.957395037616321e-01	2.425584756967418e-02	5.882283093352934e-01	2.822449497330212e-01	7.634314786472505e-01	9.182879747442380e-01 
54769	9.365075137170532e-01	7.936698826000420e-01	7.461431826214041e-01	5.960530878957608e-01	3.840359381325710e-01	7.266673160375410e-01 
54770	3.485754292218832e-01	6.081733129025313e-01	7.958586196395842e-01	5.103179982445752e-01	4.512772208318474e-01	9.230241072005705e-01 
54771	3.924648619221826e-01	4.920975400563784e-02	9.041738723889803e-01	3.354037740898336e-01	2.683534204346842e-01	6.293462201158265e-01 
54772	2.372342246757980e-01	4.322831856237180e-01	4.650491757621286e-02	3.563989886810998e-03	3.062175881612196e-01	8.557161748668720e-01 
54773	9.380020773680890e-01	3.019570914571905e-01	8.799720224365462e-01	5.262303862377211e-01	5.842020411902117e-01	6.434035006181353e-01 
54774	4.445183605162978e-01	5.207095549072649e-01	4.370733832181773e-01	1.906615431377019e-01	1.167626423373644e-01	8.211093213507483e-01 
54775	9.173288591752429e-01	4.653380715592476e-01	4.292826337876183e-01	7.131874788148270e-01	9.756560702694841e-01	8.805598546194657e-01 
54776	6.362115855497362e-01	3.681209317260054e-01	9.297696086251035e-01	5.403854579387165e-01	7.035247058158389e-01	1.981230290597878e-01 
54777	1.697316775888818e-01	9.407589304916369e-01	6.304062146835058e-01	2.162365956307559e-01	9.443229203784479e-01	9.366238028447255e-01 
54778	7.195277003196662e-02	8.823249972808757e-01	2.385808943019160e-01	9.519247924685128e-01	4.085553830529355e-01	8.227829354921277e-01 
54779	5.953282926209869e-01	8.530737440348947e-01	3.434924899337313e-01	3.240167537350286e-02	4.373528670693528e-02	4.602551327367570e-01 
54780	8.535109967242512e-01	9.610641458821781e-01	9.255932042960046e-01	2.827936305118695e-01	6.742516242313439e-01	9.012492740998274e-01 
54781	1.633534846656739e-01	3.104632097810801e-01	2.693702058258328e-01	9.312309329077746e-02	8.508486677197966e-01	9.728949116416717e-01 
54782	2.912461223505652e-01	2.058034484301710e-02	9.136538421333087e-01	9.216523370340710e-01	2.368169404737730e-01	8.579767620460953e-01 
54783	8.582761394131352e-01	3.087697105057396e-01	7.403017593269711e-01	9.685703324938987e-02	2.606945025085912e-01	1.488571419142453e-01 
54784	9.196399692071788e-01	8.560227955952393e-01	1.930885483478608e-03	2.631324586752488e-01	8.884244709687421e-01	4.566617219041389e-02 
54785	7.233875914120057e-01	7.419354676929933e-01	6.730318072592056e-03	6.489807957080104e-01	2.472909773920155e-02	6.809819423039359e-01 
54786	5.502300693421764e-01	1.880825824048755e-01	9.914451520850160e-01	8.196002751680093e-01	2.812056756956529e-01	8.422938193391514e-01 
54787	7.924951868096810e-01	5.724517980462182e-01	8.628741646478298e-01	7.061490284773284e-01	4.941041346146279e-01	9.969110465594153e-02 
54788	5.641257900577624e-01	3.523802740277631e-01	4.084608156273425e-01	3.044275489190721e-01	4.492373072771529e-01	6.691553181359337e-01 
54789	4.532846912989787e-01	3.688772760186704e-01	5.251781132655117e-01	4.552155767824573e-01	6.320097351595805e-01	4.136025842342538e-01 
54790	5.008817494385325e-01	3.553973261059249e-01	1.555380514615858e-01	5.076120675111245e-01	4.378121348273997e-03	1.802671492007874e-01 
54791	1.885940093493992e-01	5.546081911561117e-01	3.683497316056629e-01	1.800391614344153e-01	3.742084658584597e-01	6.495554077669771e-01 
54792	2.233298030790546e-02	1.667036522024794e-01	2.220072053475339e-01	8.852071449557353e-01	8.728526806798077e-01	7.161113404278231e-01 
54793	9.848982500773381e-01	4.369784707375702e-01	6.849161398992483e-02	3.933590652390193e-01	7.414060196566423e-01	5.177289212670777e-01 
54794	6.251438290929161e-02	1.946907104899598e-01	8.866061977514095e-01	5.876924966404645e-01	6.499062877380785e-01	5.186159324453287e-01 
54795	1.295080409057010e-03	1.507880367109496e-01	8.740132585512536e-01	1.568331318706428e-01	6.584001042220742e-01	8.783913803651888e-01 
54796	3.371002810714302e-01	8.469941135714735e-01	4.329995710556394e-01	7.054500126770931e-01	2.703327454022750e-02	8.072080369140990e-01 
54797	3.550054199784088e-01	4.936625531379425e-02	9.739116895822397e-01	5.770126257916040e-01	9.345734002695295e-01	8.467643697963861e-01 
54798	2.931239657537658e-01	9.194716498812063e-01	2.837428400682950e-01	3.616155797436906e-01	3.128307146545642e-01	2.514885972493741e-02 
54799	8.793445010107683e-01	3.753450980295172e-01	2.198395702148972e-01	7.659506982965165e-01	9.630375946699816e-01	8.697458579529757e-01 
54800	2.845666302761839e-01	9.643326750790386e-01	2.053389419826395e-02	1.585798888274375e-01	1.211658064840202e-01	6.789339984203382e-01 
