41001	3.937573467352229e-01	2.350325091905112e-01	6.338680952945109e-01	1.862184098857541e-02	8.270000204569661e-02	4.739746341826276e-01 
41002	7.687658536102464e-01	2.589212834178103e-01	1.036047828866191e-01	1.914341743995595e-01	1.891704174639519e-01	9.796823938282591e-01 
41003	2.917069063017643e-01	6.881354156360661e-01	8.820595396133417e-01	4.306316354454642e-01	4.811899352265475e-01	7.235471907647081e-02 
41004	8.257347293317945e-01	1.152688675165497e-01	5.393939980023513e-02	3.348995472001375e-01	1.112529184255995e-01	3.095040564935208e-02 
41005	2.767166030950456e-01	7.163154514116773e-01	4.550423898990463e-01	1.103635114200243e-01	2.968565129194672e-01	2.782775034561183e-01 
41006	1.107407133610643e-01	6.906138596546900e-01	5.133100131122907e-01	7.446088086555753e-01	7.092357011089268e-01	5.960100151579873e-01 
41007	2.185834423725416e-01	4.780015542535119e-01	8.549312985757977e-01	3.221882252591607e-01	6.694357291187326e-01	4.410171603974966e-02 
41008	3.018706190874197e-01	9.611426354204968e-01	7.322371316758157e-01	1.839301582351002e-01	3.917742704002998e-01	2.134270669023632e-01 
41009	2.562848773115710e-01	2.175089997320943e-01	3.286959344189129e-01	3.102242771118061e-01	5.524085469322318e-01	4.399488528445125e-01 
41010	3.411746827611582e-01	8.291251500272775e-01	1.562643042561898e-01	7.962170726602045e-01	9.394886614473018e-01	4.531208171756569e-01 
41011	7.449457611632281e-02	5.022937434270483e-02	1.437346768303470e-01	5.878045892286136e-01	7.948381829982801e-01	8.529703779392738e-01 
41012	1.838146039209397e-01	1.342162490516045e-02	3.309719317271244e-01	3.874590203107609e-02	3.356098506299824e-01	4.076603801956681e-04 
41013	8.284761807082576e-02	6.374804697174022e-01	9.615502958006925e-01	8.150847502123028e-01	8.214106279525024e-01	3.533245662009923e-01 
41014	2.851181664900473e-02	7.769550479841210e-02	5.708335659330868e-01	3.572077510679177e-01	3.879197819102182e-01	1.232421123996573e-01 
41015	7.971566043780914e-01	7.290944646713764e-01	9.523672628925961e-01	9.534209086342812e-01	5.253115373315809e-01	8.918559238742366e-01 
41016	4.065417253442768e-01	5.998061134479037e-01	9.420852986826027e-01	5.502764021746239e-01	1.876107022108560e-01	7.369234812152216e-01 
41017	4.032467796482364e-01	3.714253061317956e-01	7.503451065860433e-01	7.342187118410219e-01	4.101712081628717e-01	8.595495675036449e-02 
41018	7.346263722212176e-01	4.930188266993588e-01	7.234354264677667e-01	6.961766680219102e-01	3.081035764460003e-01	5.448460539546078e-01 
41019	4.950123375724128e-02	3.366153930950050e-01	6.225415587530200e-01	6.203347996903280e-01	6.938231441629227e-01	1.046134019757683e-02 
41020	7.435769120899853e-01	4.909797480753529e-01	7.395558048689532e-01	6.959441745169200e-01	4.444006562439728e-01	2.648673417348728e-01 
41021	5.878000983911567e-01	8.509423820539109e-01	8.646734551827765e-01	5.298853966080981e-01	4.012187837628735e-01	5.228415692797124e-02 
41022	2.668088773576584e-01	8.044655638767712e-01	4.237094630597669e-01	1.715398347804043e-02	5.386842752521319e-01	8.338806716882999e-01 
41023	1.031089402284049e-01	2.733106470076883e-01	3.268994979219975e-01	8.265443666961716e-01	9.694873150295985e-01	6.350030743679977e-01 
41024	3.713904201851182e-01	1.898854832117844e-02	9.716184674630027e-01	9.939319789381381e-01	6.393233480115064e-01	6.654416111602641e-01 
41025	4.393318670053649e-03	3.829002601014917e-01	1.564213592356170e-01	7.439491240046682e-01	7.884443415275050e-02	6.008220154795898e-01 
41026	8.816465273879685e-03	6.666445325439072e-01	4.517643970678394e-01	8.734899209223175e-01	1.965299286863440e-01	8.529831812963743e-01 
41027	9.257740778502888e-01	4.633388065096637e-01	6.574487447074842e-01	3.494835409100556e-01	4.804927899877042e-01	1.961330194939547e-01 
41028	1.833642121326943e-01	5.836017306817703e-01	4.694436665016430e-01	5.102637100546917e-01	4.101460969122807e-01	4.389309815312414e-01 
41029	1.452667839570282e-01	7.815365175630602e-01	4.579195298524198e-01	1.168852509543697e-01	7.754684960355370e-01	9.724287786392630e-02 
41030	7.823268621146339e-01	7.798618151712520e-01	4.801431379654180e-01	9.387482213502508e-01	5.238109387102587e-01	5.589875721181685e-01 
41031	5.395702368298407e-01	5.326274039841384e-01	2.256321046620757e-01	9.913346338976802e-01	4.061173244407947e-01	4.221620333484197e-01 
41032	8.443178147283932e-01	3.318914022910834e-01	8.855008398580835e-01	5.017665589702159e-01	6.813749432011391e-01	3.659936298457876e-01 
41033	6.978995784641707e-01	8.647391553338334e-01	9.495953605275580e-01	1.673432449658137e-01	3.750028649228638e-01	3.597414569741774e-01 
41034	6.062742264970551e-01	5.202696488798920e-01	1.412779740715762e-01	6.419375588381372e-02	6.371548998342617e-01	9.167464705727745e-01 
41035	1.614366337477400e-01	4.194817614832342e-01	6.966082852783652e-01	6.415797717131581e-01	3.582299828334851e-01	2.204192235229626e-01 
41036	2.005673438313265e-01	8.978002196633258e-01	7.530466275071011e-01	4.261994484934022e-01	8.891348530953447e-01	1.591639519478958e-01 
41037	8.483614818418219e-01	7.334526678237377e-01	4.910553542389792e-01	7.338623216999054e-01	2.352192263282925e-01	1.724302969744570e-01 
41038	9.985595108003167e-02	9.331188052581245e-01	3.716945184262910e-02	4.945131114192833e-02	1.004620497582769e-01	4.121723167654929e-01 
41039	4.091927681161057e-01	7.067362762553321e-01	9.324419656453850e-01	5.504707426533433e-01	7.709300321391458e-01	5.695968650139853e-01 
41040	4.672172127604565e-01	9.323666663525471e-01	9.890786264972196e-01	1.638254975731603e-01	5.739464376000438e-01	3.473086088650434e-01 
41041	3.842447210961230e-01	7.745137814313703e-01	2.451088280627080e-01	1.372913481375628e-01	2.007132294591112e-01	1.342436811580526e-01 
41042	2.964553000854586e-01	4.907471130093313e-02	8.676963489817904e-01	7.875106543244378e-01	7.829370330008385e-01	1.029155748444216e-01 
41043	9.599409512988948e-01	8.827929840808701e-01	3.603437963688484e-02	9.971104031415239e-01	9.322442952227985e-01	1.364964293951618e-01 
41044	4.092827194413555e-01	3.414370628732429e-01	8.432327056504938e-01	3.417246846210792e-01	8.919078055265861e-01	6.141627377896396e-01 
41045	9.113215496350646e-01	3.591250178213813e-01	5.465294036765254e-01	9.004001761322842e-01	5.229505153945416e-01	1.204758408109079e-01 
41046	2.477087845316663e-01	9.071952364906647e-01	8.949896227079396e-01	4.928176130600356e-01	4.448658462822744e-02	9.570285170138947e-02 
41047	6.270612942180882e-01	3.409418847136860e-01	1.447775630023226e-01	4.947576427342173e-01	1.284525390381238e-01	9.277145960031611e-01 
41048	5.976732175786389e-01	8.839348987135733e-02	8.105075796183699e-01	6.337075976811850e-01	8.550389301288124e-02	7.427518743755072e-01 
41049	7.702040270763468e-01	4.947866124542368e-01	8.418893724875010e-02	6.134367327268406e-01	8.365112975409773e-01	9.760967427753362e-01 
41050	2.275994700508190e-01	7.478328467103805e-01	3.352217605967176e-01	7.741288737273444e-01	6.482330223770034e-01	8.581722759912592e-01 
41051	8.946047145382523e-01	8.959418073743310e-01	7.653675124819239e-01	7.895943367805306e-01	3.887594199687053e-01	8.098540971101513e-01 
41052	8.852971889475814e-01	1.582071372113224e-02	1.507959813581761e-01	3.007475148424262e-02	5.105783564553495e-01	2.792485203962999e-01 
41053	9.577893479530650e-01	1.082515735683272e-01	3.676420107333185e-01	7.682969271057737e-01	7.419591712495122e-01	4.531459037461997e-01 
41054	5.110488014812808e-01	5.121631983258590e-01	9.479325162004365e-01	5.952377387300309e-01	1.255999305870384e-01	7.844438132757525e-01 
41055	5.713344810397059e-01	3.531994006378573e-01	5.322766599861330e-01	9.065562416364235e-01	1.273282738995404e-01	1.805096818974752e-01 
41056	7.647285176276828e-01	2.193298797213146e-02	7.645148880614502e-02	5.300960296439454e-01	8.115273252183233e-01	4.652109087748504e-01 
41057	3.399501262884355e-01	6.968245137002433e-01	4.810316224959826e-01	4.907461076466116e-01	7.268992651844859e-01	9.916099789513322e-01 
41058	7.699946285085728e-01	6.846886126718896e-01	9.986155251965931e-02	1.376366387762300e-01	4.529855397776633e-01	8.418207237691715e-01 
41059	5.907825425224298e-01	9.640343412589442e-01	3.539839216293692e-01	5.387150582572050e-01	5.592720795233138e-01	4.795838522164076e-01 
41060	3.231588715329575e-01	1.306065600973584e-01	8.327832528542649e-01	8.554355315190906e-01	3.716280173378195e-02	9.601115267538054e-01 
41061	3.594521295090448e-02	8.018913193614647e-01	9.820445151915981e-01	1.123967022227108e-01	3.319873485397489e-01	7.935718399442602e-01 
41062	5.776076109975612e-01	6.719374748281843e-01	4.903963531788422e-01	5.863923349354380e-02	1.626835820091346e-01	2.172956178976668e-01 
41063	5.024921197921467e-02	9.326782105177074e-01	9.019842310352177e-01	1.501107644988740e-01	7.031484882827609e-02	3.549697703472198e-01 
41064	9.919314887337067e-01	6.610973913507058e-01	3.190041111405026e-01	3.459154098974147e-01	1.998124496079108e-01	8.782761906638165e-01 
41065	8.254992625794836e-01	5.229713211408683e-01	8.882750295513659e-03	6.582825149680872e-01	3.784068521942975e-01	4.604555202929562e-02 
41066	6.183940417218926e-01	4.143520651452020e-01	8.479368713907603e-01	6.004385564478294e-01	5.267487673679128e-01	1.799242194648479e-01 
41067	3.940103959264282e-01	1.043563783654740e-01	8.518616942930323e-01	8.844067491052704e-01	1.629956118590178e-01	1.454527630216688e-02 
41068	1.017023665372759e-01	2.132448238382325e-01	9.472234868198742e-01	3.686597106832358e-03	3.633555888027677e-01	1.753833564815034e-02 
41069	3.586563674540522e-01	3.552870770708132e-01	6.786357269988562e-01	6.776604785945548e-01	7.012024869682278e-01	8.784481766067670e-01 
41070	5.559366687927100e-01	5.267017490820501e-01	4.014194972819740e-01	5.648194195538849e-01	1.849842640501374e-01	7.798263494762715e-01 
41071	6.108649715831805e-01	8.033783057720300e-01	1.941784146214735e-01	4.588018429739409e-01	4.038168617541980e-01	7.209271819893863e-01 
41072	6.387260624387888e-01	7.978272576806262e-01	8.252835603548603e-01	4.905877567318211e-01	6.822340063202353e-01	9.882791722138781e-01 
41073	5.051330330339880e-01	7.839363728575112e-01	2.015239960521106e-01	4.523565193882010e-01	7.876229704300048e-01	5.648795848548783e-01 
41074	4.698948550363513e-01	1.462793374183957e-01	9.201666619256915e-01	1.485305820352075e-01	8.239398164786118e-01	6.213691484282581e-01 
41075	2.697875817631314e-02	3.798764848056606e-01	1.480708975103082e-01	4.283982559239484e-01	9.446959043595455e-01	3.330551615604456e-01 
41076	2.082246049345585e-01	5.555608759427261e-01	1.364334668668143e-01	4.024030195560320e-01	1.436271845100574e-02	5.402503286210123e-01 
41077	1.233302015454183e-01	6.530887808897946e-01	3.380775858359772e-01	9.486137619002786e-01	1.436765371559544e-01	2.031159169055130e-02 
41078	9.368929341141568e-01	6.488095701899425e-01	8.042479645480625e-01	1.384169297006060e-01	1.011660895781434e-01	5.918709345124061e-01 
41079	7.032965145554843e-01	5.710609446144946e-01	7.381502723964631e-01	6.234631760155145e-01	7.195915266497022e-01	5.620900884094137e-01 
41080	2.448323239781113e-01	7.465702852916766e-01	9.419665732150742e-01	3.929032214884196e-01	1.749685407499636e-01	8.866624775746197e-01 
41081	7.259583830488652e-01	3.831931456845222e-01	4.422233530516845e-01	8.623918499156795e-01	7.855961657062155e-01	4.565860715026903e-01 
41082	4.026421780710305e-01	9.089263672516338e-01	1.096748519268235e-01	7.407197639070078e-01	8.575401286862512e-01	2.533513895484392e-01 
41083	7.610313555975591e-01	7.944330623347466e-01	9.021609597383816e-01	5.652793201456215e-01	9.328499920353526e-01	3.327048850863729e-03 
41084	1.571502541923664e-01	6.361465061251756e-01	5.743879939310197e-01	8.953005265888295e-01	2.596096816750288e-01	2.939795201150605e-01 
41085	4.573906145325818e-01	5.044420061188014e-01	4.054980494107576e-02	3.993571877476560e-01	8.973452276072210e-01	2.155183456910394e-01 
41086	2.860196648566144e-01	6.233036106560862e-01	5.987114918412229e-01	7.282430179082989e-01	4.856954601061044e-01	3.843076570817771e-01 
41087	1.848290889453278e-01	8.883376386427961e-01	2.932340238677496e-01	2.945039408721514e-01	6.290574020841426e-01	1.507741520883395e-01 
41088	5.478553304205906e-01	3.900887576817017e-01	9.452072148887474e-01	4.500162901589723e-01	9.553680778273232e-01	8.780572064584388e-01 
41089	4.533433390098360e-01	1.125183315540284e-01	5.142037125836144e-01	2.773133247519440e-02	7.818858142857840e-03	7.738133942586433e-01 
41090	3.217108530559162e-01	4.652094726754397e-01	2.782553999117833e-01	3.622606579969920e-01	8.645666604230956e-01	1.756006275190043e-01 
41091	5.777790041536927e-01	1.505863248140487e-01	7.989042381750905e-01	1.764904955292542e-01	8.788293427223476e-01	2.845996978155336e-01 
41092	5.607981526110313e-01	6.365843120201418e-02	1.729373359926684e-01	8.540321764787809e-01	3.581623725398269e-01	8.019947385424724e-01 
41093	4.806328101459112e-03	9.060177029604175e-01	1.920834957585127e-01	9.500135429902066e-01	3.560339926537285e-01	1.474515731201747e-01 
41094	8.280707494486452e-01	8.093773321292258e-01	2.599699046742031e-01	3.422744615665984e-01	8.371086646044201e-01	2.677887628170609e-01 
41095	1.160878553595803e-01	1.588195171946750e-01	7.329982359581618e-01	3.943432557370249e-01	5.210801756573283e-01	5.975648959155963e-01 
41096	5.699438832560293e-01	9.885917934535965e-02	7.481512211953063e-01	3.688481209654585e-01	2.753496748746138e-01	6.269805634519926e-01 
41097	6.534478187809921e-01	8.361478274856451e-01	6.906389951196681e-01	8.263851552393219e-01	6.901800034987647e-01	4.880136719383363e-02 
41098	6.283798933161329e-01	6.949863316002238e-01	9.548190701542510e-01	8.204633890746457e-01	6.449998745904304e-01	3.108530628079795e-01 
41099	9.679149621948204e-01	4.730706235734143e-01	1.202303944715440e-01	2.278848664033622e-01	8.153450851400127e-01	9.573390590759642e-01 
41100	4.956736296860844e-01	9.314329404995930e-01	1.161585762706392e-01	2.286718651785850e-01	3.257761957709567e-01	6.372387519279675e-01 
41101	8.262367610941812e-01	8.957200790269859e-01	7.360979312733271e-01	5.743879818238262e-01	2.645681995267832e-01	1.144760568227973e-02 
41102	2.013685452758188e-01	9.180160187734365e-01	8.475954331679248e-01	8.920075403954869e-01	7.444011735470971e-01	5.377754362010283e-01 
41103	9.408089075893206e-01	3.727810663975687e-01	2.327617673355908e-01	8.956279772779103e-01	1.932444550065531e-01	8.777616419260211e-01 
41104	2.064810396202286e-01	1.611594167357122e-01	3.508322650337742e-01	3.267114340917726e-01	3.890442831390744e-01	1.661773497081256e-01 
41105	2.840504931677368e-01	8.847179128251588e-01	9.761029020771864e-02	4.002090694383760e-01	1.133897775380825e-01	4.233864859786753e-01 
41106	3.744782090068228e-02	9.396265390979249e-01	3.191065650056613e-01	7.735457521740094e-01	5.140145204560899e-01	5.836747645324444e-01 
41107	7.849933578562892e-01	7.153830657319087e-01	5.016907828402197e-01	6.325887905585528e-01	6.073906056617343e-01	2.460919559216555e-01 
41108	1.703642262939197e-01	5.481995127853935e-01	6.188730223192243e-01	4.031259936295105e-01	4.438274900633039e-01	8.121174773257773e-01 
41109	2.808876355555316e-01	6.503085296835325e-01	9.732768940614894e-01	6.317199005893058e-01	9.770199642409664e-01	3.623211772005638e-01 
41110	7.978972507630928e-01	2.610704569430419e-01	2.470390895600613e-01	8.955075409708114e-01	6.612795263814178e-01	3.604288675638050e-01 
41111	3.188940264838254e-01	6.987273472821002e-01	3.000554061960687e-01	6.380005914894866e-01	4.722730989904483e-01	8.140699266521586e-01 
41112	2.216753560219311e-01	2.572664563810762e-01	5.294529923840673e-01	7.233661388621507e-01	8.898552469396289e-01	1.368435975801403e-01 
41113	9.694580952494676e-01	6.021947276788739e-02	6.850431108311951e-01	5.883311171030305e-01	4.633454663973979e-01	1.288706004288376e-01 
41114	4.004485944288078e-01	7.442331019529296e-01	7.791791301123701e-01	3.737254880246360e-01	3.759530025422354e-01	7.561990938876751e-01 
41115	7.360466652251997e-01	1.738502528396669e-01	1.726955036505570e-02	9.830857552509223e-01	6.935779334481702e-02	6.785490767464736e-01 
41116	3.435146223490660e-01	3.882518198286424e-01	3.772764235629125e-01	6.435700285451347e-01	2.625241131812912e-02	8.495495225533608e-01 
41117	4.576399547316320e-01	2.479277673400602e-01	1.068159784687757e-01	9.870929471156993e-01	9.712939062022110e-01	9.966712254084047e-01 
41118	1.239365446958395e-01	9.407520009860173e-01	5.689069771063081e-02	8.089796555270347e-01	5.290831180890477e-01	5.202361645736900e-01 
41119	9.378502559558722e-01	9.295317125178556e-01	2.644692660609583e-01	7.170293856025810e-01	3.032572000768302e-01	6.404222686031937e-01 
41120	4.732284794902561e-01	3.930386530202994e-02	8.142725214428606e-01	4.904980298553119e-01	2.238962008729094e-02	8.836303147876776e-01 
41121	1.690471066017855e-01	3.659042424363569e-01	2.718821346163201e-01	5.463235301646979e-01	9.474270515830382e-03	2.981345459344492e-01 
41122	3.958730527180587e-01	4.671142252474624e-01	5.460623132745094e-01	5.026890311868345e-01	4.542071723631617e-01	5.173562190110591e-01 
41123	4.993602565952391e-01	5.781437170590012e-01	4.581082199970764e-01	5.562509543058700e-01	3.871233721203745e-01	9.871913380861242e-01 
41124	7.648711841389869e-02	3.249736276105855e-01	9.167230501383185e-01	3.409563849405182e-01	4.200301274750522e-02	2.199802497494874e-01 
41125	9.813786535437119e-01	5.152314922377614e-01	2.592841150515173e-01	7.956511749865726e-01	5.729522093073243e-03	2.816737351388083e-01 
41126	6.792814893085889e-01	1.747766286948587e-01	6.475779775751652e-01	9.511636239249089e-01	7.211001588595566e-01	6.570522480909956e-01 
41127	2.492981693936969e-01	1.169732111119541e-01	1.241664733384580e-01	7.953604826682064e-01	6.196622427644498e-01	5.783736457016196e-01 
41128	3.127167016792655e-01	1.190224988940277e-01	1.565173622949595e-01	7.708249216763419e-01	6.752734531998976e-01	5.436407344153341e-01 
41129	7.580162592968048e-01	7.517605720794576e-01	8.686143620259196e-01	6.747393089694620e-01	9.271695655431457e-02	9.106173747734247e-01 
41130	8.947195587189494e-01	7.409560963236522e-02	4.258488670111861e-01	1.540036737704667e-01	8.697467846189377e-01	4.315783891042594e-01 
41131	4.356774089092749e-01	5.490282739275266e-01	6.063550177991180e-01	8.325538648444013e-02	5.001918973867744e-01	3.274551761930134e-01 
41132	7.403076345754357e-01	7.494900672461325e-01	4.444283877706288e-01	8.644741079138937e-01	5.448505494486776e-01	6.409063006941725e-02 
41133	4.428477531498520e-01	8.575672511279431e-01	1.831131289634449e-01	5.993651154448116e-01	6.283921723386237e-01	8.583865821633425e-01 
41134	1.430058493944844e-01	3.864084311697671e-01	6.101471537771389e-01	1.162021095474261e-02	6.114773967356781e-02	7.028641103314535e-01 
41135	9.222375861938287e-01	9.558672988581784e-01	7.769597204294799e-01	3.480864527393535e-01	1.098709721629838e-01	6.467065045827565e-01 
41136	7.796648418436128e-01	5.455483810722588e-01	1.957347780446218e-01	3.860198591770697e-01	6.288037675566989e-01	6.959266758970575e-01 
41137	7.134750353700831e-01	3.691114021321346e-01	4.454167426775287e-01	1.579034226750505e-01	2.335855095803670e-01	9.902672921262063e-01 
41138	2.219940527444678e-01	6.764332631958804e-01	8.478345432541494e-01	4.051071817079127e-01	2.757983781750306e-01	4.762267151271117e-01 
41139	2.634937638712552e-01	4.188042280351763e-01	8.626351467625402e-01	8.736409176483941e-01	4.304244389899189e-01	9.237828864361080e-01 
41140	5.765050279798475e-01	3.526620247180862e-01	8.796501848286251e-01	3.534647479436662e-01	7.007484774574397e-01	9.895211569916090e-01 
41141	1.712520607613270e-04	4.804133188353913e-01	5.350695380638677e-01	1.959060305710444e-01	8.664331780124610e-01	1.638733051549053e-01 
41142	8.918327064681019e-01	5.799082133825441e-01	5.329847072870399e-01	3.372494486799694e-01	7.378116360575946e-01	7.665702173330683e-01 
41143	3.275167403405145e-01	9.598056892677237e-01	4.430034800632873e-01	1.753512831290026e-01	3.649128705099751e-01	7.188018582383180e-01 
41144	6.515779987217756e-01	6.284066343812302e-01	1.376060858078329e-01	5.142131450186544e-01	5.020475520296244e-01	5.680305252634131e-01 
41145	4.379960309891012e-01	7.855257954381061e-02	9.206925499814993e-01	3.176462158177263e-01	4.320173274874768e-01	6.214410274389391e-01 
41146	3.071673723436740e-01	4.321885795482381e-01	1.018543458086692e-01	8.422369104075418e-01	6.280946101192826e-01	9.682875242867914e-01 
41147	6.110215562447075e-03	5.199273161217232e-01	5.481957372036743e-01	5.390949228494870e-01	8.571767648016926e-01	2.860073727956076e-01 
41148	3.056651397168940e-01	1.846935051422070e-01	2.458130615976700e-01	7.486686197801813e-01	3.600447882712096e-01	6.107259325733063e-01 
41149	4.674704780184992e-01	1.162278652732390e-02	2.391325664888753e-01	6.050765638263321e-01	5.258359315459784e-01	7.411801185184997e-01 
41150	1.731070886240839e-01	9.638319630007408e-01	8.197326980623103e-01	9.379963860558330e-02	2.814781783528059e-01	2.517500250841258e-01 
41151	7.152406660445224e-01	5.886455506964798e-01	6.839386050980252e-01	8.170950118531916e-01	4.308824611040216e-01	3.120332147516465e-01 
41152	7.853825356743217e-01	4.369926766664687e-01	8.319605313390309e-01	3.335782724123347e-01	9.760875995159557e-01	6.891372956750622e-01 
41153	6.195856456736036e-01	2.817527392328497e-01	8.738308008172693e-01	8.653987072712735e-01	3.042135854736965e-02	2.338755890884789e-01 
41154	4.761246393789186e-01	4.978918365658688e-01	2.454983756158028e-01	7.152572063334552e-01	1.029684003922010e-01	7.713343076274425e-01 
41155	4.564373243862937e-01	2.760754890162849e-01	7.351662701625220e-01	2.761700224486040e-01	3.698751276218682e-01	1.664444804966657e-02 
41156	5.279200475327298e-01	8.511579320072932e-02	6.052899987461464e-01	2.118586521650938e-01	9.022108055195821e-01	3.617245938450678e-02 
41157	5.238918673824016e-01	6.875933407282425e-01	4.731651360509755e-01	3.558523982557712e-01	2.117161314057727e-02	4.492527355669312e-01 
41158	4.498969346517217e-02	6.407572588141809e-01	7.310054747997808e-01	9.188204947481027e-01	5.061559656197931e-01	7.614268333471506e-01 
41159	1.526960833709203e-01	9.822806054643730e-01	2.593186699130194e-01	3.981944589867231e-01	6.975378113321671e-01	3.622870703052203e-01 
41160	1.695287661485042e-01	1.539751352527994e-01	6.383625593215053e-01	9.046950363110262e-01	4.301451577014034e-01	8.237686943373497e-03 
41161	9.213394843606928e-01	9.580652056997946e-01	9.335348014410282e-02	5.266294831068392e-01	1.699238573992270e-01	9.955642856636849e-01 
41162	5.628019424913460e-01	6.938157247816286e-01	6.831576263919276e-01	3.596707854232149e-02	4.966812257173849e-02	7.043292395325048e-01 
41163	4.852198141092527e-01	9.465781650257195e-02	3.450864978810244e-01	2.162252884433722e-01	1.347831078501340e-02	8.512424635008176e-01 
41164	9.776521217905227e-01	1.661743941559337e-01	8.335230684995293e-01	2.369707912378808e-01	5.643688531426568e-01	5.310608793660351e-01 
41165	5.992578615431012e-01	7.338976197568223e-01	6.850360150844957e-01	2.376204208646065e-01	6.385926556021873e-01	1.151811723202379e-01 
41166	2.458581078079800e-01	5.599321399628800e-01	7.324637755437120e-02	3.392115879520828e-01	8.656162260405795e-02	2.431702354192595e-01 
41167	3.347758736157678e-01	6.493635650954039e-01	9.369859602008881e-01	1.793349954203400e-02	6.853306436377254e-01	9.866540832382878e-01 
41168	7.222627390745388e-01	1.705504572813168e-01	8.131189927519854e-02	6.734923648990189e-02	3.867757457246891e-01	9.479021006021193e-02 
41169	9.185916999907194e-01	3.644278675152119e-01	2.609646042161456e-01	7.521147684902487e-01	6.013986587530927e-01	8.253334573588024e-01 
41170	2.831756473906225e-01	2.006565202961939e-01	5.592310766499634e-01	9.682116624751183e-01	4.382769411608003e-01	1.978237322521506e-01 
41171	8.339283479535618e-02	6.841350489687803e-01	7.577558722150306e-01	1.566392123497274e-01	2.334663645520184e-02	8.443174948190886e-01 
41172	3.998094477689869e-01	3.581225100709696e-01	4.936810594488313e-01	3.367954079698750e-01	3.760560096130036e-01	1.790117030865567e-01 
41173	3.234494907425016e-01	9.831874822188111e-02	3.495621603678736e-01	4.047613900177001e-01	1.656679847117830e-01	7.363379065582240e-01 
41174	4.995516000779121e-01	8.425968470250242e-02	1.007657736077745e-01	7.605162042940576e-01	8.363744531927512e-01	7.021644323608672e-01 
41175	5.858496611871988e-01	1.195501001177123e-01	9.028209526570612e-01	1.450807378371622e-01	8.776176259283058e-02	3.410978933522003e-01 
41176	3.429044700893129e-01	1.711545973881868e-01	2.523294185531928e-02	1.006603418386822e-01	3.277938097379142e-01	4.857957877618241e-02 
41177	9.449778366577708e-01	7.276032579725623e-01	4.067020888471520e-01	4.386588956409408e-01	6.439866547677604e-02	7.827580989258168e-01 
41178	6.176705987274975e-01	3.878481562192776e-01	8.810768471476980e-01	9.672327595610324e-01	7.926095462369777e-01	4.674483185948098e-02 
41179	7.035706656535951e-01	2.921611458492284e-01	1.310045165619834e-01	8.043364392613697e-01	5.267734967762481e-02	9.673789697547345e-01 
41180	5.065008711565756e-01	6.385270108648236e-01	8.692906940678558e-02	4.093218238136367e-01	7.836077487019858e-01	1.746908319996162e-01 
41181	7.504197171658369e-01	1.265122183256374e-01	3.458454293878029e-01	7.756526594868175e-01	2.271725601643196e-01	6.736392395913784e-01 
41182	8.242322382630000e-01	1.721503963564291e-01	4.012424970982794e-01	2.309343266444906e-01	6.108092924630313e-01	4.656411625750554e-01 
41183	1.369242510464621e-02	2.284798907248675e-01	8.534893187943331e-01	8.947692727180054e-01	1.957126498202386e-01	6.460988645656495e-01 
41184	9.415141045774864e-01	8.992833154738338e-01	9.382600104148779e-01	7.251862067380856e-02	7.036197542695420e-01	9.909373600925028e-01 
41185	3.989758996288180e-02	2.101206254261176e-01	6.294643704916650e-01	1.268266593696674e-01	6.194424492397543e-01	4.130721191936508e-01 
41186	3.015174918349448e-01	3.698621659399300e-01	5.395843375192882e-01	6.473629212227477e-01	1.455148249610862e-01	7.667568981492692e-01 
41187	3.210021603484648e-01	9.697470632240861e-01	9.389072945056983e-01	7.222446574467443e-01	2.006813898685767e-01	5.497165865030682e-01 
41188	1.878858195561384e-01	2.143738149732229e-01	7.781964776935971e-01	4.137513788481017e-02	1.091430872255671e-01	9.739091275138357e-01 
41189	6.874740024504596e-01	5.065719133739229e-02	8.731924429876695e-01	6.257340123996763e-01	1.231758120112008e-01	5.768121967915503e-01 
41190	6.166713720265177e-01	1.630734019740827e-01	7.869328222176678e-01	2.461357425181827e-01	2.899000618094113e-01	4.063752709917609e-01 
41191	6.592078617118335e-01	5.914175536443561e-01	7.762374373973522e-01	1.987921987654605e-01	2.387804744014426e-01	9.217522623584383e-01 
41192	9.655490969147296e-01	5.597826352155687e-01	8.914993255825244e-01	9.044563914204279e-01	2.820272921966516e-01	9.218071498543989e-02 
41193	4.541729774578349e-01	4.699131122184513e-01	3.065545299586628e-01	2.323694546857707e-01	5.112882501032614e-01	4.156976176498912e-01 
41194	2.062785821996064e-01	1.987622525537211e-01	4.663548089872835e-01	7.947102472161456e-02	8.244962649533973e-01	5.895306214641457e-01 
41195	6.562832215131648e-01	4.411676369799150e-01	7.526040234382283e-01	4.432160437308327e-01	6.873033794980977e-01	4.250408478197832e-02 
41196	8.495913147225935e-01	3.465112407442700e-01	6.339216384263344e-01	6.258287516542844e-01	5.453034395097305e-01	8.727021132934383e-01 
41197	5.475810140127227e-01	5.108525364244602e-01	4.324847480433456e-01	4.390803391295859e-01	4.153089273792268e-01	7.145120402399973e-01 
41198	5.312610541150258e-01	8.694819048370616e-01	1.844251519927872e-01	8.378155840736886e-01	1.018513595228323e-01	6.957134025617100e-01 
41199	2.535132012579186e-01	3.081299417224386e-01	8.944756551154310e-01	7.198680107108634e-01	3.876009664440532e-01	7.189719196031671e-01 
41200	3.093986317093478e-01	4.388418749155672e-02	1.601395561174208e-01	6.200265468191479e-02	4.871002312223894e-01	8.474429356155185e-01 
