26001	5.461019210266423e-01	8.530538905659010e-02	1.521770884991517e-01	4.971584167783887e-02	4.545315264046804e-02	2.289566175215676e-01 
26002	3.004533240108068e-01	3.853850687785936e-01	6.361206484195406e-01	6.177371030755979e-01	1.203917777726388e-01	9.460232294844572e-01 
26003	1.075170608738051e-01	2.582530860129060e-01	1.900268090842417e-01	5.218582188346694e-01	3.635755755768975e-01	4.816788288213680e-01 
26004	2.103236500221880e-01	7.081628473047925e-01	3.477658794018281e-01	8.551831747662197e-01	8.601302098762850e-02	3.166443776882460e-01 
26005	3.725659620820386e-01	1.970458227195990e-01	7.615159511386956e-01	4.248637926880567e-01	6.528530398629853e-01	5.584141605340011e-01 
26006	2.379563777884265e-01	1.989549604239664e-01	6.437195495905911e-01	3.901334662875782e-01	2.486708025674665e-01	6.891727026967205e-01 
26007	6.190900838091458e-01	5.491241265782734e-01	7.455777100965277e-02	2.552107317630252e-01	1.668612291882100e-01	1.949495487822916e-01 
26008	2.012339612474823e-01	2.743782900620151e-01	4.532026347951976e-01	3.912607703317240e-01	7.962365093623458e-01	8.167782103720951e-01 
26009	8.729395991530919e-01	6.560158918872550e-03	5.249410576768876e-01	2.207054785549200e-01	8.617433336850924e-01	6.109540786645161e-01 
26010	5.373498562431661e-01	2.343092953014697e-01	8.079999013841151e-01	2.988658073818617e-01	6.591730879895263e-01	4.608529407814392e-01 
26011	8.572799679158628e-01	8.971294657779529e-01	6.598079016710668e-01	5.009995170407926e-01	2.872629320655311e-01	9.084787042385334e-01 
26012	1.901722192718518e-01	9.063530158746769e-01	4.576028303511454e-01	2.647299902815046e-01	1.615637476377020e-01	6.244640595393554e-01 
26013	4.596795390637962e-01	3.627977088851844e-01	8.988423500670317e-01	9.128821743246550e-01	7.540584792169083e-01	6.950788589637162e-01 
26014	7.296603842310888e-01	6.269980783700003e-01	7.016390178825888e-01	2.546014414423152e-01	8.477035569249203e-01	5.633823511020198e-01 
26015	8.655555201068313e-01	3.850534127024251e-01	7.976916464034894e-01	6.735554210252852e-01	6.839192200842868e-01	4.568647339273545e-01 
26016	1.344083618067244e-01	5.411991875344884e-01	3.539941997053075e-01	7.942162634777912e-01	4.219870457528099e-02	6.412571317708385e-01 
26017	7.026949672506633e-01	2.323709238471328e-01	5.476101471798541e-01	1.602977971361474e-01	4.971009145942987e-01	7.091738948175562e-01 
26018	7.847618566755028e-01	9.567804536580948e-01	7.197160323707927e-02	6.836042062768732e-01	8.696626275170886e-01	8.260300829196489e-01 
26019	3.786830647749282e-01	5.993230117481775e-01	4.530281608239879e-01	8.032208219185569e-02	8.539244531904927e-01	3.007317172832469e-01 
26020	6.437044332938755e-01	7.194799732973240e-01	6.857851299856720e-01	4.413960792317037e-01	3.930353938569480e-01	3.697043500699589e-01 
26021	8.982608136247195e-01	5.274437556636723e-01	9.109035376044472e-01	2.522550128643657e-01	3.216600186758023e-01	9.531022421797283e-01 
26022	8.935121446352043e-01	2.435498546080430e-02	1.854731660268610e-01	4.411222913493972e-01	1.846527825969517e-01	6.825740806211597e-01 
26023	1.502961861669534e-01	9.694146397381158e-01	6.393545338135932e-01	2.222677894040327e-01	6.530188455493278e-01	5.090171613306819e-01 
26024	4.829787185802025e-02	3.170191032425589e-02	1.083401726131980e-01	5.013260326820081e-01	1.120239925161116e-01	9.622646258036907e-01 
26025	8.020577499652550e-01	7.557284262756484e-01	6.817445986353534e-01	4.878428799509271e-01	1.971245050416908e-01	7.477999249230138e-02 
26026	8.575472300208860e-01	9.538531820074903e-02	6.022237481559737e-01	7.684507671596719e-01	3.476403310651147e-01	9.238837672974373e-01 
26027	7.215530093394001e-01	2.411524752346577e-01	9.482387527582417e-01	9.070261753662612e-01	6.822747670497162e-01	1.328915353551933e-01 
26028	5.896002555217595e-01	8.325709532166696e-01	1.023061746276478e-01	2.289547888696915e-01	5.483874215504096e-02	7.553250201769756e-01 
26029	7.379719502003733e-01	1.031366144787225e-01	7.870269305012314e-01	8.463121228135713e-01	6.044626471607306e-01	8.990509234830043e-01 
26030	8.085767486172620e-01	4.065203971259856e-01	6.547793492929914e-01	4.903213467869542e-01	8.943632770769127e-01	8.519038543346822e-01 
26031	5.651013392792555e-01	7.519105066321373e-01	9.472891730010925e-01	1.673250874352293e-01	5.203612733261479e-01	2.949295036005459e-01 
26032	9.120885426700527e-02	2.419142821998868e-01	5.360819793008650e-01	3.944760655958560e-02	1.489404571004866e-01	2.183567458849199e-01 
26033	1.723391419147789e-01	7.385407126222461e-01	5.092769863592819e-02	2.746453165424267e-01	9.674955019575988e-01	1.057664407909692e-01 
26034	2.997033671940227e-02	7.054674516923108e-01	2.089030552696917e-01	8.169972672206337e-01	5.517795745058821e-01	8.133657028960836e-01 
26035	7.160481902379767e-01	3.603563226574829e-01	2.198860995564079e-01	3.708275390653068e-01	8.506776694444370e-01	1.142493761676594e-01 
26036	2.227313933999890e-01	4.157790087236925e-01	8.661598827997967e-01	1.700205659354201e-01	5.831040961589218e-01	3.865211556602833e-01 
26037	4.649500695359661e-01	6.743129504259271e-01	6.284354383258314e-01	1.032048371169739e-03	7.137605569855127e-01	7.773758954263180e-01 
26038	2.193887942560896e-01	8.860996993659529e-01	5.159166080485641e-01	2.703164928920178e-01	1.607450154427183e-01	4.834121095405017e-01 
26039	3.760829341486482e-01	1.907153521621206e-01	1.888795607671512e-01	5.849859894183399e-01	7.712619382754257e-03	7.406591352730334e-01 
26040	3.983516918487622e-01	7.237608096207310e-01	1.010154574648549e-01	6.182377914051701e-01	9.458834868603774e-02	9.516931273749532e-01 
26041	7.324871675728295e-01	3.173197420860267e-01	3.674721356329844e-01	5.986470499069649e-01	4.873403080214468e-01	9.505762317919062e-01 
26042	9.851682060329096e-01	9.522903775574129e-01	6.248891817521719e-01	6.136036438930796e-01	9.533224263942439e-01	3.386497382720233e-01 
26043	3.909795388537364e-01	1.727112201846722e-01	2.247494371723148e-01	9.068961469023005e-01	4.430277135423514e-01	3.854944530806944e-01 
26044	3.903082559771409e-01	8.191106476909996e-01	5.762098052428150e-01	5.791878172099534e-01	4.040966366436782e-01	5.839224246255692e-01 
26045	3.198469520173254e-01	8.024483289581017e-01	3.076832342463002e-01	4.208624099478416e-01	4.206861198976106e-01	4.022715829323379e-01 
26046	3.725555368571335e-01	1.531732874704400e-01	7.195913250183646e-01	7.400276724901179e-01	7.518203373774049e-01	2.069316325741502e-01 
26047	6.906039038163628e-01	7.369885429446532e-01	1.592220096659018e-01	3.154930851028734e-01	3.505921863720716e-01	1.125444355944844e-01 
26048	6.541428233748967e-01	7.415717256914692e-01	2.852556562448180e-01	8.788922610128728e-01	6.484678721281084e-01	7.282833697871693e-01 
26049	2.643867136279059e-01	3.877612810524932e-02	5.473940170125077e-01	8.405965188707208e-01	6.179639453152027e-01	9.514906536561859e-01 
26050	4.245189434962901e-01	9.378108973325281e-01	7.539389821486263e-01	7.322021777425903e-01	3.586733068147084e-01	1.746251020462369e-01 
26051	1.344737602092669e-01	7.312288436718419e-01	3.277983895166769e-01	8.540650852276316e-01	4.712565156962986e-01	7.961872642842062e-02 
26052	6.099671733612042e-02	1.618604190470001e-01	8.166072698387351e-01	2.202187270020222e-01	4.773535041498735e-01	1.671994557451454e-01 
26053	3.327631630621679e-01	1.314963275247702e-01	9.087711814366147e-01	6.180188193069859e-01	1.038858807198172e-02	5.572390535647231e-01 
26054	3.463021886284939e-01	2.747753016998876e-01	5.960151816699725e-01	8.936962056410016e-01	1.153718201049472e-01	2.139791265195138e-01 
26055	8.451868588315262e-01	5.398907636012373e-01	1.517900233863806e-01	5.991258409801525e-01	2.720929408781663e-01	5.104633306667503e-01 
26056	7.737509430263895e-01	4.065667010874333e-01	2.416921738729310e-01	1.015493320774051e-01	2.606317858494035e-01	7.129486900348909e-01 
26057	1.811680585058257e-01	3.216285031855239e-01	8.748091090818909e-01	9.977753283445608e-01	5.418472306532074e-01	3.521626132317645e-01 
26058	1.649747840897063e-01	8.746103937153753e-01	4.836589407565346e-01	7.374596506065967e-02	4.926292125566998e-01	4.940475288285164e-01 
26059	6.309850186253828e-01	8.389314011851937e-01	7.688228305284041e-01	2.270001998296940e-01	7.326276063605340e-01	8.841946506333512e-01 
26060	4.409793263492078e-01	5.778144647263990e-01	4.240854142345886e-01	5.927693502012498e-01	1.769403052408902e-01	6.961783551127549e-01 
26061	1.032326804023388e-01	9.506912482672796e-01	1.027450562001881e-01	3.449248542752698e-01	5.224057987902340e-02	3.633768420495916e-01 
26062	5.787354384449941e-02	2.334086388505104e-01	6.850053457007769e-01	9.326826533920517e-01	2.311839667294100e-01	2.268525758883229e-01 
26063	2.848452661581548e-01	3.961587508191162e-01	1.014629691380369e-01	7.685042069146895e-01	4.699047163454372e-01	5.940921816947368e-01 
26064	2.625517352775446e-01	1.008897345051587e-01	4.330235824142692e-01	3.137456534028731e-02	3.278899348005140e-01	1.656511883091420e-01 
26065	9.155692159736386e-01	7.688692611497218e-01	7.434656530355409e-01	3.396546297425659e-01	3.616386108853103e-01	9.204059587420923e-01 
26066	3.583298485532076e-02	4.648712912876491e-01	8.710972065437106e-01	1.385780410555089e-01	8.097961460285802e-01	9.233377868883953e-01 
26067	5.019548831051005e-01	8.676696898730796e-01	1.567464252732445e-01	1.869602283402161e-01	8.003523427994700e-01	3.879303920026544e-01 
26068	4.138128042285390e-01	8.519760849196352e-02	7.840891432874320e-01	5.152757733665759e-01	8.537018154066530e-01	2.539938591672079e-01 
26069	1.093679545956515e-01	1.162535502185363e-01	3.548835936723666e-01	5.423915370099207e-01	1.476281155588236e-01	6.827735284728806e-01 
26070	7.080427253190626e-01	6.319733153246219e-02	4.516427896226024e-01	4.515083783546036e-01	4.028519612750280e-01	8.132814005079126e-01 
26071	3.719143366310347e-01	4.386849461303488e-01	2.781526917955618e-01	2.430115427090840e-01	5.772629871858577e-01	8.794883735848071e-02 
26072	1.663493291318181e-01	7.921787029095827e-02	9.556185272315604e-01	3.230957544050626e-01	2.661780986311744e-01	7.559708700310304e-01 
26073	7.110261468733783e-01	6.799909033253747e-01	8.411684785229938e-01	4.951152896951490e-01	1.952666762262893e-01	6.948702939296468e-01 
26074	7.491091488623568e-01	3.046346312876021e-01	8.111238441481832e-01	1.039927420690622e-01	8.470261682975228e-01	9.587519601726681e-01 
26075	7.867662710076041e-01	5.550688936165855e-01	2.194929123946898e-02	2.384090601645452e-01	6.577271505527791e-03	4.248012525144970e-01 
26076	5.169046020679663e-02	3.784916081365625e-01	8.634861991105072e-01	3.298431520023584e-01	6.215031508456464e-01	4.407491858307035e-01 
26077	4.177919893608391e-01	7.878524804431258e-01	5.199670561216618e-01	3.734105165923994e-01	1.109482343825271e-01	7.861451552184975e-01 
26078	1.293813861577685e-01	8.219743812559053e-01	4.661360580782108e-01	9.705498646807623e-01	3.170896704853930e-01	6.614027343045001e-01 
26079	6.654201581447479e-01	6.619881888208856e-02	9.660373655921022e-01	4.765440022929311e-01	1.701915614168120e-01	8.130635338896250e-01 
26080	4.352959619999379e-01	9.569578324244161e-01	3.681324270405492e-01	4.572452532394068e-01	1.953668921233001e-01	3.747096985460770e-01 
26081	8.820465057539039e-01	2.470573523300967e-01	7.532013066826394e-01	7.455327043987497e-01	5.769005047981164e-01	3.747044570626246e-01 
26082	1.862818902294533e-01	9.946924941589556e-01	1.625569370400891e-01	7.062489463511151e-01	3.681030102856937e-01	2.735051718882775e-01 
26083	4.923941011039513e-01	4.974843964434622e-01	9.547955267852151e-02	9.585301591821621e-01	4.680342611242245e-01	4.125692236295758e-01 
26084	6.199328934866623e-01	1.334544188033112e-01	4.787680425116643e-01	5.859702586131031e-01	6.099984210962422e-01	6.489596039284764e-01 
26085	3.990337920370669e-01	4.529438263051882e-02	6.059174358872312e-01	7.671662190776161e-01	5.025396358699257e-01	8.012843280105313e-01 
26086	1.418759171580318e-01	3.845861416238295e-01	4.834168034062799e-02	8.950772238406712e-01	1.301188455569180e-01	6.252421851387444e-01 
26087	2.697816809032959e-01	3.164007357863713e-01	6.199346788320387e-01	4.323386179433850e-01	2.264968213748638e-02	9.880376895833936e-01 
26088	7.058437898316624e-01	5.150437832414376e-01	4.855220855611945e-01	8.013233429758453e-01	4.735739424235997e-01	9.535563466854190e-01 
26089	2.138925661397598e-01	9.350683544460071e-02	8.701076548873017e-02	6.926606086514241e-01	6.794770940577038e-01	6.970091865849724e-01 
26090	3.416202125799005e-01	7.851088609477080e-02	7.423035696811525e-01	9.475376484671317e-01	8.456771051723869e-01	2.448432050854169e-01 
26091	7.488219764776630e-01	9.875530227960800e-01	6.294293467092464e-01	7.971636568182910e-01	8.826302461710900e-01	7.595481927318257e-01 
26092	4.224058414913741e-01	1.524119266087245e-01	7.594892805253571e-02	4.234051985775145e-02	5.847505450177708e-01	9.859861019002208e-02 
26093	3.037820897548376e-02	2.905943343837719e-01	6.136423938971211e-01	5.159002950023396e-01	9.191767689395587e-02	8.721633585505949e-02 
26094	4.694566412220973e-01	3.058102430337156e-01	1.807231712996602e-01	5.564674067108274e-01	9.984708521508010e-01	8.602002653573640e-01 
26095	2.534765932957999e-01	3.400910642650403e-01	9.387111514521349e-01	9.957801629769524e-01	2.876287122665107e-01	7.843882566245218e-01 
26096	2.406233675967079e-01	3.645068827851242e-02	7.719412789549405e-01	8.700527147716157e-01	8.336143450968034e-01	6.545715246603692e-01 
26097	6.296009070377802e-01	2.560201861225163e-01	8.069834517347549e-01	7.055498350903158e-01	2.983607064459290e-01	3.917339962868644e-01 
26098	8.041484457459992e-01	3.287389154214128e-01	6.823283306706363e-01	4.177908391774590e-01	8.446392104237523e-01	7.742460080302535e-01 
26099	5.050071750325185e-01	3.140958516458496e-01	8.005625059830782e-02	6.857303463321787e-01	8.705632583566770e-01	7.852710228344756e-02 
26100	5.459306112238814e-01	1.240398511868156e-01	4.186181665484878e-01	4.846417626760163e-01	1.198200136981066e-01	7.062468792806598e-01 
26101	2.690300188348768e-01	3.604433817604759e-01	7.426975675591722e-01	4.097129732415606e-02	2.304960960664303e-01	5.763119126559756e-01 
26102	6.955428219845252e-01	8.600970031042103e-01	8.323320987784919e-01	5.025262732536189e-01	5.656468377288649e-01	1.306928047587596e-01 
26103	8.942602695404832e-01	3.697952830092028e-01	4.594317206458337e-01	5.765886002111196e-01	7.875861221866618e-01	3.040709306039246e-01 
26104	3.508346077757117e-01	2.925932967535189e-01	6.181667822497742e-01	4.308908583740196e-01	9.783236430856975e-01	4.887300406064513e-01 
26105	5.094179611231284e-01	5.242542543095789e-01	6.127698917932668e-01	9.280361276716163e-01	8.896016519933946e-03	7.325899059570348e-01 
26106	6.342830064866147e-01	2.779260353548108e-01	9.303328725184933e-02	3.769805740457869e-01	3.188973326789669e-01	3.235293833182796e-01 
26107	9.532924867017625e-01	1.444015419783078e-02	1.836263859568287e-01	7.856245850145931e-01	5.169664279171109e-01	7.492732236856936e-01 
26108	9.163173902390140e-01	4.112266969919329e-01	1.190685066948964e-01	3.757491104191863e-01	9.878152972030525e-01	9.066546288815581e-01 
26109	6.798200410231110e-01	3.386499045131029e-01	1.992479256350770e-01	2.979868232728852e-01	7.695407633527838e-01	1.775715682551132e-01 
26110	7.867168638793365e-01	2.789587240102508e-01	7.018258225646922e-01	3.994867552069420e-01	2.069948512162058e-01	7.107218390846261e-01 
26111	1.320766606983154e-01	8.412778581684818e-01	9.886478744394369e-01	2.251099479501648e-01	2.182584317486074e-01	3.075452066527424e-01 
26112	5.486393312684443e-01	1.715509179847086e-01	3.219853613162345e-01	7.322657172252730e-01	9.571755029993018e-01	8.389517892333455e-01 
26113	4.815389409109666e-01	8.734928927726545e-01	2.501784857596170e-01	6.006074476058629e-01	2.492420027261796e-01	2.379937829626695e-01 
26114	5.072620760217598e-01	9.290620442149519e-01	5.766436874757724e-01	7.065100016568369e-01	2.270488670221757e-01	3.461844503628949e-01 
26115	8.840815703776114e-01	1.376573043585090e-02	6.251431743731458e-01	5.859073924766423e-01	4.132524856427929e-01	8.321380260550129e-01 
26116	2.966292315612683e-01	5.453291468067696e-01	6.734158837578333e-01	2.852771055350439e-01	7.704390947569344e-01	8.916743155064407e-01 
26117	5.928223126534476e-01	3.190784260253787e-01	6.322523302548809e-02	9.148076739696821e-01	5.134414278499044e-02	2.040073555912857e-02 
26118	7.537594627373663e-01	5.328830836959570e-01	8.938936287974444e-01	3.937948031322075e-03	1.334905308361587e-01	1.431356310579626e-01 
26119	2.419317309939916e-01	6.407526073235797e-01	7.219767480725314e-02	8.185754189354253e-01	3.472626085147553e-01	2.992465418294289e-01 
26120	1.647598688326589e-01	2.313441784267054e-01	3.130122722652798e-01	7.899030436714659e-01	8.172515713690089e-01	7.262647583737339e-01 
26121	6.220410692608175e-01	1.138808024646159e-01	2.715939047148423e-01	2.954569525529896e-01	3.991579079996598e-01	4.203299900611537e-02 
26122	1.871312675937690e-01	9.919802206531075e-01	3.611114250314941e-01	2.503565006192571e-01	9.067878941571283e-01	4.124555682821458e-01 
26123	2.707572361783857e-01	6.605473564288333e-01	9.453386519781029e-01	1.646508645101687e-01	6.644853049258167e-01	7.882918281426149e-02 
26124	3.077864960337926e-01	9.064170359198084e-01	7.195817901378413e-01	3.799841708410457e-01	7.249924543895724e-01	6.684439818693530e-02 
26125	6.792307131361359e-01	8.897523236878926e-01	2.981885770793020e-01	9.922429854014158e-01	6.796553668936972e-01	1.154401479826496e-01 
26126	7.185077433094884e-01	3.016964356888535e-01	2.293209504472655e-01	9.901016480243306e-01	5.971533882418431e-01	6.284788584469253e-01 
26127	3.213464703044605e-02	7.842846558356120e-01	6.204590791000328e-01	3.932460720619401e-01	3.464115598920787e-02	5.272469727914999e-01 
26128	8.057016403440860e-01	3.053983921675935e-01	1.877943292203333e-01	7.510402923221887e-01	4.700492571434235e-01	8.522796341461500e-01 
26129	8.298694751364503e-01	7.778357531772162e-01	7.586966696002970e-01	5.494512648086303e-01	1.578199235526006e-01	4.836891239898694e-01 
26130	6.162956629955655e-01	8.370506366887366e-01	3.734414472121007e-01	9.144842400748675e-01	8.292936220901523e-01	5.309681364013665e-02 
26131	2.992438759185578e-02	5.478013649339794e-01	3.547932493289901e-01	2.592453380391213e-01	5.379030129583101e-01	9.519466375708332e-01 
26132	8.877241969517079e-01	5.700376599887561e-01	7.362312929407839e-01	5.081832755860795e-01	9.632837320506963e-01	7.708724489299917e-01 
26133	3.543024791191809e-02	7.689853723947822e-01	7.627084063192403e-02	2.232245771322514e-01	5.200256642513097e-01	5.463200977753476e-01 
26134	7.550421081274013e-02	3.498951389220986e-01	3.241558504869024e-01	8.342008808786985e-01	8.993464037307288e-01	4.819757745051644e-01 
26135	3.178900044029067e-01	5.156420662606331e-01	3.190264107282397e-01	6.913314516150073e-01	4.301263063355006e-01	1.483200323527306e-01 
26136	7.444282652551439e-01	4.600506939273564e-01	6.961213977523714e-01	9.922151411847283e-02	7.192960324321389e-01	2.340244102450201e-01 
26137	5.116815122364469e-02	6.070202289181855e-01	8.040620702337763e-01	7.873994441644286e-01	1.152035040386037e-01	7.673458018188113e-01 
26138	5.582718926287591e-01	1.506337519505218e-01	5.363311737479322e-01	6.345427332606831e-01	3.738583295484345e-01	5.635683753358053e-02 
26139	1.808628310360307e-01	4.493625403611746e-01	4.062519764556792e-01	5.050186815229332e-01	2.835634207742118e-01	3.055983797207467e-01 
26140	9.869944560280975e-01	6.014534251771185e-01	8.212404464470411e-01	3.060208667563372e-01	2.927848763264645e-01	2.513667523168804e-01 
26141	4.543408991090678e-01	3.721314111594723e-02	7.114174462442368e-01	1.504622963957779e-01	1.364346552344201e-01	4.307134782107144e-01 
26142	3.844867066407980e-01	1.876028064580647e-01	3.773370666323868e-02	1.885487764089130e-01	9.750022506224933e-01	1.529372107018424e-01 
26143	9.558945786933855e-01	5.332741427855912e-01	3.035709631180256e-01	4.922257519756564e-01	1.678168760462743e-01	6.774292926664600e-01 
26144	5.485825899748982e-01	3.486797070823049e-01	1.267918325619734e-01	9.548345664305773e-01	8.536983886052382e-01	4.103552538018465e-01 
26145	2.604329461513241e-01	8.406928446333356e-01	1.180867851330372e-02	8.167339213270386e-02	1.467137109240115e-01	3.045935553054295e-01 
26146	3.330401444495842e-01	6.010546100330794e-01	3.418066964213767e-01	4.445759022815972e-02	7.515169068945184e-01	4.782413521214581e-01 
26147	4.751710689045354e-01	1.360036130696552e-01	6.658441585795228e-01	5.129047755677741e-01	3.245523899442295e-01	6.408464092020162e-01 
26148	6.658419867352778e-01	2.804469681719537e-01	1.741205515219460e-01	9.694129498533034e-01	7.726727201476100e-01	3.419374275682203e-01 
26149	6.468422420541021e-01	3.212553096568470e-01	6.906171346505252e-01	7.736340746160755e-01	2.760898760874243e-01	5.443155232557634e-01 
26150	1.839893279522608e-01	5.365228222387484e-01	3.850083674234377e-01	1.957980069312258e-01	6.181962143714522e-01	5.317220783474492e-01 
26151	5.003915622366553e-01	9.512363588210364e-01	1.327766879148673e-01	8.421982586580321e-01	9.956939490491962e-01	8.842935948093857e-01 
26152	3.204396103138288e-01	4.708650174880703e-01	2.029720787904095e-02	9.862837693590130e-01	9.837697935215057e-01	3.448495978232704e-01 
26153	6.271301780953679e-01	6.496117797911222e-01	6.252965659952241e-01	8.012507296173138e-01	6.190247291787643e-01	3.979692856771728e-01 
26154	1.431881571855341e-01	2.658669707672051e-01	7.192245957996811e-01	8.338052918360593e-01	3.950104491761934e-02	9.953144718871053e-01 
26155	3.781208146261614e-01	2.234903733355414e-01	5.318372936601924e-01	7.631291820495991e-01	4.192883802667672e-01	1.500335075659834e-01 
26156	2.948512599313871e-01	9.196799425034224e-01	1.012698659213585e-01	4.276279483119156e-01	7.618782006957933e-01	9.696381450489341e-02 
26157	3.119215426556401e-01	8.231781100962209e-02	5.678288324586250e-01	3.322187505346810e-01	6.860157990297376e-02	5.515986255144694e-01 
26158	6.770683483579514e-01	6.957317579983415e-01	2.012104048399303e-01	3.023649138875142e-01	4.969824871499941e-01	8.202351340186946e-01 
26159	7.003342000303484e-01	6.401706443355282e-01	8.610210432023839e-02	4.195587953643681e-01	4.739759361715875e-01	1.256031492378577e-01 
26160	4.148732667858122e-01	8.520967507977489e-01	3.490935225733992e-01	9.467105604460047e-01	6.152259328473481e-01	7.683819028401663e-01 
26161	9.674406754632670e-02	9.100771927787350e-01	6.880618448779275e-01	1.980139334676852e-01	3.377051406249894e-01	4.499400455737207e-01 
26162	2.949777479725786e-01	6.496266837462907e-01	5.322578565833428e-01	8.628065804312036e-01	9.818454342809717e-01	6.008594364863166e-01 
26163	4.144052054800118e-01	6.589137826389232e-01	2.965911940189969e-01	6.156156103199421e-01	9.612786965264374e-01	7.935736811689910e-01 
26164	4.358507438729753e-01	6.616128960911245e-01	4.337443255045192e-01	5.219528481932137e-01	8.117169098983132e-02	9.077202616761068e-01 
26165	6.475559978967328e-01	4.960449577756436e-01	7.598170120081944e-01	9.966495204701319e-01	4.427555177559869e-01	3.750429443898811e-01 
26166	7.650314233102982e-01	5.394995853023136e-01	2.851201371686161e-01	4.530932677225644e-01	7.375135187699988e-01	6.228252777936055e-01 
26167	9.030333132962851e-01	3.249126674257743e-02	2.724519610742349e-01	4.352911694139667e-01	8.952978471737810e-01	2.542973953552066e-01 
26168	3.615060543462197e-02	3.097030526537928e-01	9.132111779941298e-01	3.327417994536189e-01	9.253186629737349e-01	8.744898740549059e-01 
26169	1.263154806226098e-01	3.611694068467102e-01	5.361027701460304e-01	5.600598061271290e-01	8.831222550399239e-01	6.172744611358617e-01 
26170	4.677800673375745e-01	5.306782524709954e-01	1.133194189115052e-01	2.275970788801075e-01	5.273277729411273e-01	5.560749366674921e-01 
26171	6.026400237356498e-01	2.923591957857642e-01	9.557452196980572e-02	8.877601609042660e-01	7.454524635083286e-01	8.330880407398046e-01 
26172	5.105854382322103e-01	6.484857768046137e-01	8.655793074823820e-01	7.830373997721064e-01	8.377694575291916e-02	7.608771546561630e-01 
26173	3.733479466165174e-02	1.199275516532024e-01	7.058020684429454e-02	9.505459726557816e-01	4.526693511068213e-01	9.958988698180294e-01 
26174	8.250358462450261e-01	5.789848317294310e-01	3.570682761990783e-01	3.611386159253952e-01	1.390446373908988e-01	2.401905312390022e-01 
26175	9.784130775269182e-01	6.068247047284733e-01	7.708687837099977e-01	9.173249597276212e-02	8.344217840742422e-01	2.981965561854637e-01 
26176	6.478074326402542e-01	4.370618073442307e-01	5.905557519712279e-01	7.433819546100600e-01	3.248219677828355e-01	3.360082154795566e-01 
26177	5.764699953498644e-01	8.354074060150457e-01	9.844939922841703e-01	4.420493023665851e-01	6.184448053214908e-01	6.827093757142823e-02 
26178	2.029264565570869e-01	6.557795999831425e-01	1.881984892246306e-01	2.735066634013814e-01	6.063255721732628e-01	6.408678407971132e-01 
26179	2.694055332194108e-01	4.313614184182889e-01	2.198526720608830e-01	6.264738094184892e-01	7.925000343436841e-01	3.588973099174431e-01 
26180	8.666643406574914e-01	7.709131114049410e-01	9.657220146459164e-01	6.375331243674891e-01	8.626456073777031e-01	8.001437982544972e-01 
26181	9.357296805529528e-01	5.104530400179573e-01	2.372056051330667e-01	5.262854325241807e-01	2.538349941623560e-01	5.620275729159021e-01 
26182	8.622936480037373e-01	8.303049895122205e-01	3.974349789309478e-01	8.467876398222464e-01	2.723542918788056e-01	1.587978378677731e-02 
26183	9.150585773936746e-01	4.752807484358925e-01	6.716593842355811e-01	1.032570666183052e-01	7.487874123029352e-01	2.779849559431826e-01 
26184	7.441249074154184e-01	1.819294505668476e-02	7.093463743614714e-01	9.639775794763014e-01	6.446667544751739e-01	5.018464087051555e-01 
26185	3.228748889280832e-01	5.113310951326653e-01	2.727595196444353e-01	2.885969035739996e-01	1.488642190344931e-01	1.354051270221384e-01 
26186	8.874070136283557e-02	8.459389912178455e-02	6.458581670400957e-01	3.259463069615636e-01	6.108793316459653e-01	8.996931612024518e-01 
26187	8.879738798774657e-01	4.731729791840413e-01	7.299981507146722e-01	2.854088583427523e-01	3.199606185406263e-01	2.352442127816585e-03 
26188	3.012886425951908e-01	2.350191959343009e-01	4.776331905637091e-01	9.729480268307720e-01	3.382762625526061e-01	2.264206024009830e-01 
26189	2.509329823082932e-01	8.240116950236315e-02	2.446135474576678e-01	9.602793571354260e-01	4.637874851300323e-02	8.892803023985030e-01 
26190	4.621257653749202e-01	3.692536379067477e-01	4.006113970655070e-01	7.348852850193555e-01	6.578505414807473e-01	5.494756161000001e-01 
26191	8.702904120414939e-01	7.465912428435829e-01	6.340695152217846e-01	5.161485786159283e-01	7.253754933948514e-02	2.449488468677499e-01 
26192	4.158417398183801e-01	9.605114296826122e-01	7.181218260517911e-01	1.458398900673910e-01	2.459202875597031e-01	3.808244459241743e-02 
26193	1.481923321952076e-01	5.472089301548940e-01	2.731016405267183e-01	6.258255227589167e-01	5.201569565200046e-01	6.113779030793244e-01 
26194	8.522461256255610e-01	7.710899392939592e-01	6.937790725816875e-01	9.685967261756755e-02	7.313692959637238e-01	7.401578210946907e-01 
26195	9.861399750160705e-01	1.934950608729827e-01	1.094114585357771e-01	3.867513716159162e-01	9.283803458923382e-01	7.672620000165244e-01 
26196	9.362269877159163e-01	7.986707579338321e-01	5.138532428601074e-01	5.702965029377008e-01	3.148193360840992e-01	5.863907921995924e-01 
26197	8.152453498054507e-01	7.306610759024793e-01	5.469022214165433e-01	5.333671753915805e-01	8.765009659698704e-01	7.928225094419078e-01 
26198	5.714496199839979e-01	2.469329769941666e-02	3.400314391311404e-01	8.445512605107163e-01	6.505188209239947e-01	8.601883961168064e-01 
26199	4.559291631243793e-01	5.027649460838944e-01	6.312783349451042e-01	1.497082352404055e-01	5.996246187014620e-01	3.626476304431668e-01 
26200	8.898660568007576e-01	5.857645937175325e-01	5.561426913161496e-01	9.992775153365347e-01	9.725159653334488e-01	4.845230367428265e-01 
