16401	8.757117348144351e-02	9.765193834791516e-01	9.281107126400390e-01	5.461599922488257e-01	7.206254399943284e-01	3.568630657889242e-01 
16402	5.987387679511396e-01	3.170022071884024e-01	8.520457897577648e-01	3.710575072891347e-01	9.626329713327032e-01	9.442191282027490e-01 
16403	5.833321002234388e-01	9.256592825640269e-01	2.079447662494819e-01	4.685719639382195e-01	9.259602143084446e-01	7.714432062448203e-01 
16404	9.993504229929998e-01	2.985025128808350e-01	6.528079671099819e-01	9.008558564357719e-01	6.168576295566082e-01	8.428797036609052e-02 
16405	2.123013535571757e-01	2.471562494743412e-01	6.451379082375849e-01	1.735136039431736e-01	6.490447887447871e-01	2.072910090011037e-01 
16406	4.866718121276571e-01	7.366159622262306e-01	1.838103920145940e-01	4.147825243020349e-01	2.827759540093951e-01	9.044358320089224e-01 
16407	7.716455905566204e-01	8.815147219605347e-01	2.214380387316635e-01	6.236913798487239e-01	2.525722287840080e-01	1.840710100643667e-01 
16408	5.679105080514729e-01	8.359043290074469e-01	1.097302921627324e-01	7.758552743009549e-01	3.044762929456664e-01	3.569050647117687e-02 
16409	5.472984805457752e-01	3.038267154730049e-01	3.341930193520118e-01	2.001064471900959e-01	2.046825714431156e-01	9.510506493742814e-01 
16410	2.843944180218477e-01	4.169839254659526e-01	1.982068983829612e-01	9.295323262594325e-01	5.904975294091261e-01	8.472516871277483e-01 
16411	1.368233347948749e-01	7.716934107112201e-02	5.838676493539789e-01	3.206337268094689e-01	4.919518653731569e-01	8.666436033633741e-01 
16412	2.250695583527300e-01	2.635974554641161e-01	7.481583253239087e-01	4.465075975500548e-01	8.872888357785013e-01	7.305536422555119e-04 
16413	6.305786076144215e-01	4.551993433643129e-01	8.366348831153637e-01	7.403088997771540e-01	2.310546171996065e-01	1.411111755953688e-01 
16414	7.759994062483307e-01	7.783530977453819e-01	4.449378910683738e-01	1.101924256003426e-01	9.784595454011390e-01	6.496204629771507e-01 
16415	6.124307450896272e-02	2.628539629573254e-01	6.660438797744195e-02	2.594499728919240e-01	1.923862887510966e-01	6.571019173865681e-01 
16416	1.067016600196723e-01	3.292096240116328e-01	7.342712584576901e-01	6.905693093736514e-01	6.498433508211018e-01	2.262231233651857e-01 
16417	5.572129122713640e-01	8.749129096394931e-01	4.898205792949631e-01	3.053712371296116e-01	3.214205067238866e-01	3.771094146078031e-01 
16418	3.061017912375283e-01	9.519991143383082e-01	8.323087579721160e-01	1.427366738872308e-01	6.923080136498008e-01	6.336337470606127e-02 
16419	2.838478494825996e-01	4.683074198981316e-01	8.417164729171044e-01	7.287857405509733e-01	5.784998454984742e-01	8.201760178525821e-01 
16420	3.784062030624627e-01	6.397429200074369e-01	8.302998034424613e-02	4.450105910399046e-01	8.991928928993609e-01	2.754162690953427e-01 
16421	1.021125079608115e-01	5.894552453371954e-03	6.046258931069756e-01	8.363837664185017e-01	6.964638618270232e-01	2.544692439280773e-01 
16422	6.260688978368738e-02	2.536767740983873e-01	1.293821531019090e-01	5.524274690786505e-01	5.590480112279989e-01	4.508026598257956e-01 
16423	9.295368836864535e-01	8.651498024655272e-01	4.028017736984425e-01	7.618456411929082e-01	7.886475887096709e-03	9.510978688258202e-02 
16424	8.252090158989694e-01	2.917343253696963e-01	5.634172067807136e-01	6.669254883504125e-01	2.052006592066962e-02	1.419170518135266e-01 
16425	4.871015057373334e-01	3.989262689831323e-01	7.816599718209636e-01	5.701314860815795e-01	8.439368604886983e-01	6.808528647203245e-01 
16426	8.455477556425834e-01	9.460493684495098e-01	6.867474171736964e-01	4.501736482838977e-01	7.824331348680114e-01	3.832112790007197e-01 
16427	7.046428922119751e-01	8.450400246516988e-01	6.368880530991070e-01	8.340250453138841e-01	3.974674932646879e-01	1.959360638614446e-01 
16428	2.848277046740184e-01	3.270043764854802e-01	6.108586632697185e-02	6.876294783724609e-01	8.885001721272712e-02	6.897234221406856e-02 
16429	7.827392657207042e-01	9.140590331116966e-01	3.607066680494261e-01	3.461564720357566e-01	5.809845214621092e-01	3.812267339700958e-01 
16430	4.880735243149444e-01	6.808602673378122e-02	7.801530029532281e-01	2.697334956702467e-01	6.382175132810219e-01	6.240898629762651e-01 
16431	9.505863603905711e-01	4.837652684579442e-01	5.701392314257748e-01	6.373337775642676e-01	9.339389167418419e-01	3.525723658281250e-01 
16432	2.054505609932591e-02	6.385818089538169e-01	1.976123900141625e-01	6.574331091984329e-01	4.726068538020397e-01	5.950798832788504e-01 
16433	8.533691730598776e-01	7.574345589417194e-01	9.220842597643306e-01	9.144550393868494e-01	4.450640368485190e-01	1.093427651139641e-02 
16434	9.834273820665792e-01	2.278033021035619e-01	9.249933096230930e-01	3.441340496503441e-01	5.739597746049798e-01	5.059778306195409e-01 
16435	7.253607836204399e-01	6.203329845426292e-02	5.740638578189834e-01	5.055137861080066e-01	3.317667941245096e-01	2.122813706343441e-01 
16436	1.296036490842717e-01	2.823531545150807e-01	6.960466390922883e-01	6.997428805100465e-01	9.196869320793483e-01	6.299855553684689e-01 
16437	5.231524587251025e-02	9.402319881786741e-01	2.685673638566245e-01	2.499276358866727e-01	5.976650969114458e-01	7.411742181243255e-01 
16438	8.450075191655231e-01	4.510342695056621e-01	4.986087766003836e-01	7.670917784641924e-01	3.654893088925115e-01	9.436728134489026e-01 
16439	7.780260549755889e-01	3.489166904934294e-01	1.714761155524646e-01	7.030193641330206e-01	6.930507401437734e-01	7.454358901574444e-01 
16440	2.089971947525615e-01	4.184115232985520e-01	8.074691886117072e-01	7.830610525715449e-01	9.239253094065587e-01	1.392359822705556e-01 
16441	9.953424232058891e-01	5.352895802516908e-02	4.215891367856363e-01	6.913890618325160e-01	7.532718385352156e-01	3.412760683993232e-01 
16442	3.213746167353236e-01	8.055870844077259e-01	2.815080561123360e-01	5.899419810576094e-01	5.551471982873731e-02	8.791731530237817e-01 
16443	3.311161987162736e-01	9.005222389942604e-01	3.302074225294439e-01	8.297249753166572e-01	6.676140169927915e-01	6.956967314219553e-01 
16444	7.733977882998985e-01	4.456400715027191e-01	4.461342144972338e-02	9.448739038523630e-01	1.486594356357397e-01	7.376641615934969e-01 
16445	6.903097935441461e-01	3.576566303883011e-01	1.560756844263876e-01	4.977789816901921e-01	1.407176824941848e-01	8.000099336728500e-02 
16446	6.370149644264089e-01	1.360601052344125e-01	1.335299518581154e-01	5.860410074638394e-02	8.274491670669285e-01	8.868017903933310e-01 
16447	3.998801696113684e-01	1.488237833365909e-01	6.923888748010568e-01	6.813882257237044e-01	7.387657643942003e-01	7.479035946297942e-01 
16448	5.605613787474862e-01	6.988196264481264e-02	6.484258336240546e-01	8.907688012769300e-01	8.996069379614698e-01	3.160398501511849e-01 
16449	5.864655322332241e-01	6.730047262613683e-01	7.616799221195653e-01	6.310789536829474e-01	6.178786296480702e-01	9.103393577553049e-01 
16450	3.687431148107830e-01	3.081884231922163e-01	2.679959876779448e-01	5.248187992371707e-01	8.059674048824084e-01	4.087136701721296e-01 
16451	6.048197926044556e-01	4.429823688431561e-01	5.447737754065421e-01	7.383497444625710e-01	5.015864700552013e-01	3.722229420078094e-01 
16452	6.251515348559020e-01	9.014666396665697e-01	5.210467253444002e-01	3.175404091912976e-01	5.828548649246128e-01	2.598124897386005e-01 
16453	6.544400335543044e-02	1.434162432064378e-01	3.296944523834132e-01	7.138698369794850e-01	3.418504401770655e-02	2.293013903448830e-01 
16454	2.990968713066992e-02	6.206505762509306e-01	9.023061166062514e-01	7.915896092502351e-01	2.517295294682167e-01	5.201847457886603e-01 
16455	7.019289665398788e-01	6.204726442789997e-01	8.283731689808765e-01	9.699249542178237e-01	1.452914430505091e-01	6.343405738632849e-01 
16456	3.786386239242920e-01	7.501112361206260e-01	7.732294224077972e-02	9.234123993308341e-01	4.884609801175357e-01	5.789094122959810e-01 
16457	2.956353408729822e-01	1.136125145077764e-01	4.803760514968894e-01	8.166820662173825e-01	4.311529236990739e-01	6.323091642150232e-02 
16458	7.649455549032173e-02	4.965969275201657e-01	2.066471596279401e-01	4.061890083393962e-01	2.104667640339894e-01	2.408322041113080e-01 
16459	6.354903986842793e-01	2.403764511646593e-01	8.614827803622386e-01	5.377965148248693e-01	3.196605994923322e-02	1.132123098304553e-01 
16460	5.798126014786831e-02	7.338950264891121e-01	7.336849541094550e-01	8.863544295944061e-01	7.038199802412745e-01	8.789763976256253e-01 
16461	5.206950029920298e-01	8.245860369990515e-02	6.290876332805900e-01	5.980179452328095e-01	5.871002565077973e-03	1.175486129324644e-01 
16462	1.769273575287905e-01	3.015063434380602e-01	2.311611279059020e-01	6.573034090256800e-01	1.181884096554427e-01	6.623140516049759e-01 
16463	7.205343254471823e-01	1.946829651457644e-01	1.589109786594803e-01	9.271814855407837e-01	6.008719734851606e-01	3.693777431591310e-01 
16464	1.680136891864304e-01	2.363623717037786e-01	6.097541943237903e-01	2.949646908300764e-02	7.741588865286479e-01	6.417202547386849e-01 
16465	1.427087789134629e-01	8.321401471421775e-01	3.756152807621356e-01	8.763937334885792e-01	7.184945762709224e-01	7.943526100341010e-02 
16466	7.553701306485432e-01	2.391895787972908e-01	1.618938647033152e-01	3.844577634634719e-01	8.372075240301003e-01	1.677648677340545e-01 
16467	5.020063763959363e-01	1.413488109322958e-02	4.692712111721147e-01	7.331675043018383e-01	6.714382905845708e-01	5.874596208275573e-01 
16468	3.954815559068143e-01	3.919726155660919e-01	7.821425864389830e-01	5.543925345662947e-01	3.191541006412144e-01	3.830145594584823e-01 
16469	9.237702777254256e-01	4.871677898276447e-01	6.193769316279222e-01	5.335244720492160e-01	5.166642593763137e-01	3.935358176909088e-01 
16470	1.752447263222396e-01	6.593730382897766e-01	2.256759643674250e-01	5.508600070843752e-01	5.357667713126945e-01	9.441705406383474e-01 
16471	6.302952680877854e-01	2.911369014955763e-01	1.833601189699769e-01	7.921891332567619e-01	6.755946649590482e-01	2.056764300007729e-02 
16472	9.599540009908164e-01	1.776010413549845e-01	3.470252409330687e-02	4.292252116972698e-01	9.107685456568229e-01	7.061408146778777e-01 
16473	1.668483252482714e-02	3.062501010979759e-01	9.811343024396962e-02	7.988274189638102e-01	8.606426361299319e-01	4.172675308851840e-01 
16474	1.818419779566312e-01	7.844129133896962e-01	9.044353211784900e-01	8.012189095845534e-01	3.179373849732510e-01	4.210995800891423e-01 
16475	1.947547272754622e-01	4.931821112954906e-01	8.047261791325762e-02	4.204306916428873e-01	4.404211837986583e-02	6.162393896916133e-01 
16476	3.646012322812347e-01	6.743373864676512e-01	9.073762911871897e-01	5.479613512512116e-01	4.665265192587518e-01	5.829709561462378e-01 
16477	5.685289942512889e-01	4.264805197839069e-01	7.605719975012224e-01	6.032315188102571e-01	8.557057319468380e-01	6.713405426923840e-01 
16478	3.093723330224735e-01	8.723905644716651e-01	9.775906442560212e-01	4.074857632664431e-01	6.712179829698139e-01	8.382332799202917e-01 
16479	8.247532946172884e-01	8.530599609264452e-01	6.226461928443267e-01	7.291886153301171e-01	6.542788705109985e-01	9.405835782832389e-01 
16480	1.502881949535982e-01	8.490335977864608e-01	4.337656891130682e-01	2.307608128668558e-01	2.694642889636868e-01	4.778078074929341e-01 
16481	8.470002025584691e-01	6.340655212449215e-01	1.521451939605853e-01	7.543764937456587e-01	1.820268724961331e-01	6.186717132193370e-01 
16482	3.373474494262354e-01	7.505558667474220e-01	4.515223300324391e-02	9.791944646179650e-02	3.537873850920179e-01	9.008579649500819e-01 
16483	7.692599891541805e-01	6.631597185801527e-01	7.732485289560856e-01	7.468506329445405e-01	7.064548138093459e-02	4.444665114602384e-01 
16484	5.850839123991709e-01	8.953987759982230e-01	2.975264719210223e-01	2.077301052434976e-01	6.245873908626788e-01	9.518053424320209e-01 
16485	1.483136830610753e-01	7.748755858162770e-01	8.008389397528204e-01	5.820793721741435e-01	5.636398683132790e-03	7.030322871650720e-02 
16486	5.988717966707758e-02	8.526366012416019e-01	7.043687499614287e-01	2.120323736276628e-01	6.070130945215994e-01	8.863956224575619e-01 
16487	8.307040868469998e-01	9.443605439478348e-01	6.369514892049839e-01	8.758563198502438e-01	4.227998994396999e-02	9.907388742970018e-01 
16488	7.767142843346644e-01	8.115399795638117e-01	6.538985924114932e-01	5.499628128250887e-01	5.583906120426909e-01	7.245440742580891e-01 
16489	9.944293242853272e-01	1.434745244418618e-01	6.199428497906508e-01	2.919557962063494e-01	3.512046296853594e-01	2.445302406533297e-01 
16490	2.437611381727090e-01	4.995183127464346e-01	1.940582600394535e-02	4.460007792552937e-02	8.159768445491683e-02	2.504222468707814e-02 
16491	1.149033066420366e-01	1.414848641219944e-01	8.776788263943414e-01	8.192720566034652e-01	3.535172377496573e-01	4.846919204502795e-01 
16492	7.056676790610271e-01	1.842213245966571e-01	4.290524643981142e-01	3.426191678003497e-01	6.007764398123959e-02	4.713324543420842e-01 
16493	3.333580416316902e-01	8.367919287815653e-01	2.828724334402347e-01	9.872566345088447e-01	3.867547411409927e-01	8.412630459485869e-01 
16494	7.118007083012726e-01	3.811840654263199e-01	9.847375703904487e-01	3.317435576262621e-01	6.731398616326693e-01	3.359421996101468e-01 
16495	5.762737982795917e-01	9.169009998053783e-01	8.354605123565814e-01	5.956796247491983e-01	9.615010777309076e-01	9.170581968114982e-01 
16496	6.207218494362765e-01	7.640438390728291e-02	5.854306093349264e-02	4.984006753649566e-01	8.956764409764094e-01	4.120602986831499e-01 
16497	9.830925962808973e-01	6.013441195717752e-01	5.962816232798069e-01	4.121450602133502e-01	9.439632873721250e-01	6.563592677267078e-01 
16498	8.834775145554344e-01	2.773213285381539e-01	4.931511960426118e-01	1.663499479956692e-01	2.645779625813374e-01	8.799059371836045e-01 
16499	7.612993478594811e-03	9.763786708826100e-01	2.610900021442631e-01	9.923505638690435e-01	3.081222285088721e-01	9.342298637769324e-01 
16500	3.282927630135290e-01	8.843960267884639e-01	8.511308635823107e-01	1.637532749044491e-01	4.800756510720009e-01	8.126319408475570e-01 
16501	8.081147125028608e-02	1.007975005082774e-01	8.890363252205012e-01	1.393545321837787e-01	5.991981758732340e-01	7.847127657312494e-01 
16502	5.514148313325898e-01	5.822907716884701e-01	3.860568848373633e-01	1.476964541467356e-01	9.944358319018203e-01	3.300201717438270e-01 
16503	8.040557218734434e-01	8.779133464572547e-01	6.073415002819810e-01	2.972069174503940e-01	4.426329398726266e-02	8.719194633289796e-01 
16504	1.771128546339985e-01	5.187628746585748e-02	8.482981337459283e-01	4.382028567782617e-01	4.422685086923971e-02	1.564203617891392e-01 
16505	3.724327205551941e-01	3.725196138827687e-01	4.081638857760298e-02	2.235635836718435e-01	5.362728887872179e-01	5.208920396496040e-01 
16506	3.619552405373917e-02	6.170843600375039e-01	6.216895401578814e-01	9.252318492742404e-01	7.564388926869440e-01	2.208877160311154e-01 
16507	7.099446145398285e-01	3.078537235538725e-01	8.031784877195854e-01	9.600149891153048e-02	4.555501777006081e-01	7.976143196214057e-01 
16508	4.260216706553575e-01	2.596058995740516e-01	6.755276656129992e-01	3.336317093733846e-02	5.568128170244455e-01	7.197909596002618e-01 
16509	9.052826342663182e-01	7.339256716584440e-01	7.716672470661193e-01	7.535807675465852e-01	1.721285284367057e-01	8.158940979353591e-01 
16510	9.100011298013856e-01	5.445612489918997e-01	1.884137113524665e-01	9.508175183789886e-01	7.681248326637432e-01	7.246866001396843e-01 
16511	4.717095575629313e-01	8.043203567174824e-01	3.417709597115270e-01	9.339909772081259e-02	7.295522059917228e-01	9.820985193280962e-02 
16512	3.142868137519280e-01	4.394968200658899e-01	4.060635754866821e-01	1.174653010058521e-01	5.354983194430817e-01	8.616137536529516e-01 
16513	9.150796206272578e-01	9.615199900984391e-01	1.212196527613418e-01	5.906072857745958e-01	9.948831610357776e-01	6.780324697857874e-01 
16514	3.103982449091963e-01	9.001657948364344e-01	4.119581414442314e-01	8.206549150965432e-02	6.537465623830196e-01	5.840866698809372e-01 
16515	8.979595894450133e-01	5.637476917187439e-01	1.286479184071757e-01	8.637330033181854e-02	5.145652096320713e-01	8.967727510709189e-01 
16516	8.110599004715029e-01	9.862747671950025e-01	7.010931073227400e-01	1.528308601830298e-01	7.967386445015383e-02	4.306453128488014e-01 
16517	2.510407121158394e-01	3.939606782020818e-01	8.701421333803526e-01	6.571042880681829e-01	5.114259796735952e-01	4.056404523577730e-01 
16518	5.187180412554732e-01	4.265055998351917e-01	3.671604419905508e-01	6.399376940168150e-01	1.711288560978737e-02	3.620436030263284e-01 
16519	3.179701633369411e-01	3.275111305189836e-01	2.622093973971016e-01	7.299283047811725e-01	4.095766224942993e-01	9.159559597801212e-01 
16520	3.140149741964485e-01	3.075362114736513e-01	4.797036510332039e-01	4.426628926036241e-01	3.939095122711311e-01	9.942688606652752e-01 
16521	3.394356432088817e-01	2.049694122769727e-01	9.805436278602777e-01	4.052875053162162e-02	3.578002724600026e-01	6.021749184477026e-02 
16522	4.711740633804231e-01	6.088409850415033e-01	4.541781705125134e-01	3.413161962951143e-01	2.659452726440250e-01	9.656041501861085e-01 
16523	7.469566486528872e-01	7.846633138994981e-01	3.921097495556389e-01	1.141170906434381e-01	4.246010074506518e-01	4.092226351654262e-01 
16524	4.761606936697665e-01	7.425711707875929e-01	7.367337661500711e-01	7.383700910668681e-01	4.724994755687655e-01	1.463103881787091e-01 
16525	6.543260508469892e-01	7.865144497652140e-01	4.538465996523605e-01	1.340297014145319e-01	2.291773423688381e-01	8.477561119234917e-01 
16526	1.282985620798071e-01	5.686129855777198e-01	5.272552420046438e-02	1.088421894744235e-01	6.091417361093414e-01	4.105257966604670e-01 
16527	1.690596813191938e-01	8.031579948976440e-02	1.936678123630899e-02	6.232378518317071e-01	4.216319957848788e-01	2.853120538803339e-01 
16528	5.888420015521543e-01	1.685886444377660e-01	6.997536731417076e-02	9.809517515734545e-01	2.827057350812041e-01	4.945763747648226e-01 
16529	3.901743862732194e-01	7.588664287509705e-01	2.371475455524156e-01	1.269081519576293e-01	4.972365193521774e-01	7.096470211211811e-01 
16530	2.732185401363385e-01	1.515625697335054e-01	4.961614704207338e-01	7.270651402543602e-01	2.855922716136986e-01	7.253388127895718e-01 
16531	5.748212517121906e-01	4.138908336935057e-01	2.939517983672916e-01	6.275467759126550e-01	5.227330231679291e-01	9.030935344766330e-01 
16532	3.807257257312190e-02	6.917927044871229e-01	9.834093339663974e-01	5.743935380943090e-02	3.150305563188300e-01	4.050413297512761e-01 
16533	3.427514081554261e-01	9.038725578709843e-01	5.736299741890420e-01	4.127267754695969e-01	8.848243089787775e-01	8.563357092702462e-01 
16534	9.073031507000807e-01	2.749986952519969e-01	6.152021375555555e-01	1.444506957868350e-01	4.019068472096263e-01	1.124386564420716e-01 
16535	8.540977169080161e-01	6.751253878116260e-01	2.640012266412383e-01	3.502591868630886e-01	4.021905276003250e-01	5.495934982549369e-01 
16536	7.559799965266045e-02	9.770117793125155e-01	9.634843319484425e-01	3.695497980199520e-01	6.045585552251704e-01	4.862173546507104e-01 
16537	2.726433320309237e-01	6.426311277982923e-01	1.780100586721720e-01	2.560526659973211e-01	7.000704816077232e-01	4.930406149910020e-01 
16538	6.610939957485972e-01	4.282188929748809e-02	3.969131728619864e-01	2.347239694719780e-01	4.555486652327462e-01	2.817374813751026e-01 
16539	9.105967827656292e-02	3.628518154671657e-01	5.567361766270996e-01	7.062618158321184e-01	5.073025112540007e-01	9.586430243023871e-01 
16540	8.187004722741901e-01	3.614002276963555e-01	6.337684116483518e-01	8.270169844976706e-02	7.116594145594441e-01	3.595893878301556e-02 
16541	6.322951967047039e-01	7.872574142121046e-01	1.297071762986980e-02	5.957795281874851e-01	1.568072117663953e-01	6.175292728550402e-01 
16542	8.199688237253432e-02	4.294505442629803e-01	2.601604001876714e-01	2.600069415103676e-01	6.855032102603015e-01	9.602308822610559e-01 
16543	7.530475565013697e-01	3.465972055432374e-01	3.052771092882739e-03	1.499607288976949e-01	5.813211750152154e-01	4.586014363256290e-01 
16544	4.316982107384588e-01	6.723808532917783e-01	8.214532517927947e-01	9.884343873655583e-01	3.786426686582354e-01	3.287557625811341e-01 
16545	9.470774112022843e-01	1.973431404667642e-01	6.901559902774896e-01	5.808458223849748e-01	2.800448393821925e-01	4.018154048369338e-01 
16546	6.168047611679904e-01	9.123400360868964e-01	1.890728185833771e-01	6.297754792635215e-01	5.081195642743817e-01	3.458800308154337e-01 
16547	2.473047516529005e-01	5.901164466469160e-01	7.753305750784141e-01	5.074651523062331e-01	8.501233881572836e-01	4.608337848730543e-01 
16548	4.676960341016278e-01	6.031709446586533e-01	8.074309904162916e-01	4.707488051945105e-01	7.531316735563481e-01	3.887521649658457e-01 
16549	9.293502419858007e-01	1.848298838291456e-01	6.113301779196272e-02	7.508034933129342e-01	1.732642711947040e-01	4.397756864501982e-01 
16550	7.955925589406829e-02	1.203416819313270e-01	6.371188269169623e-01	7.697152461715580e-01	7.011875047819631e-01	9.171636662991548e-01 
16551	1.715306505428304e-01	3.179922654842922e-01	8.295037023860513e-01	3.606034695918688e-01	9.477677447478137e-01	3.376232661947716e-01 
16552	7.064835004073026e-01	1.950724964007141e-01	9.277397128416875e-01	4.818140750200553e-01	7.025376487069472e-01	7.778631009989712e-01 
16553	9.426478598931096e-01	1.702336823429138e-01	3.810340451919632e-01	7.500788498437400e-01	6.409824875374243e-01	1.341657182826501e-01 
16554	1.388310143439244e-01	5.703327290575638e-01	3.189956025774570e-01	1.999640321358871e-01	3.211362223704980e-01	4.922598737721610e-01 
16555	6.397397185860852e-01	4.006954782645663e-01	6.126015557034880e-01	2.768585450373863e-01	1.704107239704629e-01	3.137890600197897e-01 
16556	1.940222113365411e-01	3.419413749789546e-01	6.317813259697432e-01	2.352591325693108e-02	7.025448445708234e-01	5.795490702518956e-01 
16557	3.611491794517027e-01	4.090283445124646e-01	7.746215666526097e-01	2.888888918277290e-01	8.908424195325200e-01	4.771592148938958e-01 
16558	6.675199236103892e-02	8.334902789599683e-01	6.473928972368096e-01	4.477860375530022e-01	5.835691283380469e-01	2.883753847742339e-01 
16559	5.819517563013136e-01	7.224001426819713e-01	8.587081138317977e-01	9.009473588787705e-01	9.223641748178584e-01	1.798443357366344e-01 
16560	3.932072321852703e-01	5.621038929382823e-01	5.805398140012006e-01	5.808787423096964e-03	8.389624379756686e-01	7.509505384373248e-01 
16561	3.195978479085480e-01	3.298464884654835e-02	9.289191295061815e-02	9.513791738782912e-01	5.651056210347943e-02	7.954367575214416e-01 
16562	5.309282436645255e-01	4.176597415551822e-01	2.044651015682449e-01	3.055498103171354e-01	7.065486338485725e-01	9.530752063510359e-02 
16563	7.827090252110311e-01	7.733006262096114e-01	9.287977995950718e-01	4.301019224478406e-01	2.210866637626135e-01	5.123669274674575e-01 
16564	7.184773072220745e-01	8.030384200639270e-01	2.347670696837674e-01	5.771854205882109e-01	7.039857784770363e-01	1.571312440359645e-01 
16565	7.570297567905065e-01	9.719301019664528e-02	7.192351369742468e-01	3.375695703260459e-01	1.030017976197422e-01	5.581975744842540e-01 
16566	8.852010829770943e-02	4.225996455282903e-01	5.911822237964637e-01	1.814120212483276e-01	3.739788189409202e-01	6.476927858999431e-01 
16567	9.768487787697692e-01	9.049070630711070e-01	6.535252745512525e-02	1.813138798723528e-01	2.104568729225811e-01	7.719011613036977e-01 
16568	2.766214005074563e-01	9.931658981336122e-01	5.452017870476478e-01	2.054191996368669e-01	4.232678201157916e-01	7.662884508102613e-01 
16569	7.177861271043243e-01	1.417451268722048e-01	5.693268704085270e-01	9.525531967880918e-01	7.189305479260769e-01	2.733126484199020e-01 
16570	1.096844403583950e-01	4.759603042509222e-01	3.705056586165473e-01	8.289195773326418e-01	8.135298745769681e-01	4.735074567019508e-01 
16571	3.871171518168958e-01	9.020499833403388e-01	8.961071022302411e-01	9.782993756133594e-01	8.346200412300508e-02	2.700859211711613e-01 
16572	6.259921610476412e-01	6.031078289277422e-02	1.749929837766071e-01	6.913446885027665e-01	2.416246627651270e-01	3.854498566991882e-01 
16573	4.632458493408029e-01	5.182460637382447e-01	3.786157543671391e-01	8.447636388450691e-03	7.236652633751115e-01	8.018835749485919e-01 
16574	7.747360871987120e-01	4.414513904794359e-01	9.436287018207967e-01	3.440629576072390e-01	3.940045868018663e-01	6.625592492812123e-01 
16575	6.173756060271410e-01	5.036890276259226e-01	1.385195530664732e-01	9.878812651093496e-01	3.326086044929030e-01	9.520494281091026e-01 
16576	4.613887213456392e-01	7.197257563097988e-01	8.540994109837802e-01	3.574958231102190e-01	6.980251314574970e-01	9.375614151067853e-01 
16577	6.275817442813804e-01	3.240172925051382e-01	9.978721979995594e-01	8.025747280579874e-01	1.536198054224345e-02	2.394968607646864e-01 
16578	1.880245842915143e-01	4.786078303487076e-01	7.577429245029310e-01	5.666403391243147e-01	4.870554667371583e-01	4.814081874123813e-01 
16579	3.685239136072453e-01	2.617915534702090e-01	9.228595778918172e-01	3.121526149623807e-01	6.058545110774480e-01	3.168641646936834e-01 
16580	9.747118647092543e-01	2.232301171045891e-01	8.205531923196061e-01	1.132314173100663e-01	2.111113817482774e-01	1.531617963468478e-01 
16581	6.528084495350758e-02	6.725001030939166e-01	8.728875531223079e-01	9.193802559372877e-01	2.999592573847432e-02	5.709126841141435e-01 
16582	8.569416710440729e-01	6.575776704855160e-01	8.949299766192818e-01	8.548138685779710e-01	4.601523980778420e-01	9.102919576271865e-01 
16583	9.431072887699619e-02	6.481769828350176e-01	3.888997875102329e-01	8.520536533799272e-01	2.148173214936710e-01	8.759552542473913e-01 
16584	3.334618407923085e-01	5.833412351009162e-01	1.377468072519390e-01	2.563214182184643e-01	8.954938500632968e-01	7.436013187950483e-01 
16585	5.731855829121478e-01	8.702057143068899e-01	9.668314358996374e-01	3.937387747660925e-01	9.834371320826174e-01	1.779428171822535e-01 
16586	5.469005715786016e-01	4.871797657046373e-02	8.504429202761701e-01	4.197881242352483e-01	9.680982329734127e-01	8.804388460146444e-01 
16587	9.907008083493918e-01	8.250399035518243e-01	5.380165160344991e-01	8.856307849686736e-01	6.798537716641341e-01	9.981689145780024e-01 
16588	7.959227421301989e-01	7.741645010067916e-01	6.463458969473587e-01	1.848225291747705e-01	6.262181539210575e-01	8.611632184410296e-01 
16589	6.077778295650044e-02	9.596799947133661e-01	4.445044530762846e-01	1.985245902084394e-01	2.160014129318303e-01	3.399983026739202e-01 
16590	9.421259090034877e-01	7.891869958439781e-01	2.102040169808101e-01	9.089573444374638e-01	1.829257706100707e-01	1.936411485977662e-01 
16591	8.690016115405605e-02	7.298263421886724e-01	2.423591251682300e-01	9.373430814302262e-01	1.496144659582593e-01	2.104573576759814e-01 
16592	8.177819274448705e-01	1.403152738419898e-01	3.549726076214447e-02	3.557984430137083e-01	2.594605834500215e-02	7.153510328919399e-01 
16593	3.539673571260494e-01	8.218688004752011e-01	4.895155334330702e-01	3.132536077467974e-04	6.691329184310198e-03	1.157336868884664e-01 
16594	8.614764720487764e-01	6.746911214081064e-02	7.541368160183247e-02	3.059809246593997e-01	2.659937028149114e-01	2.914150945336628e-01 
16595	6.459792277989812e-01	2.081196113527378e-01	8.060208991197966e-02	8.561832447797914e-01	1.170769557902017e-01	2.635278605220504e-01 
16596	4.982439291189629e-02	2.039771169442577e-01	9.933542027107227e-01	2.921835180801263e-01	1.413201983744838e-01	1.429686682033207e-01 
16597	5.026408762217690e-01	9.591021258193544e-01	2.832839425109718e-01	5.381381369839134e-01	3.149005683674014e-01	3.092300008559739e-01 
16598	2.534891694101920e-01	6.688679259591120e-01	1.310988013311749e-01	7.430047028432623e-01	6.691811795668589e-01	1.377901305154851e-01 
16599	8.587383901973900e-01	5.306576516156354e-01	2.052592431219571e-01	9.341520717992224e-01	8.366385762750351e-01	4.712529459368684e-01 
16600	2.255671658672239e-01	4.826178036083550e-01	6.793725572896062e-01	3.061692557792036e-01	3.388010479224851e-01	7.964495130798078e-01 
