37201	5.203013273516210e-01	8.690983647802372e-01	6.693631879377007e-03	4.560079525485672e-01	2.871894027512471e-01	1.751259677927596e-01 
37202	7.013989052276122e-01	8.282480956186764e-01	2.262470071326229e-01	2.437867397646358e-01	7.787730427360037e-01	5.604283886777369e-01 
37203	4.774076782527416e-01	5.368096360642508e-01	1.589410948375897e-01	3.090402015061305e-01	6.723507529461527e-01	3.140431532236017e-01 
37204	5.801845046599323e-01	7.932194693913774e-01	6.924627622088709e-01	4.175668952137078e-01	3.370962693994382e-01	2.380667302003441e-01 
37205	1.580424342109088e-01	5.416188400898216e-01	8.552941488359562e-01	6.733939292251104e-01	6.241554956064353e-02	3.689238053601812e-01 
37206	8.777834860970190e-01	5.827168769122646e-01	2.380221701404183e-01	8.844771184420572e-01	3.872482946083174e-02	5.252115728916654e-01 
37207	5.960308576915557e-02	7.401237346884439e-01	3.534596680446806e-01	2.858500929017784e-01	9.839104744530798e-01	1.322327107806842e-01 
37208	8.462784820451766e-01	4.613181522401600e-01	6.690423468449350e-01	5.219576417105075e-03	7.703583542119518e-01	3.413930993254264e-01 
37209	3.192627296407068e-01	3.505428584062228e-01	1.346125682511425e-01	1.172549138391646e-02	7.681097536199306e-01	4.717088376505807e-01 
37210	2.497922220499219e-01	9.261521878308394e-01	1.332767774040237e-02	1.050863704202167e-01	5.995461170559498e-01	7.574322730104589e-02 
37211	4.740101757803979e-01	4.773296026873075e-01	6.584601042133105e-01	7.120323459208162e-01	3.618067206637034e-01	6.971849336741422e-01 
37212	2.372439183468203e-01	4.214098064328590e-01	4.373086683625861e-01	5.907035868571622e-01	7.072598998002987e-01	4.212191423500046e-01 
37213	7.229362976378465e-01	5.535383813798140e-01	8.825372950558259e-01	3.919786440171202e-01	5.587579577969192e-01	6.528956488021164e-01 
37214	7.333717433425466e-01	8.780206879032872e-01	3.438506742677888e-03	8.679843120593504e-01	8.897461792872037e-01	7.715482603626085e-01 
37215	3.396931492442699e-01	1.395384008714642e-01	6.977004477277866e-01	3.530208269846722e-01	2.446247712916810e-01	2.972465643180751e-01 
37216	4.287640542857182e-01	7.186349475377402e-01	7.745761674710439e-01	8.722415849902861e-02	4.306672929928951e-01	1.363828876690859e-01 
37217	7.844090921731708e-01	6.679112118053768e-01	5.577926945676062e-01	2.217177600700957e-01	2.586147981968777e-01	2.650525939022436e-01 
37218	6.429369028857616e-01	9.815510958347242e-01	8.185909752820576e-01	5.254741974759262e-01	3.735297393861831e-01	3.773489326133155e-01 
37219	1.783698458123812e-01	1.069014822630684e-01	2.553696200509414e-01	1.818083525550591e-01	9.748857943224188e-01	1.451157993381451e-01 
37220	9.533566129176675e-01	3.145789435666888e-01	2.846542002096094e-01	6.510570601797928e-01	6.675997705513610e-01	5.292789719669516e-01 
37221	9.483036249635293e-01	9.636382483707918e-02	2.479139190390305e-01	7.228797919689118e-01	1.835879833361078e-01	6.785812120319257e-01 
37222	8.592626796379977e-01	9.679970755092786e-01	3.464924233716412e-01	4.170553737399426e-01	1.897148355793743e-01	6.051072215685189e-01 
37223	6.821079676421862e-01	8.326517384651358e-01	5.866583169375817e-01	5.006989424585826e-01	3.581259354754006e-01	9.601880563237649e-01 
37224	8.780478755375594e-01	5.364957812877817e-01	6.708953858683329e-02	1.334174951228395e-01	7.183041338428409e-01	4.197533244359090e-02 
37225	2.785332944609846e-01	6.716607462948471e-01	3.565542760102797e-01	5.631874951362552e-01	3.227178060089786e-01	2.415404656164071e-02 
37226	9.246646663754549e-02	2.710214305068466e-01	1.205178713987199e-01	3.403803856765760e-01	9.939012224757584e-01	3.041058547348277e-01 
37227	1.896159724284038e-02	8.531639021137561e-01	2.721029297784450e-01	3.654540210801429e-01	2.702192753880375e-01	4.618177653578193e-01 
37228	9.705612426486617e-01	9.523272434958849e-01	2.944695033572938e-01	5.572195595862435e-01	4.530261854888062e-01	6.525954388326944e-01 
37229	5.174076154443471e-01	3.310740605607043e-01	1.890912196548149e-01	5.844971540311804e-01	4.644915561492050e-01	9.073953534976558e-01 
37230	6.264724869404326e-01	7.430248506101895e-01	5.790560993268415e-01	9.830267629507122e-01	3.062123452807834e-01	9.017739058014815e-01 
37231	7.180809046691661e-03	3.986788119183289e-01	1.727953358426668e-01	1.276986804454115e-01	7.390591975949049e-01	1.666965583184252e-01 
37232	4.318045351802393e-01	7.580207953034066e-01	1.986045996652006e-02	7.039074654243456e-01	1.234748159178881e-01	2.900797353545575e-01 
37233	1.657252303165035e-01	9.403605810088854e-02	2.424069783847811e-01	4.601947341394586e-01	6.512556176871320e-01	6.954331643392486e-01 
37234	1.127901725064917e-01	1.686632331314791e-01	2.650722443429158e-02	3.018813926269679e-01	7.531603871626595e-01	4.909987805834966e-01 
37235	2.092767456589624e-01	3.796328736374308e-01	2.340236311936861e-01	7.883328454514653e-01	3.626596365881430e-01	5.402359764744695e-01 
37236	6.901067507872856e-01	3.698404456348347e-01	9.389147888584597e-01	8.629020866299524e-01	4.975391265459075e-01	6.779739859877033e-01 
37237	2.959864448271629e-02	9.293436617261468e-01	4.359947808254486e-01	4.945910444923635e-02	6.332511266848311e-01	5.594695967433367e-01 
37238	3.395388402694551e-01	7.989763574669959e-01	6.535056553098865e-01	5.819458186542363e-01	2.591710911407932e-01	3.047612725313573e-01 
37239	2.773789825278237e-01	3.719612636472849e-01	4.734245056628364e-01	3.038862074277765e-01	6.738426562742529e-01	2.265848928254959e-01 
37240	7.948849880112731e-01	8.831194023988765e-01	6.062177664629267e-01	2.890861873929790e-02	6.714522473846806e-01	9.688774030510696e-01 
37241	5.691445956794287e-01	3.615589977063048e-01	3.387178486859043e-01	5.080593840722272e-01	2.244610838705958e-01	8.362569752318119e-01 
37242	1.860333695942691e-01	2.540597288189734e-01	7.656006364922974e-01	6.220281508853790e-01	3.035188332682098e-01	3.988517631771284e-01 
37243	1.814977471630544e-01	6.430576735376649e-01	1.978281201784630e-01	8.350034024729409e-01	2.250034921919012e-01	4.569992113192562e-01 
37244	1.397646750042982e-01	5.023824747197249e-01	8.289604749665411e-01	6.131891806671346e-01	8.062686821475014e-01	5.028031312407940e-01 
37245	8.397740734926304e-01	6.011536701587744e-01	3.859225331740093e-01	4.459918399555571e-01	6.300622888980724e-01	5.737478009302857e-02 
37246	4.148692425409654e-01	1.992068841118398e-01	4.189337777993333e-01	7.535870912268697e-01	7.072662681840669e-01	6.433948616699292e-01 
37247	5.898440659930203e-01	8.932996382439973e-01	8.974545904889025e-01	3.554447024853177e-01	5.153277886637150e-01	2.009734237571123e-01 
37248	7.542964656624461e-01	6.968255358267694e-01	8.440310972947772e-01	9.521245858409091e-01	5.318289382997103e-01	6.903458902101711e-02 
37249	4.091237966945040e-01	6.715936133040086e-01	5.714170642064033e-01	2.380842711953839e-01	2.847827935054818e-01	3.776857458882433e-01 
37250	7.408874024361779e-01	1.245568669981122e-01	9.788394160470177e-01	1.268099351445259e-01	5.705487069536693e-01	6.089017049450901e-01 
37251	1.841847152375545e-01	9.854179494946347e-01	8.081085890569298e-01	6.031184930368878e-01	7.390050407215045e-01	5.153748572409967e-01 
37252	2.465133547068170e-01	3.288491062488635e-01	4.086744950193327e-01	1.439679447300583e-01	6.842938087341812e-01	9.240022836830477e-01 
37253	3.449413684871706e-01	4.385902739309661e-01	6.208278190441560e-01	1.889724657819478e-01	3.907148593062139e-01	1.526567568782050e-01 
37254	2.580070548029649e-01	7.998386560007178e-01	8.242503701822136e-01	8.294241190093682e-01	3.792292719610172e-02	1.090331636876954e-01 
37255	2.071098648976115e-01	7.788103296322796e-01	2.335900306858076e-01	1.859492804789679e-01	9.056202652424669e-01	8.041387376394769e-01 
37256	7.948509854240581e-01	8.980498001436003e-02	7.895566866684504e-01	6.029595744809879e-01	6.929234735169092e-01	5.285617269242936e-01 
37257	1.183344312563233e-01	9.394368282237262e-01	8.574108336388184e-01	5.270089262756561e-01	8.340477248812317e-02	5.417046419073384e-01 
37258	4.510112094930425e-01	4.283461414409551e-01	9.802949163039657e-01	7.183902807153716e-02	6.173186072229029e-01	3.710097751445183e-01 
37259	2.244957854154034e-01	8.753256620258678e-01	1.708484311452361e-01	4.874615513195570e-02	7.047497810352360e-01	2.087713583413378e-01 
37260	1.577793188196511e-01	9.118596459328475e-01	9.875816879736175e-01	3.913693495054587e-01	9.780892594615413e-02	8.932019527504230e-01 
37261	1.955080866792742e-01	8.926599118358735e-01	9.830069332304443e-01	9.850647738133859e-01	4.956194858512001e-01	6.759304062816922e-01 
37262	5.136265002720182e-01	6.139539171075233e-01	6.153672340397570e-01	3.710373334451753e-01	1.409628429175181e-01	6.987720065278802e-01 
37263	9.127419758181748e-01	5.919740524105607e-01	1.271181475031740e-01	8.930368916564793e-01	6.638130804820979e-01	7.444367547260768e-01 
37264	2.640466663353362e-01	8.883088658975012e-01	6.197624167519447e-01	4.348950974805723e-01	9.370550214951183e-01	3.245121973215194e-01 
37265	6.436664558219102e-01	9.483433984910805e-02	2.363718427887055e-01	6.312481437955276e-01	4.862036898202280e-01	3.341807687348596e-01 
37266	5.244500960802893e-01	6.817117764995022e-01	2.268406801050718e-01	5.074570288450723e-01	6.667765498472269e-01	7.224601659562719e-01 
37267	1.833874346611032e-01	1.804030501192450e-01	3.364140825981340e-01	7.987546687008602e-01	5.514403835644203e-01	4.773769255156521e-01 
37268	4.975266752287404e-01	4.641823589169338e-01	6.935097746055154e-02	6.246448227319144e-01	3.572192501077518e-01	7.331640584083107e-01 
37269	3.690815774579913e-01	6.212659169087493e-01	6.214729238401506e-01	9.888439942099359e-01	5.616101392366039e-02	5.585279448696077e-01 
37270	3.133561910657939e-01	6.998274702112318e-01	6.533622851843770e-01	5.497280338544994e-01	3.310756135410982e-01	1.395659745389437e-01 
37271	8.839088025893591e-01	8.555257096213874e-01	8.212777510384460e-01	1.107494826944310e-01	3.629827384664597e-01	4.880543008856728e-01 
37272	8.332096486507029e-01	5.463701731275629e-01	6.684573510049178e-01	1.696237312488368e-01	3.451248418284230e-01	2.198977341036767e-01 
37273	6.470006567644889e-01	8.426515170571635e-01	6.840800934862719e-01	7.163516346907018e-01	4.672963393234165e-01	4.129934312836236e-02 
37274	4.495156926333512e-01	8.363779167814077e-01	6.625652600371117e-01	7.098861600784055e-02	8.252219105256824e-01	7.187262744264333e-01 
37275	6.295165613431095e-01	1.385781011258150e-01	4.185537441720039e-01	2.828788460618252e-01	6.883061349803145e-01	7.496293577131020e-01 
37276	4.224448206007689e-01	5.722149375696736e-01	6.051550668688281e-01	2.437225711735536e-01	6.829644202641045e-01	9.681378053352878e-01 
37277	7.317768720592265e-01	5.161740684491462e-01	5.145079784628507e-01	4.002342225984830e-01	6.857977996979829e-01	8.596328202912736e-01 
37278	6.201319571678210e-01	3.327984564624720e-01	7.022843368827758e-01	3.042120501884316e-01	4.915009068751246e-02	1.695806757405310e-01 
37279	3.455113933167939e-01	4.986657833208636e-01	5.958592521938771e-03	8.076653353905609e-03	5.696543993287042e-01	8.311805030476211e-01 
37280	7.268029277803389e-01	1.991709602061524e-01	9.697586046390974e-01	1.453566714866816e-01	4.820498062679776e-01	6.580647391537506e-01 
37281	8.949860291997837e-01	9.044946268687465e-01	2.302796762577629e-01	5.001410956029506e-01	1.482171980423002e-01	9.132440965218674e-01 
37282	4.682789009382384e-01	8.799940701015266e-01	4.294181649710136e-01	9.827868794010891e-01	2.802282927000095e-01	1.152159642033353e-01 
37283	8.424196992267015e-01	9.003602498678306e-01	4.480144206658073e-01	5.447040356438160e-01	2.045722995906008e-01	4.971645113533197e-01 
37284	7.142847113843470e-01	5.500836929073947e-01	9.958302946741834e-01	7.202433039062858e-01	5.581603462613003e-01	5.654846940028876e-01 
37285	5.514238069539069e-01	2.849632735759780e-01	7.646556542090399e-01	5.211824111273430e-01	4.303199450626596e-01	2.467054604770176e-01 
37286	1.792471498154323e-01	3.253059737967821e-01	1.512000868801028e-01	4.095268265388565e-01	8.254470698653940e-01	2.994172849224029e-01 
37287	3.227709225950627e-01	2.937259703379711e-01	1.794113550239295e-01	7.521890875660764e-01	2.765128492733989e-01	4.596396477239391e-01 
37288	8.674050522350729e-01	1.189325480344391e-01	3.599998971261084e-01	3.154194724352190e-01	6.636365836782552e-01	5.645721967167091e-01 
37289	8.125839842542000e-01	3.779212945969409e-01	1.146558891584426e-01	8.084142784627221e-01	9.816459850322669e-02	6.728162358854042e-01 
37290	3.738989719999484e-01	6.495884054571336e-01	9.577795094613821e-01	1.385546262089883e-01	1.707708161188154e-01	3.880994545240418e-01 
37291	3.852600866860059e-01	3.500179659342477e-01	7.134054283208239e-01	5.364601735661086e-01	7.595447924731042e-01	5.388524977205565e-01 
37292	8.358774589541729e-01	8.231571506816694e-02	8.325784680585276e-01	1.528881351244115e-02	8.345048026342433e-01	1.090913168662653e-01 
37293	4.749284612363803e-01	7.019098544036549e-01	2.280238649007044e-01	8.349283583624886e-01	1.732932683887395e-02	8.916604485789595e-01 
37294	3.995005546135365e-01	8.299133110930740e-01	2.695817431759004e-01	5.141564437719790e-01	6.383275890901348e-01	3.677463416791271e-01 
37295	1.869726791917219e-01	1.222656109008312e-02	1.733474667059944e-02	1.447521886531041e-01	1.507811872990714e-01	1.881055627894148e-01 
37296	5.328516431771460e-01	5.360412739850773e-01	5.381235287236625e-01	2.462570710323085e-01	7.250144708552465e-02	2.976683211967667e-01 
37297	7.851095692185264e-01	9.083789060396975e-01	3.799840362649337e-01	6.176880368113927e-01	9.236677195521387e-01	2.144888384335157e-01 
37298	7.267793541433194e-01	3.985961803228577e-01	9.163986933028320e-01	9.548032190440238e-01	2.335245382196850e-01	9.337280201417059e-01 
37299	8.464636676229833e-01	6.330250928332215e-01	7.636413307691186e-01	1.160454103332224e-01	1.471815366052005e-01	4.019689193935920e-01 
37300	4.837917520123495e-01	3.341542157969224e-01	4.141954804836752e-01	5.011264986829490e-01	4.789064044500265e-01	5.649766677827466e-01 
37301	6.892320614723638e-01	1.175804716151117e-02	1.010179413021626e-01	2.273555897303650e-01	2.580151186594810e-01	1.735193888533485e-01 
37302	5.250239109271317e-01	4.312468741234610e-02	8.189829442738476e-02	9.050079471920653e-01	6.608127242237388e-01	5.566013979523449e-03 
37303	1.194967856255811e-01	3.875920779013969e-01	4.041621943023811e-01	3.589547846275171e-02	3.423952969454207e-01	6.376867329877274e-01 
37304	9.696234986044576e-01	1.888589641027427e-01	2.707118253552875e-01	7.332648289079149e-01	3.049043744359651e-01	4.178933619604881e-01 
37305	1.352337478358456e-01	7.886961264483147e-01	7.520475782230718e-01	5.494292287851820e-01	2.898226246656024e-01	2.309539822074370e-01 
37306	1.144058961022673e-01	9.790546861379662e-01	2.427120298346095e-01	2.154238378700911e-01	2.064102754026699e-01	5.007271484940905e-01 
37307	3.889432267234396e-01	7.314341867954629e-01	5.438518359064366e-01	4.708415211508244e-01	6.364421335218671e-01	2.046645596645142e-01 
37308	4.764075351303478e-01	7.559389191474482e-01	5.922566380315724e-01	8.805697298983902e-01	7.918343976101998e-01	9.346519349769931e-01 
37309	5.182564624204563e-01	7.614578957489961e-01	1.235108986140745e-01	7.889682877757439e-01	4.947227241912497e-01	4.284152730500397e-01 
37310	2.068616497362320e-01	6.299564724927565e-01	2.171113990326931e-01	9.589092279593038e-01	1.793857008122773e-01	5.069340236982954e-01 
37311	1.898632097010795e-01	2.937915969145445e-01	4.859887093706004e-01	4.325752395356890e-01	5.092154347846356e-01	6.923989847732703e-01 
37312	9.333023880297795e-01	8.981586615080752e-01	4.238331711030719e-01	4.771542234705548e-01	3.690001826588997e-01	6.027530462493901e-02 
37313	6.818187836007302e-01	8.454077177892475e-01	8.162142237723872e-01	2.740754211666414e-01	7.259774472219764e-01	6.080486213825870e-01 
37314	2.087273556779732e-01	2.442339091767715e-01	3.695065166659218e-01	3.322382542920477e-01	3.320219695251538e-02	8.642292413228327e-01 
37315	7.606535273420874e-01	2.400638466887473e-01	4.941857133499280e-01	9.777649263747804e-01	1.989730741823898e-01	6.735714141622052e-01 
37316	4.846989496074146e-01	3.888362838834693e-01	9.673630110767498e-01	9.706876589780150e-01	8.214115238848196e-01	4.765784458613854e-01 
37317	6.630866432856241e-01	7.547139114489378e-01	3.747371069037994e-01	8.691981438869602e-02	2.318681349194926e-01	7.437372895626990e-01 
37318	1.471951190136350e-01	9.136869185202229e-01	5.891450073519465e-01	9.634093427860222e-01	1.877623392212029e-01	3.151224541082617e-01 
37319	5.714579637029478e-01	3.964896948991761e-01	5.593563637506945e-01	9.409644808345309e-01	7.287279491912239e-01	5.925585607032099e-01 
37320	8.051937216917023e-01	4.893814760676499e-01	8.326224073919571e-01	2.993794345759691e-01	4.671464019767690e-01	3.159548110868571e-02 
37321	9.729508487381744e-01	9.518453515841837e-01	4.204317649921550e-01	9.403138593492628e-01	9.225330100965374e-01	2.418432884113133e-01 
37322	4.168923047449870e-01	5.856196529165002e-01	9.965572003259124e-01	7.916294121144476e-01	6.725394673051962e-01	2.284253347797437e-01 
37323	5.353667012114854e-01	8.197345863188312e-01	1.421122528343053e-01	1.245117080977707e-01	7.831439291048534e-01	3.298745920555082e-01 
37324	4.396341626716937e-01	3.546018923421399e-01	7.263642869546844e-01	9.989905264223882e-01	2.955663727110095e-01	4.550922356802468e-01 
37325	5.915490866599368e-01	1.007600939370506e-01	9.444737117478967e-01	4.241714935862326e-01	4.001395285130197e-01	4.116201132590045e-01 
37326	4.557669746949183e-01	3.730903767855328e-01	3.634654643775269e-01	8.761987396870734e-01	3.134042361347956e-01	2.859984740084030e-01 
37327	1.180420280983867e-01	7.302965408797826e-01	8.716181269249031e-01	1.145992279586379e-01	5.219259525285689e-01	5.441575942300994e-01 
37328	3.430245627383816e-01	5.729265374005430e-02	3.638921800832693e-01	4.851368155726869e-01	1.818043618378250e-01	1.470361087224615e-01 
37329	8.150114076281951e-01	6.214385245095186e-01	5.016380015302626e-01	5.413756941172181e-01	6.204290504662455e-01	7.972043742412721e-01 
37330	9.964679297974649e-01	2.119781366605210e-01	8.979644686439840e-01	9.409416410797004e-01	6.361496302467536e-01	2.981039966913425e-01 
37331	3.525617538730436e-01	9.191660447601070e-02	6.711943739425364e-01	7.160272182505705e-01	9.681153446287454e-01	9.845986100773321e-01 
37332	2.025691793312175e-03	8.615737226147083e-02	7.148951504914534e-01	8.736438187182154e-01	2.007566002201087e-01	2.368211030200222e-01 
37333	4.178014124826535e-01	5.437811629584903e-01	2.941137567600765e-01	7.816935930315841e-01	2.891797806551586e-02	4.759181185979015e-01 
37334	9.287297017540456e-01	8.439293856937109e-01	9.735664310742013e-02	4.303677028186469e-01	3.853050793452678e-01	7.177856935736656e-01 
37335	2.275720770599191e-01	3.817730086770714e-01	9.297638306998479e-01	1.255365452382418e-01	3.227146492911105e-01	5.659134604809403e-01 
37336	4.236405419295842e-01	6.752764031641542e-01	6.578300654226122e-01	9.483491540645944e-02	3.913036209490633e-01	6.259454095856963e-01 
37337	7.943352501813021e-02	3.933293127423754e-01	7.121027818471672e-01	7.943286759752448e-01	2.669731309949295e-01	9.128593820672759e-01 
37338	3.114977852960573e-02	6.847745439432443e-01	4.566405445601049e-01	3.252635352896822e-01	4.664681365091671e-01	4.855585226256207e-01 
37339	8.011816538875837e-01	3.951978377975514e-01	3.294879078536704e-01	8.985382969950039e-01	8.255655410818595e-01	7.147929871989381e-01 
37340	6.163239905686695e-01	5.313761767611728e-02	9.656599541034828e-02	5.460878208028561e-01	1.786741629143591e-01	4.192806447014588e-01 
37341	1.120012808181351e-01	6.023147048439433e-01	9.455704739995163e-02	7.698313462407474e-01	6.971496207160640e-01	4.858606683490149e-01 
37342	3.957767553607825e-01	7.765831457341943e-01	8.791899810913903e-01	1.078795367422884e-01	5.709118212437778e-01	1.461631116206586e-01 
37343	2.073891834390299e-02	6.020615997733835e-01	8.309376555639029e-01	4.773794629040078e-01	9.273251350630658e-01	2.974057916074087e-01 
37344	9.629379855296286e-01	7.285067889506495e-01	6.926036298706213e-01	2.924258929176377e-01	6.270450854799920e-01	5.181691704868195e-01 
37345	7.218879650914520e-03	2.433690755830002e-01	5.713067881629368e-01	1.037848750612628e-01	7.894568963858564e-01	7.499809510772959e-01 
37346	5.230655197627216e-01	9.014581776696529e-01	3.522956554555779e-01	6.176225671626733e-01	6.712895234447389e-01	4.944527570598073e-02 
37347	1.034832350460269e-01	6.706627880552145e-02	8.260284219058363e-01	9.826732161374172e-01	1.749458155478099e-01	3.969402426839528e-01 
37348	1.288363277580758e-01	1.956847343573741e-01	9.990018429229975e-01	9.597739833219787e-01	6.730641972613820e-01	9.263269775204021e-01 
37349	2.571797749293874e-01	6.360021827910105e-01	6.548337660053902e-01	9.497834048000087e-01	9.284280757086483e-01	2.818788514853822e-01 
37350	4.679525748211670e-01	9.356469558252241e-01	5.252479270683824e-01	3.925936251844250e-02	3.943183042082555e-02	3.147048234542388e-01 
37351	7.892403135957384e-01	5.624973506492085e-01	2.161630006582304e-01	1.415359685856551e-01	1.801199173462204e-01	8.874525241029694e-01 
37352	1.909812447572971e-01	2.836031528579086e-01	9.545188029084908e-01	1.700966619747210e-02	2.662763685296645e-01	1.294646184563006e-01 
37353	4.139499088814249e-01	3.951126962877404e-01	3.251493528136747e-01	4.129517513387612e-01	3.548866796097190e-01	9.982135500750567e-01 
37354	3.392787288591632e-01	6.120664545391065e-01	6.342157324004061e-01	9.941124948645534e-01	5.618498588734538e-01	5.626438081090542e-01 
37355	2.759913458842744e-01	2.980243322895953e-02	4.982907634686170e-01	8.012392734183181e-01	6.906179574740202e-02	5.377225938894425e-01 
37356	1.159440964068957e-01	8.583021093431404e-01	1.002199440729897e-01	3.321070970651261e-01	9.998380779287955e-01	2.803398618848714e-01 
37357	2.195596207024341e-01	1.908193222204313e-01	5.639430147427800e-01	1.740784236109249e-01	2.078289884179034e-01	8.302193832724445e-01 
37358	3.035430420672256e-01	6.217788977649896e-01	2.253320795601849e-01	6.286923948809003e-01	3.473064863808949e-02	5.802187591699040e-01 
37359	6.269059444902958e-01	3.740093774972527e-01	1.922852132433491e-01	2.611216768907018e-01	3.681218723618062e-01	7.541350721168030e-01 
37360	8.237654849997561e-01	6.441132182460806e-01	7.839375053457625e-01	3.220562480027118e-01	4.453524911987374e-01	8.529993010931645e-01 
37361	8.597788418921544e-01	5.612965876056332e-01	7.113014099706436e-01	9.599987864308054e-01	8.934036846707593e-01	7.111394874337779e-01 
37362	2.403386478500155e-01	1.129633053731934e-01	9.019588101198704e-01	8.042816625927955e-01	2.870417289841183e-01	1.097877980721126e-01 
37363	6.345010453995787e-01	5.905847710513439e-01	7.315666958371022e-01	8.598331249597637e-01	2.192771654665829e-01	7.662973449408530e-01 
37364	4.400518836640063e-01	8.461831099568787e-01	1.403067219724444e-01	6.323370969073554e-01	1.073047863819193e-01	5.084285943342506e-01 
37365	3.864721685584971e-01	9.310702713816754e-01	1.525418125803311e-01	1.704096734385983e-01	2.531265189187259e-01	5.978943037790685e-01 
37366	2.340897406610147e-02	1.129053608108802e-01	1.591908913847017e-01	7.347103840367452e-01	7.290414677602432e-02	5.259457558979959e-02 
37367	4.458498714705230e-01	3.132427946260398e-01	1.655578809629930e-01	3.478086811247322e-01	1.175244567531741e-01	4.525996099471113e-01 
37368	4.575964791968448e-01	7.520255021527529e-01	4.318438053279388e-02	1.891631750339471e-01	6.118586271125165e-01	2.624615459993768e-01 
37369	9.554605199748001e-01	5.191051031086152e-02	1.086446559562556e-01	9.576724148158321e-02	6.842476076838782e-01	2.159494423381749e-01 
37370	6.041958362814951e-01	7.071977577671398e-02	1.470197137198503e-01	7.567376488618263e-01	2.411294496809735e-01	4.001462326385762e-01 
37371	3.546319521752335e-01	2.645384237470750e-01	5.130515934494564e-01	5.138228435599351e-01	9.992488082494814e-01	5.859557402254808e-01 
37372	5.664174196153960e-01	4.450986792543431e-01	8.991985348515206e-01	7.319753005783890e-01	7.929073603790754e-01	1.672299113903334e-02 
37373	1.845749105255003e-01	2.505038391102589e-01	7.687484937574475e-01	2.277592910582941e-01	4.396670141442059e-01	3.806071204043027e-01 
37374	4.902208375233322e-01	3.951275336533447e-01	4.325176307151642e-01	5.988654934795878e-01	4.908947756005893e-01	1.167652379333811e-01 
37375	8.148149358177628e-01	9.509061141642304e-02	1.874850141757564e-01	9.618346495376130e-01	8.518282602782493e-01	4.286144638567299e-01 
37376	3.619808821761892e-01	2.064602119878215e-01	6.931528876038049e-01	8.750324756256456e-01	7.202830560134179e-01	6.924016953876250e-01 
37377	4.609882158511263e-01	2.867004751631527e-01	1.375003741763068e-01	3.601867502369856e-01	1.867577527588037e-02	9.304077345553822e-01 
37378	3.769097418416802e-01	2.032506858013806e-01	1.809115736656411e-01	1.456582351334664e-01	4.310099773253361e-01	6.205785878098470e-01 
37379	5.262653555377691e-01	9.212308148486683e-01	1.570612146319175e-02	9.587829862529332e-01	5.200963078625949e-01	5.066008970637810e-01 
37380	7.554822418631438e-02	3.349112432146963e-01	6.016915084802040e-01	2.630332383620708e-01	2.967458927523093e-01	4.535197682927921e-01 
37381	6.916477022188007e-01	6.587267749284984e-01	6.599799802806136e-01	3.848005893569442e-01	5.337592500884828e-01	3.802630358283702e-01 
37382	7.720228474456924e-02	9.947474659396091e-01	6.669635109915228e-01	2.147026589208761e-01	3.549342161765947e-01	6.856392867330645e-01 
37383	1.451103934762582e-01	7.318439580182750e-01	8.888899725344451e-01	3.260219671418992e-01	8.775021931517414e-01	3.198999493941199e-01 
37384	9.466005549517462e-01	4.037675482238492e-01	2.411307637771269e-01	9.623066764149381e-01	3.625505340111211e-01	7.612270716397218e-01 
37385	4.689075730130577e-01	4.380987581974355e-01	9.613831485441808e-02	7.059908102760049e-02	7.011319965595063e-01	3.928842076067274e-01 
37386	5.241188493203925e-01	3.927796983126456e-01	5.161098206956451e-02	1.840988296010060e-01	7.775802881352512e-01	5.853702321580473e-01 
37387	5.643618654293762e-01	8.547825728798204e-01	5.801176980976563e-01	2.313253764208990e-01	6.948523133503516e-02	9.350519142742511e-01 
37388	9.169646631539635e-01	2.145956248112934e-01	6.668958718268647e-01	8.058546352227473e-01	5.406175919531927e-01	5.443980645129448e-01 
37389	1.257545846168672e-01	4.872181469049389e-01	9.481656127367940e-01	3.668853483939941e-01	4.495248228542157e-01	3.107161462822539e-01 
37390	1.281124200337159e-01	9.184323963329347e-01	7.488149049453506e-01	2.242507348881339e-01	9.890314773605352e-01	4.499469010391957e-01 
37391	6.171349424948613e-01	5.131503266809276e-01	8.427265998175026e-01	6.687459245644258e-01	6.972491562819337e-01	6.203068874870925e-01 
37392	2.541161562568118e-01	2.616110212456486e-01	4.750894599012516e-01	8.342338543544681e-01	4.929363976665476e-01	5.445746912362868e-01 
37393	7.692857681630578e-01	4.099010603548498e-01	7.591703165132414e-01	4.361816395242613e-01	2.157556955775971e-01	2.997879080007728e-01 
37394	9.805797040372061e-01	3.415102801944643e-01	7.870060549057117e-01	9.287453163083388e-01	7.083956285884584e-01	2.365308777599274e-01 
37395	2.394614625905927e-01	8.365080486221742e-01	1.549632736272007e-01	9.882763675359434e-01	6.075878304464686e-02	1.439947505220746e-01 
37396	4.382232681094777e-01	6.778937255395081e-01	6.571450772030023e-01	2.809498674613190e-01	3.466396496382727e-01	3.543942330192748e-01 
37397	9.012567549484115e-01	6.007558063607457e-01	6.160052547305847e-01	3.763462143840018e-01	4.349896602495525e-01	1.089416519314710e-01 
37398	9.209209060859498e-01	2.042754284126104e-01	5.188427127519821e-01	6.800912221335299e-01	6.404570679368717e-01	7.345984083295792e-01 
37399	9.798791301343027e-01	6.210367719740778e-01	7.610868805838222e-02	7.668851850400145e-01	5.497820878167553e-01	7.845043166468406e-01 
37400	3.416062334280490e-03	7.892435504073479e-01	6.210123652690148e-01	1.583793359614812e-01	7.775199174776301e-01	6.817711483136616e-01 
