76801	3.694334138973772e-01	8.613727017591580e-01	4.667764108007664e-01	1.067047310558635e-01	8.253997423804363e-01	6.298851140913950e-01 
76802	6.625761942298041e-01	8.476122835872753e-01	6.152595037665495e-01	7.354961464812495e-01	4.963751228043694e-01	9.826178094291211e-01 
76803	2.745690887209815e-01	7.101029938599575e-01	1.384950471755560e-01	4.634463728700980e-01	4.535629700187421e-01	2.967805994193911e-01 
76804	2.944165674477893e-01	3.631152340039216e-01	1.684279223756995e-01	5.156795017028598e-01	4.663187970716128e-01	3.092611708255770e-01 
76805	8.324164267780336e-01	7.273163798858022e-01	7.338384821702906e-01	8.690217825905522e-01	3.790447676456742e-02	4.612124652886821e-01 
76806	1.024667951755537e-01	4.073378906619446e-01	3.225851665821789e-01	5.692432059763201e-01	5.140426221834694e-01	1.479849084969540e-01 
76807	1.991283200677151e-01	1.766188159476122e-01	9.955971925498904e-01	8.143878238342646e-01	9.121149624288617e-01	4.919723148885985e-01 
76808	7.970056332633857e-01	1.866840506841820e-01	2.020753087485560e-01	9.355006804389416e-01	6.501304240199414e-01	6.556382787672981e-01 
76809	2.322812793926714e-01	9.445469914677306e-01	1.875351230555843e-02	4.007092022340322e-01	4.602264927049291e-01	4.850723093771712e-01 
76810	7.099703730596092e-01	2.926429190173014e-01	2.123886887973122e-01	4.438088547642384e-01	1.616647011421922e-01	2.502931655618796e-01 
76811	9.050213205185819e-01	2.641314963177459e-01	6.576310566894855e-01	2.276064866350994e-01	8.333747027597272e-01	1.716736784072936e-01 
76812	3.755913955977147e-01	3.250302236178099e-02	3.482924943549058e-01	3.711885876819438e-01	8.468908461960456e-01	2.604074567837675e-01 
76813	8.631609025705423e-01	6.438964789937700e-01	4.470915074679495e-01	6.523621085343706e-02	5.793971589670504e-01	9.722193102222958e-02 
76814	7.208744896207352e-01	8.116784388253830e-01	4.176892202429889e-02	7.396280019262936e-01	2.123876405937540e-01	5.019954147292279e-01 
76815	2.247003113034649e-01	9.223580136533631e-01	7.946383337465294e-01	4.370890001007770e-01	3.661668684176015e-01	9.563030353543829e-01 
76816	6.873821661283179e-01	2.711881884705220e-01	2.204345312064674e-01	3.450132223521421e-01	4.987946751056214e-01	5.380923350053338e-02 
76817	5.166869007594357e-01	8.743860707033361e-01	8.631225586231438e-02	8.649793951143415e-01	2.455746579196186e-01	9.332031025240213e-01 
76818	1.253868514324477e-01	1.087355604901610e-01	5.770995810521299e-01	5.724783593660585e-01	1.739717713435980e-01	1.564967400191802e-01 
76819	6.697002903882882e-01	8.948462614299945e-01	9.681751788445633e-01	7.114692128782483e-01	6.344742628906268e-01	1.805628189726559e-01 
76820	2.134646271418150e-01	8.591745741940916e-01	1.029208321603578e-01	8.102960888344311e-03	2.962635742948687e-01	4.690877005779593e-01 
76821	9.644059962427272e-01	9.836457404231865e-01	7.402758890484813e-01	1.848405269835333e-01	3.286589623096673e-01	2.390705641541027e-01 
76822	2.386497609497280e-01	8.453458630691031e-01	1.134566343917775e-01	3.249620168120423e-01	7.103252577177832e-01	3.590312927770574e-01 
76823	2.581651188704023e-01	8.357121096158923e-01	4.677668532672184e-01	8.352647003881934e-01	4.081904685162895e-01	6.417386246108164e-01 
76824	9.917614404073737e-01	7.789075843891630e-02	5.365848855751496e-01	9.599366187862757e-01	7.893599713171646e-01	1.710591484657764e-01 
76825	1.404994372932703e-01	2.824598458979558e-03	3.023372219420677e-02	2.434202694536281e-01	1.092755934732387e-02	3.264972964890754e-01 
76826	7.125079704972487e-01	9.753335555900510e-01	3.101430364466007e-01	4.527838590800687e-01	1.601740821079230e-01	6.388019987562681e-01 
76827	6.918544232341715e-01	3.988238430576510e-01	4.841478613597098e-01	8.053110580916102e-01	7.237858603353546e-01	1.944731190774930e-01 
76828	1.643423504030063e-01	9.819509792057569e-01	3.018522822772396e-02	6.321092036702247e-01	8.172156791282891e-01	4.383756967440134e-01 
76829	2.738478278153799e-01	8.089771190700015e-01	5.162664551829297e-01	8.104327138561908e-01	7.689137373906159e-01	3.056264265000943e-01 
76830	9.814918623219672e-01	9.094131746838862e-01	3.084510249590739e-01	1.172558405051268e-02	1.528334441375143e-01	3.193785843063978e-01 
76831	3.382228810052494e-01	8.653414146347630e-01	2.947121394307875e-01	6.483659174518501e-01	3.181252732491704e-01	4.548862215387105e-01 
76832	2.871679162081182e-01	9.979696483341835e-03	8.537100650620228e-01	7.713157775678280e-01	8.152907545749520e-01	5.774959249317161e-01 
76833	9.657888966453210e-01	9.796331049779584e-01	5.594469036718117e-01	9.959741248730449e-01	6.117423081825218e-01	3.766625828001008e-01 
76834	4.343498211513971e-01	8.855901359979017e-01	1.856397014044410e-01	9.506162767999882e-01	6.960228493884312e-01	9.545534392607181e-01 
76835	2.562427028344212e-01	6.775147112447372e-01	8.639666134789431e-01	5.646937277934950e-01	6.892402957609111e-01	1.680005715079608e-02 
76836	8.840723120998928e-01	2.746317630049920e-02	8.821414717855591e-01	1.787844510650190e-01	6.758290937523493e-01	2.002667450347295e-01 
76837	6.336706726037294e-01	9.629970099604674e-01	2.102464415180713e-01	4.873807372000910e-01	7.343127875282954e-01	2.553719562736209e-02 
76838	6.487666166614586e-02	7.001016837079551e-01	5.170300139659224e-03	6.243235658036189e-01	6.960758085810002e-01	6.169126083221811e-01 
76839	9.861481380584408e-04	1.304256292667359e-01	5.025027438544215e-01	1.866258495424994e-01	8.104190560106277e-02	1.985255932428528e-01 
76840	1.411792883375563e-01	3.372846084354839e-01	8.760403044875898e-01	5.145901816499374e-03	9.019783362289789e-01	5.652805997828397e-01 
76841	2.194595896729546e-02	7.860506478632104e-01	5.927437760833389e-01	9.040874312185159e-01	9.648350989282295e-01	2.685728698356882e-01 
76842	1.043541757875840e-01	5.985057715319589e-01	2.315698793304944e-01	3.146006173056553e-01	8.588650826638868e-02	9.658826668587899e-01 
76843	3.401378129330174e-01	1.507631703981958e-01	6.659843505667450e-01	3.453081130726766e-01	7.750867362018147e-01	3.620601586820838e-01 
76844	9.622207213948577e-01	7.760728843398732e-01	4.924857879488197e-01	4.647234647836180e-01	9.626987338823726e-01	5.735276940155438e-01 
76845	6.632490580264707e-01	1.038780222199289e-01	9.108123024510277e-01	5.392893625140607e-01	1.090239240364283e-01	8.127906386800067e-01 
76846	1.045699618312390e-01	1.309698830037238e-01	5.988412860775558e-01	6.973137383802392e-01	3.505731375657829e-02	5.636763850057853e-01 
76847	9.658866082159274e-01	1.394114895441623e-01	1.621821560720830e-01	1.974564870807605e-01	4.540121068498176e-01	2.480686643384717e-01 
76848	1.633391539395503e-01	7.941499197828350e-01	3.988318347366675e-01	8.293235045062953e-01	1.394580323898504e-01	1.739185704728209e-01 
76849	1.913836627227178e-01	1.016787533190468e-01	9.499914548126941e-01	6.838694506715375e-01	5.664022185683261e-01	9.126901886950667e-01 
76850	2.573971442214200e-01	2.296512761291355e-01	1.656821044933433e-02	1.682094466724477e-01	7.689406386431962e-01	1.255921344857626e-01 
76851	9.810000853524544e-01	8.735106009400965e-01	2.565620174894864e-01	5.798413709643490e-01	5.708243388546744e-01	2.916193317117259e-01 
76852	1.435177555044730e-01	5.367109466049406e-01	4.310308212558883e-01	3.056999115765560e-01	7.341674336857010e-01	8.850429285713671e-01 
76853	5.537685763806890e-01	8.975065876252514e-01	6.791928478885408e-01	9.526004111173565e-01	7.268300916658854e-01	8.186508807440526e-01 
76854	1.265189815901774e-01	9.182137543886033e-01	9.203296340630993e-01	7.651043593721019e-02	6.020832050601408e-01	4.867318521657641e-01 
76855	9.892006246322769e-01	8.594803492815608e-01	7.163831287605610e-01	5.768834615949930e-03	2.768979548834720e-02	4.853237669380958e-01 
76856	1.313609691017125e-01	8.689880375140291e-03	3.588343674125310e-01	3.879229870568602e-01	5.885312518051505e-01	9.296587062672054e-01 
76857	6.795423187685862e-01	7.320490073096235e-01	4.663696524064846e-01	1.105731395588131e-01	3.774891888617953e-02	2.005370860921857e-01 
76858	9.956160681301802e-01	5.915174952668685e-01	9.804367325177588e-02	6.748089160187212e-01	5.441179059185637e-01	8.248737653833226e-01 
76859	4.934597962971124e-01	6.706368875087411e-01	7.430875193062646e-01	4.137894298945504e-01	7.471473239116125e-01	3.451707239007441e-01 
76860	9.005212825259759e-01	7.363479480782281e-01	2.046510731823049e-01	6.169044108208755e-01	7.421167831598393e-01	2.323408686706521e-01 
76861	1.022281772933100e-01	8.734777522615519e-01	2.410307495114537e-01	4.610625451715023e-01	2.614007388527508e-01	8.295620013166042e-01 
76862	3.907212509730464e-01	9.409430576213370e-01	5.616110081605664e-01	8.570909038451924e-01	5.151619718015017e-02	5.993599270467460e-01 
76863	5.762798947171680e-02	4.713226484466915e-02	1.908774218479532e-01	1.556716627234927e-01	7.219411808633903e-01	7.349953282321782e-01 
76864	9.805454281068153e-01	2.154009766948414e-01	4.056322152752579e-01	7.236329474130799e-01	6.291904070550531e-01	1.527795387212092e-01 
76865	6.880367084816269e-02	5.297116891153677e-01	8.891274872650986e-01	2.734547440304676e-01	1.466160994705819e-01	6.312442699592766e-01 
76866	5.057956131667810e-01	2.488442767638919e-01	5.047220217551673e-01	7.468263626782347e-01	7.099068219353942e-01	7.661227610735795e-01 
76867	5.763883635291775e-01	1.006280729084406e-01	7.070658182292552e-01	1.379993712240827e-01	9.577189767536330e-01	7.585820154094054e-01 
76868	7.373592987364900e-01	1.534696575968851e-02	8.057142807197358e-01	9.282367205844432e-01	1.710186284831812e-01	5.276554611174648e-01 
76869	6.632320483509601e-01	1.515640565899965e-01	7.430564382779675e-01	6.886426362621796e-02	8.751970040030763e-01	3.722468448673593e-01 
76870	2.216438023474271e-01	9.440006748512391e-01	9.019585339827270e-01	1.107712891468645e-01	2.174554188817066e-01	4.857463298764761e-02 
76871	7.420155591061411e-01	7.232510320484876e-01	2.974189097515396e-01	2.467375808613084e-01	4.700773942610609e-01	7.325731686933772e-03 
76872	1.286034146922656e-02	4.646575732457719e-02	1.079538045953744e-01	7.199261596984817e-01	1.844651285486599e-01	6.567278088334612e-02 
76873	4.785081751078871e-01	9.218244272851499e-01	8.101974664303463e-02	2.842224553619616e-01	8.500611478695931e-01	2.520383751262158e-01 
76874	8.118779164794264e-01	5.132931957548919e-01	4.036024317162123e-01	5.549343542917325e-01	5.821574593811097e-01	2.787994352536273e-01 
76875	9.271811991590919e-01	8.038012621941982e-01	2.228001101048664e-01	8.291397326761576e-01	9.145725513410626e-01	4.402555289865730e-01 
76876	8.777143656638052e-01	6.565881104472038e-01	1.635065605693993e-01	1.751332754153448e-01	9.033256913085123e-01	6.335839548304603e-01 
76877	1.824590071022785e-01	9.161860327777388e-01	6.800497121550374e-01	2.904128116976529e-01	6.361121920105592e-01	8.645148407036973e-01 
76878	3.560855925809990e-01	1.146203666527850e-01	7.863392679888472e-01	4.371053392240337e-01	3.988428220147466e-01	6.364004153927790e-01 
76879	6.891437143502495e-01	2.107207384941730e-01	1.496936106820095e-01	9.274614606646175e-02	7.656550927859056e-01	7.318510705287806e-01 
76880	3.715455813200891e-01	6.928362919449975e-01	5.356523322573176e-01	5.943456914249555e-01	5.219760241554938e-01	4.502248831327189e-01 
76881	3.460121994586719e-02	3.996903898192991e-01	1.068129931142614e-01	1.981077805152665e-01	5.748236652346438e-01	1.013868395711234e-02 
76882	8.316917353457267e-01	7.572826723369224e-01	9.263247167348511e-01	5.117414470351028e-01	4.769548356891400e-02	5.624369087454103e-01 
76883	3.762562877388002e-01	4.037810761499130e-01	6.770572753981954e-01	1.625955552619861e-01	8.408864153739467e-01	7.590009741294203e-02 
76884	7.989959706547651e-01	5.300301292585349e-01	2.866208359071151e-01	9.486895813367747e-01	6.227762753249967e-01	5.227592822735939e-02 
76885	6.805406513998939e-01	9.943218571107471e-01	7.451122201723569e-01	2.161929831915502e-01	5.886675480700413e-01	2.670882443278508e-01 
76886	6.664178667899304e-01	6.232687684815698e-01	6.667786341471498e-01	7.732308599041918e-01	8.213765489968362e-01	2.416022989161323e-01 
76887	7.833695443269655e-01	6.530682843425629e-01	9.988849712530546e-01	7.096942605961553e-01	1.648097309120045e-01	4.658045435630737e-02 
76888	2.721311688759044e-01	5.410660186508046e-01	4.503615305062204e-01	9.491884447397611e-01	7.036615739127908e-01	2.912479454145059e-01 
76889	2.508854168704177e-02	5.026575441018947e-01	8.212780746730408e-01	3.117093775941568e-01	4.513471254386693e-01	4.440543499980375e-01 
76890	3.639853058215162e-01	1.318877763729020e-01	4.383762066431233e-01	1.090975259938732e-01	3.480807600301135e-01	2.704375424750324e-02 
76891	3.761857703217239e-01	1.449862635438266e-02	6.503125227290729e-01	4.296440400321241e-02	7.877294862585745e-01	4.716890717259092e-01 
76892	2.845667029193448e-01	5.710990301198787e-01	1.247573556028108e-01	2.834516737067381e-01	2.807932907160340e-01	2.895670865148153e-01 
76893	3.300321280630455e-01	5.529244595919384e-01	8.306331056312812e-01	7.803936585692659e-01	5.021129038660381e-01	5.342946790784107e-01 
76894	7.164160351811051e-02	5.272014455530799e-01	3.695222318030532e-02	8.929196781911514e-01	8.389108231472368e-01	4.882993486189746e-01 
76895	3.369740277235275e-01	2.028961289687530e-01	6.201871249918766e-01	7.753502343666508e-01	3.119936549626261e-01	9.682678850219901e-01 
76896	8.023939890798153e-01	6.881794252843501e-01	9.827665113763728e-01	4.527065113432270e-01	7.311438292875624e-01	7.704959976349472e-01 
76897	9.243955830691362e-01	1.571053174124590e-02	3.415950272891647e-01	4.915293820628568e-02	2.991622054479840e-01	6.223883180051988e-01 
76898	3.387200251867623e-01	6.291943335110295e-01	1.753127775971371e-01	1.693531303523821e-01	4.095879916146342e-01	6.774256814631753e-01 
76899	7.036478094307929e-01	4.812295951327447e-01	2.046271270162552e-01	7.406000326110982e-01	3.741492728582347e-01	4.353794969783069e-02 
76900	2.288993807644115e-01	7.111233010474235e-01	2.464340786665837e-01	8.490865062219494e-01	4.864735349484131e-01	5.584277336292098e-01 
76901	8.173543907782782e-01	2.888675235625671e-01	2.466071584478985e-01	8.001209021546509e-01	7.415740353714554e-01	9.777509877354610e-01 
76902	5.706168993239370e-01	6.659696179749303e-01	9.934615194767069e-01	9.122119266131017e-01	7.151225566468772e-01	2.926237244590296e-01 
76903	5.346002446183005e-01	5.384258136797816e-02	9.218180579700591e-01	7.099130222154376e-01	2.231957117203603e-01	3.314060491190320e-01 
76904	3.873387032129517e-01	9.268435211511531e-01	8.126356442517767e-01	5.919658302292069e-01	6.674435537622513e-01	1.867849171100114e-01 
76905	6.355037803926988e-01	8.963429345266628e-01	8.979082181574349e-01	8.819378590592825e-01	7.454294402829509e-01	3.843817526401867e-01 
76906	4.403655926884923e-01	5.627838310612290e-01	6.732492766684151e-01	6.869727511363909e-01	3.629047327502187e-01	4.148233115742092e-01 
76907	6.647237388718518e-01	9.335216320741557e-01	8.079292908347814e-02	6.581852578828974e-01	8.457335582215961e-01	7.959154857303554e-01 
76908	9.508089828075883e-01	3.803338023742353e-01	8.497580670983336e-01	8.726270403119861e-01	9.024682412401160e-02	7.295377835303256e-02 
76909	2.040330894310181e-01	4.775855278026245e-01	9.997972999698470e-01	1.666873321713355e-02	6.955135756617009e-02	6.672408532664370e-01 
76910	2.034536503271450e-01	7.050551379588690e-01	5.635837873274385e-01	1.013618680189186e-01	5.869929970181514e-01	3.090132276103894e-01 
76911	4.857436211247666e-01	2.735858924098247e-02	8.717970586716184e-01	1.589928973275204e-01	7.143313403773733e-01	2.347017909561758e-01 
76912	5.738162089017296e-01	3.790550787835638e-01	1.682234225646702e-01	6.546091379852077e-01	3.724033666646124e-02	1.395698032060497e-02 
76913	4.505246237155630e-01	9.880493194740495e-01	3.942907831605015e-01	3.002826903482353e-01	8.606763593203743e-01	4.845376072845131e-01 
76914	3.732364691669291e-01	6.470944828573123e-02	9.621231350871376e-01	3.730337686711148e-01	8.137818196852607e-02	3.167449265330773e-02 
76915	4.027462147189054e-02	2.848318322956711e-01	7.367296306121767e-01	6.038584087993291e-01	3.861937007802509e-01	3.237226271646668e-01 
76916	9.128716364097184e-01	8.719373219050175e-01	3.510812164056493e-01	7.846686946156755e-01	3.093021876687660e-02	6.541255678302262e-02 
76917	1.937048510618996e-02	6.047464276686061e-01	4.444676355665865e-01	1.875939076708601e-01	2.593555651881525e-01	4.817079722330477e-01 
76918	2.015508884571264e-01	7.098801889037155e-01	4.697572912414359e-01	5.958416716176279e-01	1.016287925195083e-02	3.304336505618103e-01 
76919	8.037927843647975e-02	3.833993484188800e-01	3.951430988475416e-01	4.250241352361740e-02	7.564331170899947e-01	4.765212808160676e-01 
76920	7.417690617692513e-02	7.967077385618853e-01	7.613531135773999e-01	8.109065367891019e-01	4.005661468955530e-01	1.475468138919896e-01 
76921	1.346291639537686e-01	3.134377833052714e-01	1.948413533134578e-02	4.857103803594179e-01	9.810647745528560e-02	5.041435409822238e-02 
76922	5.511229371424405e-01	1.174769630271369e-01	6.551607817668285e-01	9.955905731746884e-01	3.050708706979970e-01	9.145163469549811e-01 
76923	4.772985449420747e-01	5.066217591551234e-01	6.243965358586966e-01	9.470558366491719e-01	1.024634303070900e-01	6.345594151106474e-01 
76924	2.774894867453210e-01	1.828427092092311e-01	1.795876306386607e-02	6.726325855928625e-01	2.253451227328485e-01	7.743918801538608e-01 
76925	1.491538664089301e-01	2.995220289097736e-01	5.710996182500848e-01	9.105069799863300e-01	1.104285652332141e-01	9.716657651456380e-01 
76926	5.805379341265829e-02	2.450577291869827e-01	2.851035479852481e-01	7.753792874400407e-02	7.307681100120620e-01	3.832100259061950e-01 
76927	1.279522828422265e-01	2.818910466888412e-01	5.006869889333317e-01	7.831130646090549e-01	2.774816193978683e-01	8.057578596313287e-01 
76928	6.976294110983747e-01	7.547801648056042e-01	3.123796187864522e-01	3.220259464914100e-01	7.018360009891149e-01	4.148430490935422e-01 
76929	9.565853616020574e-01	9.793254877344358e-01	5.976857583027733e-01	9.745441246659234e-01	6.519580728616370e-01	8.230308810356217e-01 
76930	7.489360043541230e-01	8.011119392705671e-01	1.225529094797340e-01	3.200356221385466e-01	7.116189187912358e-01	2.329814751786094e-01 
76931	2.917013872841845e-01	7.696727122038941e-01	4.780392043655921e-01	5.768049352694326e-01	8.472106409478982e-01	2.088073139119927e-01 
76932	9.600149611756276e-01	9.751629237901247e-01	4.906983610664952e-01	4.607019496432980e-01	7.582759879335184e-01	7.681799804643634e-01 
76933	2.664598092746268e-01	4.559053990318931e-01	5.229601448043064e-01	5.788394280610790e-01	7.779313455233031e-01	2.247961453277600e-01 
76934	9.936824771546211e-01	7.345167071253604e-01	2.041216325965345e-01	5.913682354573944e-01	7.090608313256227e-01	8.560797059238329e-01 
76935	4.143991160273548e-01	4.579968356797457e-01	6.571916447287387e-01	5.369520259727500e-01	7.780324578182923e-01	3.688105635199745e-01 
76936	7.699335011513594e-01	6.973384463681553e-02	1.384832752582074e-01	2.479727050512902e-01	6.465387803719094e-01	9.856939166717669e-01 
76937	4.567800194289443e-01	6.065537410818757e-01	9.608568399962303e-01	9.474783804954394e-01	6.725569072517366e-02	7.191328279297486e-01 
76938	7.156583604941417e-01	3.337154999998005e-01	1.750382264959804e-01	2.386185052984480e-01	9.125549280608795e-01	9.529695720192835e-01 
76939	4.634146506262080e-01	9.062374047498393e-01	6.874862786789826e-01	6.675362836884038e-01	4.976056397415724e-01	3.965471100046053e-01 
76940	5.236159891465754e-01	9.120047562345884e-01	8.545439456843510e-01	1.808076334096527e-01	4.489567817416772e-01	6.325764030369820e-01 
76941	5.496181969296272e-01	2.188902824273753e-01	7.023102481394589e-01	6.881014726534959e-01	4.668629874786656e-01	3.488490280457069e-01 
76942	6.737953888596014e-01	9.236430069076098e-01	9.554027691275826e-01	6.346522283901703e-01	8.711213869373879e-01	2.265845938709493e-02 
76943	3.537850558542577e-01	5.867797474315296e-01	3.563739593868954e-01	5.288232823502381e-01	8.253982527299776e-01	2.689288869821135e-01 
76944	4.817928543695215e-01	2.888129028905243e-01	1.751662917319528e-01	1.692791325828429e-01	9.563491865789281e-01	6.727719314735252e-01 
76945	5.658262425874482e-01	4.799651752598422e-01	5.847766872424524e-01	4.203701878061379e-01	6.607728091351561e-01	3.373346851846831e-02 
76946	5.294659084311994e-02	2.103910055991220e-01	2.526237509458437e-01	7.552568389825788e-01	8.984924782526179e-01	7.194867388901705e-01 
76947	1.041058665626244e-01	5.722878666465580e-01	6.431297453321190e-01	5.950863522454567e-02	2.069400950367284e-01	5.142511322695069e-01 
76948	8.216709507730188e-02	5.607251508909861e-01	1.010308792353752e-01	4.385410544641973e-01	8.954843324122412e-02	9.264291319653527e-01 
76949	7.074699419119721e-01	5.713412876107457e-01	2.152420343902158e-01	8.826362336439250e-01	7.406204201935885e-01	1.715912209691439e-01 
76950	5.554081646517889e-01	3.064466627810368e-01	6.515563962289861e-01	1.401848518942412e-01	7.268168505871747e-01	3.123292048984809e-01 
76951	1.739183204127095e-01	7.797634414302946e-01	5.227202109632642e-01	4.265420718242144e-01	5.350202799472121e-01	4.212126887502208e-01 
76952	1.460288102487236e-01	6.391261465098365e-01	9.935005558624400e-01	7.891585555808426e-01	6.986347822000435e-01	2.004406504335071e-01 
76953	3.034096873846882e-01	7.808018772773453e-01	7.611658013244932e-01	4.044405666200633e-01	2.193429312758813e-01	8.507142345657173e-01 
76954	3.308696981197548e-01	9.268128731878534e-01	4.220555217108016e-01	5.461117329756319e-01	8.094491063661171e-01	1.626759419043902e-01 
76955	7.177029539447757e-01	3.648572710179059e-01	4.691226046854270e-01	3.692593497081005e-01	5.050421229121471e-01	1.959394548069404e-01 
76956	6.815885550722427e-01	6.789604433248567e-01	9.757028967028963e-01	2.043087655698456e-01	1.055025146834098e-01	5.107231761844471e-01 
76957	6.255214543200663e-01	2.515313249321335e-01	1.498493226942836e-01	6.190220097168451e-01	4.068988051297603e-02	8.484841048943270e-01 
76958	8.194626601503523e-01	3.440995678976642e-01	6.292859817060111e-01	5.806284614748454e-01	7.485401349833888e-01	8.486289129818925e-01 
76959	4.313426955749014e-01	7.940983263748225e-02	7.754417861697459e-01	8.533982177513644e-01	6.255215656131141e-01	5.848908920702016e-01 
76960	1.607415919009324e-02	3.432245190922285e-01	9.497481630881076e-01	4.851967638755202e-01	7.124838692659903e-01	4.547902855345934e-01 
76961	6.811362186824605e-01	3.940724238725716e-01	1.337507288594501e-01	6.568391149196956e-01	5.983811894424172e-01	2.392532435428599e-01 
76962	1.675622911041427e-01	2.239026432968223e-01	4.907845689406546e-01	3.174116137984263e-01	8.429246534793287e-01	5.314744494536306e-01 
76963	1.658957182270920e-01	6.623873131640197e-01	8.755740173512949e-01	7.951816999331032e-01	2.430157741732037e-01	6.241141518690223e-01 
76964	6.438106124493342e-01	6.743584702137664e-01	7.035239849721658e-01	4.192523981534189e-01	5.277566874994695e-01	3.290455501196187e-01 
76965	4.143290223620501e-03	5.438308466895627e-01	6.722700696775085e-01	9.538914533117281e-01	2.902761009942163e-02	3.847539384778375e-01 
76966	4.086817388463215e-01	7.101638287818822e-01	7.788263623504091e-01	5.424324677057716e-01	3.670029437015778e-01	3.772075513271650e-01 
76967	7.816857112486315e-01	5.345652348057205e-01	6.011101946239873e-01	2.724702797236248e-01	8.519768486041468e-01	4.440348476376547e-01 
76968	8.039447291772556e-01	1.787256636557754e-02	1.064221608016743e-01	6.795187465285504e-01	8.130542662986807e-01	3.494379349748781e-01 
76969	3.036328979319114e-01	4.568648782823537e-01	2.379640472298320e-02	7.156882438416072e-03	8.761172769014338e-01	5.515530922224526e-01 
76970	3.362024330236960e-01	8.802605671250543e-01	9.538393844635409e-02	8.472502235543217e-03	8.341520199711211e-01	1.244115485457757e-01 
76971	3.932264407133806e-01	2.428337583517813e-01	8.345753777933193e-01	1.720528025981285e-01	7.852662260575528e-01	2.015783210292358e-01 
76972	5.492603539252935e-01	5.669519373061843e-01	7.361435558349563e-01	1.503705480836195e-01	8.394222170298091e-01	5.881204039734418e-01 
76973	5.944053961869354e-01	6.433669462070647e-01	6.059929703390193e-01	7.008275569886098e-01	3.228856922699538e-01	4.190472361720387e-01 
76974	5.026549149782653e-02	6.265185902018652e-01	8.759121144543924e-01	7.406189668647102e-02	6.336754731059426e-01	7.520293908901650e-01 
76975	6.256149889089236e-01	9.698779061296386e-01	6.322899575495580e-01	7.209989278209391e-01	9.783504083651818e-01	4.664419775206791e-01 
76976	8.454104763667148e-01	3.715768486129012e-01	7.092757358724604e-01	6.799858536943727e-01	5.436296512110297e-01	4.945419619300133e-01 
76977	8.815641747236085e-01	9.289000467066187e-02	6.149389877053625e-02	6.177077300929035e-01	2.432605527542814e-01	9.009161158003454e-01 
76978	2.058281336006839e-01	8.376659489412168e-01	5.442830615417488e-01	8.118211039397033e-01	5.384935054641652e-01	8.671687538117024e-01 
76979	2.308683396460807e-01	5.887589974276530e-01	4.936873440135677e-01	1.067804541004731e-01	6.628208941141240e-01	1.273628166538490e-01 
76980	8.588098449906381e-01	2.884358825573865e-01	9.724072231782634e-02	4.910998025401960e-01	9.434809912664262e-03	7.559113021734688e-02 
76981	9.575417800608751e-01	8.548452867450403e-01	4.471679788302481e-01	6.668175154676742e-01	5.348311399737518e-01	9.907976300412777e-01 
76982	1.613594769320262e-01	4.163953146973603e-01	8.368763424627838e-02	2.228533757025624e-01	3.410304432460249e-02	3.269481870005597e-01 
76983	1.237694915029078e-01	2.399311783909477e-01	1.646141359417765e-01	6.680525530446565e-01	5.175228186498968e-02	7.031076414059417e-01 
76984	5.352213068563590e-01	2.826206219767317e-01	2.918666383679335e-01	2.890865040426545e-02	3.894010760772047e-01	9.546875324820576e-01 
76985	1.562714670581145e-01	2.482109206021814e-01	2.431234150394441e-01	2.535121893759408e-01	7.393107231423774e-01	2.525582249521083e-01 
76986	3.291033195932877e-01	6.968525027375913e-01	1.074035112314874e-01	7.762712984235358e-01	3.636700182052655e-01	6.422346516709004e-01 
76987	7.670689279991523e-01	5.250294951372917e-01	5.862996590259949e-02	8.507565622454307e-01	7.478828713055155e-01	9.273301022720197e-02 
76988	1.777047487803291e-01	8.716523628084233e-01	3.326641886181497e-01	3.423188847221056e-01	5.397049153874185e-01	3.844164709488007e-01 
76989	4.542652612804739e-02	7.492622177811629e-02	6.670370929255323e-01	3.372931644959809e-01	1.038348721823817e-01	5.643816853707571e-02 
76990	2.919806969780385e-01	2.601063392404962e-01	3.046490891392571e-01	5.351041120174825e-01	5.136185286164370e-01	4.395981228163457e-02 
76991	7.876623369695909e-01	8.427218482097247e-01	7.408123150192258e-01	8.950658486667395e-01	6.189931461675992e-01	1.044823327588301e-01 
76992	5.373004998719788e-01	3.860620737010902e-01	6.295118283617831e-01	5.959304657745783e-01	2.368186354808596e-01	3.773946992016373e-01 
76993	6.886634760017802e-01	4.145233847268500e-01	2.490470615443993e-01	2.132766461992993e-02	7.568422694489557e-01	7.887519769318179e-01 
76994	4.057441355687306e-01	8.022687955770030e-01	8.636781991755954e-01	7.278122802860161e-02	1.395619600729840e-01	9.675130713579772e-01 
76995	1.292193965656773e-01	4.315426570510225e-01	2.276194105984733e-01	4.338684857049345e-01	9.666467690685050e-01	7.412379392149103e-01 
76996	4.778282979865690e-01	7.543091055724347e-01	5.839597874246351e-01	2.186406130057949e-01	6.493749537735130e-01	2.029529331265729e-01 
76997	3.231229457646250e-01	1.866754531798304e-01	5.890150072933245e-01	9.526347741264081e-01	7.826059189544087e-01	8.258336427741840e-01 
76998	3.300294728623840e-01	4.712693949561889e-01	2.403570270353728e-01	5.790765344067833e-01	4.925970595761189e-01	9.971992969499898e-01 
76999	3.678285113386011e-01	8.983411951448494e-01	7.994680920613315e-01	2.315067100485352e-01	9.711224231734511e-01	9.390300521343156e-01 
77000	1.990197809408511e-01	1.003418192734671e-01	3.705727087196767e-01	4.266391915393244e-01	5.342103049784015e-01	3.372194773225204e-01 
