38001	3.820081760091745e-01	3.882593803053067e-01	5.067381907751496e-01	4.848954125702826e-01	2.487700275372574e-01	7.712173819407901e-01 
38002	2.997869226614884e-01	2.524538409209129e-01	8.308266880134245e-01	5.399230674560754e-01	6.511962253838760e-01	5.360973866358852e-01 
38003	3.773085472068323e-01	4.840108451824686e-01	8.023421996284007e-01	5.332961820686684e-01	4.436905632930298e-01	2.775891666661898e-01 
38004	7.155704171003636e-01	8.903887061823107e-01	4.175296423107058e-01	1.355683790219800e-01	3.160353052970186e-01	1.307110423830855e-01 
38005	2.191040963954777e-01	5.146613230531389e-01	2.015896934091997e-01	9.870790056824120e-01	3.389923224872874e-01	8.995410636530915e-01 
38006	4.332312780587148e-01	7.210004984964619e-01	2.878004434927369e-01	9.399694688338645e-01	2.058959106010831e-01	5.365704714956556e-01 
38007	7.111868503089933e-01	5.056828332625716e-01	7.890243124165686e-01	5.420135378567565e-01	4.560590071864701e-02	4.402205378004446e-01 
38008	7.811092402698050e-02	4.229144479254794e-01	9.242313829829131e-01	8.804531241210425e-01	9.562106304598090e-01	3.679219458102816e-01 
38009	1.580422903215710e-01	6.717810470945114e-01	2.583106515269311e-01	5.755719326322768e-01	8.073494261164914e-01	5.743459572896110e-01 
38010	7.062829754810236e-01	2.645352204630781e-02	8.900727987708863e-02	9.078726688902232e-01	1.353252726305859e-02	4.279996023643760e-01 
38011	8.074137320776534e-01	4.467638053217734e-01	1.490001008608379e-01	9.521417557039027e-02	3.867332736899766e-01	3.548960114619211e-01 
38012	6.317846470660459e-01	9.792012353330856e-02	8.605788451901538e-01	4.208089590169531e-01	6.399336613900650e-01	9.061847459088008e-01 
38013	8.610294968173976e-01	7.180445854170455e-01	3.290991933686189e-01	7.852608793346495e-01	5.984977090724267e-01	2.853098233627667e-01 
38014	1.531828251449311e-01	7.565399998596590e-01	9.570908704572780e-01	4.114934766718621e-01	3.321119320262745e-01	7.644402961081082e-01 
38015	9.858394339614731e-01	3.839490704163672e-02	7.908938181544160e-01	7.484671383856177e-02	9.462675763975212e-01	8.044263454174746e-01 
38016	5.028463162029377e-01	7.536813080095134e-01	2.511901502735867e-01	6.518464170637757e-01	8.488954835799036e-01	6.379234239635633e-01 
38017	6.742428525696708e-03	4.806801301802882e-01	7.358435474968719e-01	8.673212737158505e-01	9.014890896629025e-01	3.757772084212756e-01 
38018	7.735060191589901e-01	7.625185860146390e-01	9.382179383832114e-02	1.026052120619478e-01	5.477794653492885e-01	6.923195029107478e-01 
38019	3.879150358903757e-01	7.009622904942195e-01	4.488595023047456e-01	3.450059058819925e-01	1.124557667004204e-01	7.809714347966814e-01 
38020	1.094462019901006e-01	9.829520066189357e-02	8.193663418383181e-01	9.003400201445166e-01	1.731419145004553e-01	7.656339177701780e-01 
38021	7.047663655619911e-01	6.759882307033931e-01	5.193152257796914e-01	9.559565158355778e-01	3.278346477671688e-01	3.682107088939336e-01 
38022	5.938799397991411e-01	3.345770762928655e-01	8.488908395398831e-01	3.297234868303516e-01	2.018983495430547e-01	7.503799287371244e-01 
38023	7.055006957172885e-01	9.754043687020448e-01	5.128985142861020e-01	7.993224895556097e-01	7.800958029833137e-02	6.067797916972915e-02 
38024	4.916419920006962e-01	4.659246161887071e-01	7.616402696639487e-01	9.405014947711031e-01	8.109305225363609e-01	8.740960368300305e-01 
38025	7.214729291021232e-01	9.203767245264616e-01	9.723912374919239e-01	5.408392704747800e-01	8.207167442053169e-01	1.455331515267180e-01 
38026	3.064731882449580e-01	5.254831093016468e-01	8.215213822301111e-01	8.257884140246494e-01	4.814396251372246e-01	1.493560295316186e-01 
38027	1.939991224529218e-01	7.531956447070444e-02	4.839331058244841e-01	4.288996152714359e-02	4.050430513010561e-01	6.858314553675389e-01 
38028	7.932698902642680e-01	1.105437465526833e-01	6.612358236039224e-01	3.061684045503700e-01	9.098662361082930e-01	7.392454043679151e-01 
38029	3.668463837200992e-01	4.015082281089892e-01	2.051700200909609e-01	1.284866533840479e-01	3.420097224144310e-01	1.610054216166052e-02 
38030	2.582689748416976e-03	6.348265105089296e-02	9.364772666881220e-01	9.749739272403409e-01	6.043219215256730e-01	7.571940108934390e-01 
38031	1.205070783013977e-01	9.107951097706311e-01	2.826771197294244e-01	9.420284605315088e-01	7.365835233296191e-01	7.641167448666490e-01 
38032	9.138449006312736e-02	9.305826462482022e-01	8.394363093373535e-01	5.753175958876114e-01	9.734726077753457e-01	2.444793606384096e-01 
38033	2.611490512551503e-01	7.667424980396137e-01	3.550231071910929e-01	9.223848748590727e-01	7.291090212432244e-02	2.648893432993858e-01 
38034	6.616302787613265e-01	4.397572858444216e-01	6.663975714083750e-01	8.668002993179487e-01	5.682439392284695e-01	8.407293357144713e-03 
38035	8.829008414796092e-01	5.708266289768864e-01	7.188994440803767e-02	8.193781081677313e-01	5.458005557515661e-01	6.762118659337106e-01 
38036	5.765721185955089e-01	6.663076340529638e-01	5.870069757043417e-01	8.592492383249334e-01	6.083360945844726e-01	3.235904985682995e-01 
38037	6.233659831915823e-01	6.997205846475999e-01	2.541731443508403e-01	4.628022920632746e-01	2.750381800695500e-01	2.276457521261860e-01 
38038	7.072816527016841e-01	5.361872313247003e-01	9.943882501657998e-01	6.230475989277696e-02	4.585721061837730e-01	6.729915182446090e-02 
38039	3.271941031921627e-01	1.202023844794381e-01	5.070564376688825e-01	9.935916746005378e-01	9.870026837973868e-01	7.530037689735199e-02 
38040	1.998967492021139e-03	8.699035252769960e-01	6.461270058742384e-01	7.388891190005881e-02	6.892816329790660e-01	1.919275616258045e-01 
38041	7.501007778337695e-01	2.658537511089136e-01	8.582351956787683e-01	3.371077530724498e-01	1.251029889681856e-01	4.665712897975796e-01 
38042	6.606982521064105e-01	7.484689721597679e-01	1.662918739795181e-01	9.148713964572509e-01	2.112712642230425e-01	4.413300545147295e-01 
38043	1.425171481177756e-01	9.185529169247266e-01	9.775172858394298e-01	1.369053978179141e-01	9.808576768175036e-01	4.360893915575414e-01 
38044	2.042045496423750e-01	3.080517795440051e-01	5.562917765026408e-01	7.112609877769188e-01	3.016434536788815e-01	5.432944598343663e-01 
38045	7.865613646742707e-01	3.036424211709026e-01	4.131979846457010e-01	4.326883700828479e-01	3.775313330709614e-01	1.024796171591057e-01 
38046	6.246159317086525e-01	1.276321109047309e-01	3.683333682680192e-01	4.828511273874208e-01	4.647398639771808e-01	4.934363577018661e-01 
38047	9.494224171850003e-01	1.254381156179300e-01	2.419053293959728e-01	1.157142911645185e-01	4.030951207518089e-02	4.531765936190154e-01 
38048	5.570443456792479e-01	1.828266601929565e-01	3.717295105437420e-01	5.345616310530164e-01	3.197320584765319e-01	3.525871868955843e-01 
38049	9.706510230762190e-01	5.239366081189069e-01	6.606389669052507e-01	5.269427991131985e-01	2.351975954301644e-01	9.622824205841322e-01 
38050	7.023725848190358e-02	2.175895963877391e-02	2.659248417550348e-01	4.834352435932659e-01	4.544473301872832e-01	6.434561748259963e-01 
38051	5.859148607523715e-01	7.906326143027435e-02	7.710882857307272e-01	9.542482294860520e-01	5.619143888176952e-01	2.358281497079079e-01 
38052	4.476845867222569e-01	5.113368060026955e-01	3.612662653258379e-01	6.895899161182297e-01	6.270510971672140e-01	4.015757774010188e-01 
38053	1.427665097372451e-01	1.840954423808006e-01	5.844024380596365e-01	5.144960202809871e-01	7.186570734338169e-01	9.041344965361685e-01 
38054	8.670832071765714e-01	6.893080960443747e-01	4.280711041894141e-01	5.277221736161607e-01	2.162508946919119e-01	6.632687000852399e-01 
38055	4.900045942002929e-01	2.864881536394768e-01	6.850276597240137e-01	7.559294359553277e-01	7.699233972327427e-01	1.394749894456356e-01 
38056	3.993856103156626e-01	3.558382575194530e-01	2.185382513415712e-01	1.704738960463898e-01	3.100864865398437e-01	7.804526401592664e-01 
38057	4.063020457542977e-01	7.577710732621006e-01	2.917894456963006e-01	7.675683110801356e-01	4.473609893803303e-01	9.188405428635146e-01 
38058	1.691440884811543e-01	5.901274991175753e-01	1.029359847786538e-01	7.535465265407909e-01	1.046235189329011e-01	8.215930586781320e-01 
38059	6.576810226112981e-01	9.717067261094724e-01	5.109011542568455e-01	8.575212633505097e-02	4.994288997256331e-01	7.271520494144187e-01 
38060	7.490208264202908e-01	9.894334939259261e-01	1.364020258823419e-02	4.340484861443045e-01	7.453629294155925e-01	7.835635998209769e-01 
38061	5.735234755899401e-01	1.447485392655938e-01	1.394018568747686e-01	7.920617269315113e-01	3.152224353119835e-01	4.494883438802736e-01 
38062	5.725143670907776e-01	7.215244810662812e-01	2.072594166767129e-01	8.643038127870782e-01	4.890927921464168e-01	6.546204060570432e-01 
38063	7.831443556505928e-01	6.582368806275711e-01	2.447479047089572e-01	8.860803404292465e-01	4.117834067027007e-01	3.493714236418584e-01 
38064	7.076733986417173e-01	6.946442884833758e-02	3.210781497513308e-01	2.185745528985628e-01	1.552165551833886e-01	8.205070494769640e-01 
38065	9.457266023129814e-01	9.042373820693406e-01	8.099405429372287e-01	9.593668049012156e-01	3.382858677479839e-01	5.553034718871599e-01 
38066	7.429304042565312e-01	9.118093433379240e-01	7.000520111527536e-01	8.823322611312998e-01	7.038710702694352e-01	1.527444646473715e-02 
38067	3.318206045459121e-01	2.763854368945516e-01	7.367989275310184e-01	5.390800216882862e-01	1.406892492159685e-01	2.258917192117738e-01 
38068	1.937004272796681e-01	9.238336048665613e-01	8.841285998393449e-01	4.384483324542867e-01	8.099139452958078e-01	2.959120060763843e-01 
38069	7.878197560961451e-01	5.175873434718640e-01	3.653764349247219e-01	1.088979053818145e-01	7.361618963704267e-01	5.205929905737717e-01 
38070	9.294049548587785e-01	6.818884982177469e-01	4.248303721774511e-01	7.393454973303459e-01	6.412553026533012e-01	7.631162399254349e-01 
38071	2.946489687518445e-01	3.841857064441711e-01	6.749255827976975e-01	9.947009803702593e-01	2.665179675754709e-01	3.787966526014715e-01 
38072	9.975426369335235e-03	5.983385721213830e-01	6.551820894960231e-01	7.467743539003536e-01	1.374185933440079e-01	7.958713391776528e-01 
38073	9.726660735777887e-01	3.311190210893373e-01	7.197049435785529e-01	8.567946729514723e-01	7.695673535436239e-01	5.296188884086995e-01 
38074	1.527066790278566e-01	5.573871091741077e-01	4.720623188056342e-02	5.180831139525786e-01	6.662850150215835e-01	7.833681282509901e-01 
38075	3.867610406068903e-02	5.956899694147008e-01	4.652566264687369e-01	4.635064762381401e-01	3.350354667450466e-01	1.065119286563769e-01 
38076	2.266227156979138e-01	6.296844354968911e-01	4.906976355662093e-01	9.015482989612726e-01	6.243854154014892e-01	7.572156031416801e-01 
38077	2.803449510970828e-01	6.343608417708244e-01	3.555541747974019e-01	9.355270410587672e-01	3.811351956711780e-01	4.929727686070710e-01 
38078	7.313983797707587e-01	3.538012687833054e-01	8.240917896964083e-01	4.511033228836503e-01	2.105959412691165e-01	5.936591427743710e-01 
38079	9.807222117580111e-01	3.633026202969731e-01	1.510462514828175e-01	2.792844317291325e-02	8.813857347152130e-01	8.173312665044010e-01 
38080	8.112965714239033e-01	9.200618387759020e-01	4.130212359191017e-01	2.765531974269790e-01	3.835683150140421e-01	7.480567026641484e-01 
38081	3.830651265490172e-01	6.101910307119559e-01	3.777411376953782e-01	8.737627621152265e-01	5.117393292075672e-01	2.126553096867424e-03 
38082	6.309783647912454e-01	7.920842807703112e-01	6.364873948676919e-01	9.865325395886472e-01	7.276113213634171e-01	1.762259007320860e-02 
38083	4.795053077300570e-01	4.590097006685145e-01	3.714238588565140e-01	3.035970969608040e-01	9.101130235521649e-01	5.820198005912918e-01 
38084	8.972562397351750e-01	8.908352348445148e-01	9.453224208882649e-01	4.830249121799250e-02	9.187636780174280e-01	8.267081551378165e-01 
38085	8.656337577223935e-01	7.300602494413314e-01	7.467699939137185e-01	2.786549931758340e-01	6.613446402649137e-03	1.303383084620993e-01 
38086	2.671169537432105e-02	3.896785729516664e-01	7.405293391740552e-01	4.044528335353605e-01	2.634413346012315e-01	2.522686683816224e-01 
38087	4.065793866322280e-01	8.944196993924769e-01	4.435294868627235e-02	4.306678103425856e-02	8.809522389811241e-01	7.719642700496895e-01 
38088	6.068937157312845e-02	3.604575462455198e-01	2.309739702525427e-01	4.321132304296425e-01	6.640546436719851e-01	1.410869933390464e-01 
38089	1.413303055527296e-02	5.613108829414988e-01	3.192222818356111e-02	9.594554519091991e-01	6.096133741594914e-01	9.506859062009891e-01 
38090	7.861636065813543e-01	4.752471318818848e-01	6.807461551766592e-01	5.329336000294116e-01	7.539021250577188e-01	6.873596020449696e-01 
38091	6.632719084915109e-01	7.806138208977011e-01	7.703817453097467e-02	4.038012476655660e-01	1.850666539674004e-01	3.404795095978675e-01 
38092	6.560699160471885e-01	5.916460405996283e-01	2.348992085246831e-01	7.004228647334607e-01	6.347128216338870e-01	1.158514470401460e-01 
38093	4.723871343174889e-01	6.954021932070154e-01	4.763089937513270e-01	7.033611045700316e-01	1.275154236366579e-01	1.403636369576508e-01 
38094	8.444480979090780e-01	1.416484541919308e-01	7.016745198991496e-01	8.763703260926392e-01	1.011039056354686e-01	3.112878940586410e-01 
38095	8.270562322936282e-01	8.872675126824843e-01	7.865350259405258e-01	5.078023870046262e-01	4.202011122462345e-01	5.404371505325833e-01 
38096	1.951619885839345e-01	8.347302073774535e-02	3.210509709646232e-01	2.722001635805704e-01	4.872742684033114e-01	5.061176249320235e-01 
38097	6.126796731784380e-01	1.433441839848385e-01	9.776366506599060e-02	8.475788817031210e-01	8.437670487182993e-01	7.324764871655388e-01 
38098	9.634303292089283e-01	3.161541825701270e-01	4.278786799068929e-01	4.397393224945941e-01	1.951528667449732e-02	5.553941035435508e-01 
38099	5.801029594522449e-01	8.639633845835754e-01	6.970425582011428e-01	2.817774788857333e-01	7.403337106762146e-01	7.981464638366115e-01 
38100	5.930653729443742e-01	5.673899425041815e-01	6.854139760534345e-01	3.796003984192388e-01	7.519232904314638e-02	1.056150882996689e-01 
38101	9.200375494174834e-01	2.703543180927421e-01	1.890881090374142e-01	2.410885199164453e-01	5.425544816733125e-01	6.763623774407256e-01 
38102	7.472061453141301e-01	1.552341543860893e-01	8.197065614255642e-01	8.449698103801206e-01	2.813035623549035e-03	6.634736096782021e-01 
38103	5.774462970799982e-01	9.662433648324773e-01	9.796277922483291e-01	5.324976986891113e-03	4.059826868614101e-01	9.991430789228264e-01 
38104	5.607190805304418e-01	9.860856463136550e-01	8.631064630407405e-01	2.577616382659234e-01	2.678631251993883e-01	6.034401732512937e-01 
38105	5.590810210253489e-02	8.609284981437626e-01	1.708301152898139e-01	7.413220781559693e-01	2.405288965630014e-01	2.460224447986216e-01 
38106	8.469371664556382e-01	1.605664455148235e-01	5.163767628913637e-01	3.602527502739116e-02	4.016549654312688e-01	5.893124409901502e-02 
38107	7.123876524681167e-01	1.488611102797376e-01	2.141653984851043e-01	5.320942134280197e-01	9.938309211255195e-01	2.169784341086533e-01 
38108	1.955678226405605e-01	5.712772177398564e-01	1.832217989411307e-01	1.751956144232283e-01	5.766021947267476e-01	5.892044858025408e-01 
38109	1.743386928803933e-01	1.373212752571894e-01	5.752901321161958e-01	3.744515592113377e-02	3.950829135231129e-01	8.431532573155841e-01 
38110	6.408853291724275e-01	4.509910156256478e-01	7.040817549936854e-01	8.117154449279026e-01	1.923130937816170e-01	9.446106515566868e-01 
38111	5.773788926086290e-02	3.925025977159396e-02	1.051770966058490e-01	5.741146521522266e-01	7.527553526464642e-02	5.068320625027791e-01 
38112	6.330458962512416e-01	7.876631877327632e-01	6.556931727825166e-01	8.472112947363459e-01	3.197574011607828e-01	6.495240934423749e-01 
38113	6.418972837933792e-02	5.153252238013434e-01	2.208013111822313e-01	2.474115273204686e-01	6.905208386902328e-01	7.974035059089789e-01 
38114	8.366160135886707e-01	8.648595315706262e-01	9.347247811661683e-01	4.119061452392052e-01	9.023046874917600e-01	3.298076946892811e-01 
38115	2.550594020891280e-01	5.431900166641874e-01	7.807987103149289e-01	9.591411570828134e-01	3.549054611264288e-01	9.731118040965460e-01 
38116	9.037518086395002e-01	4.126433503872917e-01	1.236206386813990e-02	8.928904779687946e-03	9.867580025395183e-01	8.763759913278632e-02 
38117	5.157609672824670e-01	6.198038983250986e-01	8.753007868655496e-01	1.714541400649837e-01	4.670151925957832e-01	1.950581875606711e-01 
38118	8.209782335073585e-01	5.312049209751212e-01	7.103834118276757e-01	4.177954422392861e-02	7.786164487612510e-01	4.009042500522473e-01 
38119	8.391830505985688e-01	6.152324618842604e-01	2.657637811572122e-01	7.739078312990758e-01	2.713860665780427e-02	1.680684686489722e-01 
38120	1.037155255226956e-01	2.821980087469322e-01	7.112584853131596e-01	8.845142363032859e-01	2.413391653640844e-01	6.616394597392714e-02 
38121	8.576260399341704e-01	1.450909735379233e-01	4.788072963612188e-01	8.699881038023104e-01	1.540198787832725e-01	4.655652984350758e-01 
38122	9.576257029350966e-01	6.697808460657395e-01	8.536919629451316e-02	8.329264898006462e-01	8.412349861307232e-01	5.523843888902964e-01 
38123	2.798467689565601e-02	6.622132196380819e-01	8.358930939975628e-02	7.383680887233317e-01	7.039927638620105e-01	8.622057581610073e-01 
38124	1.392723383099178e-01	5.431758139949179e-01	4.774382195796064e-01	4.050361199327913e-01	3.170836452939937e-01	5.045768262374107e-01 
38125	5.731045885817635e-01	4.207991708166893e-01	7.867748349843430e-01	2.843630734292618e-01	3.053134066543138e-01	2.811400034842733e-02 
38126	3.505270194031890e-01	1.629394465884843e-01	1.732049738863506e-01	8.293343157644077e-01	3.292754992513337e-02	3.272248526696231e-01 
38127	2.948996137338223e-01	9.905532533258913e-01	9.970056992010240e-01	3.802688100283355e-01	8.234797426608762e-01	8.382406848660859e-01 
38128	9.326531989186319e-01	8.514644195565323e-01	5.004539040385065e-01	1.624250785272685e-02	5.898325082798640e-01	2.044466679005170e-01 
38129	8.784482664793954e-01	7.291048465897817e-01	7.476224818954349e-01	3.558864855933406e-01	1.341409660569117e-01	6.470612672376731e-02 
38130	8.604633122964126e-01	7.072455546386752e-01	4.855052980061180e-01	6.472381468150943e-01	9.916086280679370e-01	7.908187046604318e-01 
38131	6.753521471635215e-01	3.421356470054647e-01	9.537581512489162e-01	8.485571215155335e-01	1.714699623042112e-01	9.866857016397108e-01 
38132	1.757819737194953e-01	4.663695760380335e-01	9.772389544999408e-01	1.727876724548580e-01	8.466383860663690e-01	8.007186966951558e-01 
38133	1.102835732094401e-02	7.792915845193396e-01	6.521831157860267e-01	5.114822613594505e-01	7.955340928377277e-01	2.420156236002294e-01 
38134	7.159289292599675e-01	6.739823588514618e-01	9.711204706556724e-01	4.635514111554024e-01	2.986884397914114e-02	1.052614362469229e-01 
38135	5.282575378791697e-01	8.903321562755537e-01	8.125069913512594e-01	1.376283541962636e-02	5.375703030906479e-01	8.041156189535351e-01 
38136	8.045815405457195e-01	2.129224497885082e-01	1.462512659589999e-01	7.583396913289743e-01	6.147957083838040e-02	3.177212282632111e-01 
38137	7.450253925030238e-01	2.372615450235370e-01	7.840908047669058e-01	7.222643465373033e-01	4.100492174783951e-01	6.307291903676135e-01 
38138	5.229830427667979e-01	4.210775747993391e-01	4.100207748869531e-01	1.751661585528246e-01	9.325598366244509e-01	2.055548672590194e-01 
38139	4.171817821530540e-01	6.484887654187571e-01	8.795372261104814e-01	3.883022523430652e-01	1.120401761084982e-01	9.094060700896225e-01 
38140	4.935636890556494e-01	6.402977144533292e-01	7.997382263651761e-01	3.060706799412475e-01	6.540605498729556e-01	3.373085289901628e-01 
38141	1.101862984291214e-01	4.586420899530138e-01	5.502309787786710e-01	2.564375643881213e-01	2.169817812819880e-01	6.117105500827127e-01 
38142	5.741587931169937e-01	9.620071737850119e-01	8.489720951062497e-01	3.582495974182382e-01	6.842715203223152e-01	2.590213121189835e-01 
38143	9.889787877858518e-01	2.072545626234517e-01	6.800988873839838e-01	3.989995622071436e-01	3.824207211762763e-01	6.126587235427735e-01 
38144	6.045544294661630e-01	7.996025037949916e-01	2.611474884958693e-01	4.840916551109830e-01	1.879047556723956e-01	3.731876650700288e-01 
38145	3.934977252006054e-01	6.814684447280450e-01	1.348537905769673e-02	1.932359511001203e-01	9.875391246692925e-01	6.675459289306523e-01 
38146	5.305444800902831e-01	9.772542309841394e-02	1.261880188836660e-01	8.077545840329280e-02	3.541629874865352e-01	3.431698001656541e-01 
38147	6.924860084860055e-01	9.283217806035289e-01	3.051769734850046e-01	5.414581031265939e-01	2.865713775561058e-01	9.894484938073198e-01 
38148	8.004794157112387e-01	2.755501653419575e-01	1.967030564307715e-01	4.805783026295613e-01	6.745497275491011e-01	5.791237776070478e-01 
38149	9.323702570667351e-02	2.791041570152641e-01	3.787262809363782e-01	3.543845142025429e-01	7.631958121262471e-01	5.666310370744351e-01 
38150	7.275721792725717e-01	1.566935368611913e-01	2.480994813368188e-01	7.410575583302684e-01	3.499294879613116e-01	2.356386060061113e-01 
38151	4.086034872609207e-01	8.804739680515946e-01	3.333640291045252e-01	5.347915061445867e-01	9.612494269205487e-01	6.875270165910604e-01 
38152	8.779613063102408e-01	6.537354349408929e-01	6.158487971945893e-01	1.831382793295841e-01	1.951935380674868e-01	9.024201747506951e-01 
38153	1.725867731369039e-01	9.956729537787256e-01	1.779703396269914e-01	3.692898295676754e-01	4.762512559426256e-01	8.525200676417537e-01 
38154	9.484136071747232e-01	5.694882816492991e-01	1.316242241913566e-01	3.271398881111014e-01	9.238727958518419e-01	8.948200363176037e-01 
38155	8.937709251855365e-01	6.514449751244136e-01	5.151357317879496e-02	1.418704060566939e-01	3.925025329890207e-01	4.014430611401065e-01 
38156	3.775090120628052e-01	8.011060202499414e-01	2.819170291917012e-01	7.108730411673305e-01	3.358975259288668e-01	2.431664556465887e-01 
38157	3.984000577583909e-01	2.138588317734463e-01	8.969018905874816e-01	1.424885448731894e-02	3.969971115686917e-01	9.209542818930719e-02 
38158	9.166690292380141e-01	5.695838847055956e-01	8.776838150237146e-02	9.463936886500537e-02	9.388737142732710e-01	5.640196374449971e-01 
38159	9.471594365067592e-01	8.872873209823330e-01	1.335079186286348e-01	7.878366023245438e-02	2.144272086277731e-01	5.738071448047679e-02 
38160	9.736036965500581e-01	1.081981333476483e-01	7.088256896048903e-01	2.511726926319174e-02	2.500685398700035e-01	1.013282221282498e-01 
38161	4.265603308689596e-01	6.275775519328087e-01	9.024342428438525e-01	7.084773600606608e-01	3.384505931001392e-01	2.383317683070580e-01 
38162	9.516438157072494e-01	7.368506508585302e-01	4.521906005461657e-01	8.485457058290699e-01	7.510995053458491e-01	8.491877121148573e-01 
38163	9.406411344840383e-01	6.677685341182018e-01	4.187715963547917e-01	2.840951552074846e-02	7.624079029832073e-01	3.576453101624014e-01 
38164	5.924291534314068e-01	7.095673390243050e-01	2.449326306790731e-01	7.259370720600417e-01	7.883509992567594e-01	4.593598397725075e-01 
38165	7.833177865405184e-01	7.619546958068175e-01	5.675579731201558e-01	4.921434756797475e-01	7.870719650700092e-01	8.176265129901592e-01 
38166	5.934716982736586e-01	2.136322954733075e-01	4.452040649229679e-01	4.959059406518498e-01	9.221096555339683e-01	7.836546580231072e-01 
38167	7.342377089589078e-01	8.737534707755565e-01	5.205053084159760e-01	1.864283090394122e-01	7.222991766046263e-01	2.716048132961638e-01 
38168	3.561602068860830e-02	6.629403106230033e-01	9.393733474143656e-01	4.543876170434000e-01	6.913498261437517e-01	7.017812503975729e-01 
38169	8.120329272058014e-01	2.837789791094973e-01	4.113485889562166e-01	5.696555788487455e-02	9.716051169538895e-03	1.996995882129760e-01 
38170	5.163253976573821e-01	7.930338377100573e-01	9.616542840197935e-01	8.388337031187647e-02	2.851773133898048e-01	7.487262486241414e-01 
38171	9.015098837676970e-01	8.786490116634634e-01	9.623585445631102e-01	3.467139482250036e-01	3.745549518496520e-01	8.844681996314173e-01 
38172	1.303686057824495e-01	1.087926603428985e-01	7.582216704069737e-01	6.508739141984256e-01	2.952209698479720e-01	4.805208465459388e-01 
38173	9.224787274945894e-01	3.308369905365803e-01	1.434611567032808e-01	8.618520744432938e-01	7.852246080456416e-01	8.348109828470326e-01 
38174	5.636333243752054e-01	5.972575347857818e-01	1.185899619565299e-01	9.749819137970833e-01	6.542230926706564e-01	1.283060131260688e-01 
38175	1.746815015443980e-01	1.705484898623771e-01	9.213398508361260e-01	1.363357850985303e-01	2.544318606399148e-01	2.065171637602696e-01 
38176	8.850620337226717e-01	1.559417439419505e-01	8.516617495807176e-02	8.474205778201207e-01	5.026556921669542e-01	4.597211268077237e-01 
38177	7.318887774515379e-01	6.330242979494036e-01	5.685137876162836e-01	4.901104473928504e-01	2.838982116821679e-01	8.637347574642555e-01 
38178	9.706312939387892e-01	2.063769387110960e-01	1.945717475351746e-01	1.140924501764087e-01	6.822901268872852e-02	9.797963555808162e-01 
38179	9.489034330234413e-01	6.318623375295952e-01	5.770538903665979e-01	6.749339451430990e-02	6.068442508610171e-01	2.312769825715930e-01 
38180	1.957994076403786e-01	7.815257524054152e-01	4.018254728996313e-01	1.171392584765047e-01	9.178615375039454e-01	6.562573335395462e-01 
38181	3.236564222367743e-01	8.029235707609559e-01	8.121990774814967e-01	4.088225976605074e-01	6.503441485810765e-01	3.148547691827895e-01 
38182	8.685437244682310e-01	3.822329255669531e-01	9.478790671321932e-01	4.370575116188533e-01	8.723433729598035e-01	2.317772783486998e-01 
38183	3.007922686174476e-01	8.429746664329314e-01	4.381542170597958e-01	4.953640166182835e-01	9.570671166093401e-01	5.063832297485243e-01 
38184	4.751603717334384e-01	9.059705491671202e-01	1.382455668124583e-01	5.221426163437509e-02	9.734639441470914e-01	7.450898176734754e-01 
38185	2.834912446716294e-01	1.692633513218087e-01	5.266155696132293e-01	6.853167175712608e-01	2.864026097983134e-01	4.444771066515134e-01 
38186	3.415740506451456e-01	6.100590325007490e-01	2.474006774124693e-01	1.537731276609810e-01	1.888162969559507e-02	8.977448259935458e-01 
38187	4.686278968437705e-01	8.874253541638262e-01	2.799777510948376e-01	4.165069635103024e-01	3.244828657826795e-01	1.523211235889798e-01 
38188	6.482842418590021e-01	6.252751344001271e-01	9.952957900219112e-01	8.643845845313670e-02	1.206391505527492e-01	9.523629061655901e-01 
38189	5.928216882016610e-01	5.957995227518489e-01	8.583334548670488e-01	7.310672554797806e-01	6.480137843862240e-01	8.317973985484789e-01 
38190	4.761570726875947e-01	9.315050290578534e-01	1.060749870287604e-03	2.772642300824003e-03	6.168217461634529e-01	2.874633596686010e-01 
38191	4.472497489523374e-01	9.583957968085984e-01	8.975223921693500e-01	6.946504263648067e-01	1.121689240039182e-01	9.164040218649451e-01 
38192	5.923952518926912e-01	5.807968208476886e-01	8.038293760287712e-01	8.723730029875287e-01	9.973037843579909e-01	1.283122413457894e-01 
38193	2.469412611084717e-02	6.455880257513318e-01	7.535873757459165e-01	1.998991566709704e-02	7.320264842044686e-01	8.742265267643270e-01 
38194	9.723528218326870e-01	3.248481724061296e-01	4.700260490505146e-01	8.306862766997359e-01	5.591542742024894e-02	1.180398329710773e-01 
38195	6.624836747825535e-01	5.320725001078437e-01	4.954486202893073e-02	6.635444246528411e-01	5.348451424086677e-01	6.663666081923836e-01 
38196	9.510077847871035e-01	9.820948918266664e-01	6.247624050009820e-01	8.485301764907922e-01	6.767453177258118e-01	7.369313290049002e-01 
38197	7.649341983557373e-01	2.691405696185029e-01	3.177281498525888e-01	5.687635739188471e-01	1.415135721403703e-01	3.150319337449185e-01 
38198	6.970758152646366e-01	1.662076987168787e-01	9.606199599619116e-01	4.506631905448917e-01	1.861976143839758e-01	6.926464437007189e-01 
38199	3.248897168435574e-01	1.585504362166628e-01	1.749461564118723e-02	7.949157658940720e-01	9.892367129163988e-01	7.341004306143617e-02 
38200	9.129555993308106e-01	6.517203872332910e-01	6.054825436349411e-01	9.625004613597414e-01	3.152648118861321e-01	1.403276855779475e-01 
