14401	2.768411488630069e-01	5.862730776827192e-01	9.483454366905361e-01	9.981344519174352e-01	1.801720318292137e-01	5.278093384242660e-01 
14402	2.615817725945179e-01	1.871171617820473e-01	8.469592308844249e-01	9.872696497418311e-01	3.096457814377014e-01	8.254082076369823e-01 
14403	2.959976812340309e-01	1.945727012094914e-01	1.467168974442020e-01	9.973017452272129e-01	4.731865113010567e-01	3.157967879976131e-01 
14404	6.366248413159628e-01	3.996292256748440e-01	4.093750176994945e-01	7.265269321978683e-01	6.486718895140439e-01	5.380370316738435e-01 
14405	3.362748820037930e-01	5.945727026996076e-01	8.024044124420753e-01	6.061917811660990e-01	7.079950024876720e-02	1.782401274788380e-01 
14406	8.528489213682939e-01	3.476406491117741e-01	7.645132056272185e-01	8.011943580588300e-01	3.457751010292094e-01	9.446852374564322e-01 
14407	3.290036960174347e-01	6.073568736237273e-01	1.318023987728182e-01	1.759629264361984e-01	5.946265233655583e-01	4.414481802105197e-01 
14408	1.371133607519387e-03	8.906242045995892e-01	6.360208818856724e-01	1.480880310517214e-01	8.879259493611408e-01	1.092073927210678e-01 
14409	4.638848190493345e-01	5.245507906771035e-01	5.088366188615731e-01	8.732598367488290e-01	2.510777224093106e-01	1.575085079099557e-01 
14410	4.112968684226725e-01	5.873526044131036e-01	7.520812110752245e-01	2.137012803990866e-01	1.935443851135412e-01	8.228807113239918e-01 
14411	3.919414078779246e-01	4.639330648183511e-02	1.705213604357659e-01	1.564546130394817e-01	8.475876645406650e-01	5.162964614649752e-01 
14412	1.011398504959139e-01	1.765913600924384e-01	1.236533346230412e-01	2.329422492687321e-01	3.525542865286369e-01	7.182798579885996e-01 
14413	6.743904299449131e-01	3.539254201361562e-01	6.089040621225276e-01	3.104113113649242e-01	5.020134511878777e-01	4.968300114836683e-01 
14414	4.196187040859921e-01	9.658982702372122e-01	2.138080169511065e-02	9.284553229475652e-01	8.391581065203799e-01	2.724585241044213e-01 
14415	8.596383085752085e-02	2.504549744773912e-01	8.598111285175248e-01	8.380450419327454e-01	4.641562548764778e-01	5.335551363106608e-02 
14416	6.609257527910759e-01	8.560976632200636e-01	9.974882011290119e-02	8.314471132268417e-01	1.255227579388408e-02	9.473364846535662e-01 
14417	3.477435742261557e-01	1.136921262897980e-01	1.239278442803434e-01	4.713969093148582e-01	3.466343760241914e-01	4.764821308089803e-01 
14418	1.896767668377966e-01	2.102480550344326e-02	8.304075509451365e-01	7.985808294259854e-01	3.314361168683675e-01	3.324210016673528e-01 
14419	2.954108404439925e-01	7.510548209543595e-01	2.983192714389037e-01	3.167916421391031e-01	6.795101439019247e-01	1.374773774936224e-01 
14420	5.892501662435243e-01	7.654739747594456e-01	3.879323524366749e-01	4.490612942953879e-01	6.035190162265296e-01	8.520886073131527e-01 
14421	5.024168079264540e-01	2.644447685519442e-01	7.081862700675551e-01	6.021656280393552e-01	9.589188177878591e-02	7.207385463271004e-01 
14422	5.495021122272602e-01	4.436354560049416e-01	8.344306726168984e-01	6.734299565076036e-01	9.150323653197998e-01	1.810650481754285e-01 
14423	1.499120868509226e-01	1.047091321575963e-01	2.020898536788718e-01	9.803196377960591e-01	9.032899615835818e-01	5.335259705472393e-01 
14424	3.127406389977507e-01	1.987008015619129e-01	2.845807915015988e-01	6.110599104366544e-01	5.154924437010160e-01	9.640909354035234e-01 
14425	7.485372883959381e-01	1.047426094788791e-01	7.295649096973077e-01	1.364696403669518e-01	5.538039037742670e-01	3.330839254581760e-01 
14426	9.885582476801045e-01	5.622071170072104e-02	5.975286940101202e-01	6.967445177476594e-01	6.583863397400762e-01	6.934205757889061e-01 
14427	4.174830636090986e-01	2.078884519673364e-01	1.370560317938477e-01	2.519137357603357e-01	8.813184084749400e-01	5.208839664798621e-02 
14428	4.329787844014255e-01	3.123049532586266e-02	1.567975288055826e-01	6.350686380802973e-01	1.155013265626046e-02	6.008748992350301e-02 
14429	1.685946086275366e-01	3.242907721196724e-01	2.587882914854159e-01	4.531754001291354e-01	9.353506825563268e-01	7.742807351864319e-01 
14430	4.172663350669976e-01	6.838879704866037e-01	8.790233446653110e-01	1.468312442986440e-01	8.203576108535554e-01	4.328272484395780e-01 
14431	4.799151697568200e-01	8.089158585336599e-01	4.890479601402991e-01	7.744386330127896e-02	5.056603758156580e-01	1.474342994147140e-01 
14432	7.708644395558464e-01	9.231434394247566e-01	3.553227513820504e-01	9.079204713496940e-01	1.750571747194311e-01	2.366411598569905e-01 
14433	9.600088679976803e-01	6.080359591208566e-01	2.678716551828532e-01	1.168063968032628e-01	2.431045972011539e-01	2.794217878391136e-01 
14434	1.768938867267658e-01	4.116992058286905e-01	6.037125599587860e-01	4.356821786778430e-01	8.648746059578259e-01	5.390632425151128e-01 
14435	2.099629133986136e-01	2.821409405591623e-01	2.229512125360552e-01	8.898625806392461e-02	4.289721848578063e-01	4.330882338961066e-02 
14436	5.218135065035026e-01	9.088873546146263e-01	8.522246819232705e-01	1.086146617814036e-02	9.863312179159053e-01	3.578850572732673e-01 
14437	1.582957655928544e-01	7.571956570060904e-01	2.810284962323627e-01	5.136185174405661e-01	6.651161278901231e-01	4.560856709517938e-01 
14438	7.502596772975566e-01	6.251249958878033e-01	6.412163007265033e-02	1.813133201474851e-02	7.419313926910662e-01	3.072262272738042e-01 
14439	2.975531198538621e-01	9.188252794178321e-01	7.189254331024948e-01	9.012656802783094e-01	3.545074576300138e-01	5.838000385946595e-01 
14440	4.403289223277611e-01	5.644703714942887e-01	8.659409791538217e-01	6.632801348638163e-01	6.534566295582134e-01	2.949131635459667e-01 
14441	7.065889582534269e-01	1.752701355960547e-01	2.038005176949317e-01	5.588136397110361e-01	1.861316017741950e-01	1.901317351451757e-01 
14442	9.166986969843035e-01	3.444273673670494e-01	9.473273926169273e-01	1.977271927510049e-01	8.580458848076155e-01	6.124435200413891e-01 
14443	6.538128641684600e-01	6.083055616395108e-01	2.375685154635312e-01	7.179344942411103e-01	6.264368936542594e-01	9.794999081545974e-01 
14444	2.516072104925323e-02	9.239900139737828e-01	8.983251875724295e-01	7.440861541517481e-01	8.252556937864309e-01	2.528326447367820e-01 
14445	3.278861922807462e-01	2.655846156485307e-01	8.173030162310707e-01	1.938271709689066e-01	9.288647505123470e-01	4.707596453236228e-01 
14446	4.887403345148733e-01	6.354537087657739e-01	6.460297809196774e-01	6.925408522098050e-01	1.942673480111488e-01	8.321613826938725e-01 
14447	8.826725873549807e-01	1.109660449954523e-01	1.765887500609219e-01	8.299999795062467e-01	3.086932377464572e-01	3.463463440287608e-02 
14448	4.424434995476359e-01	9.625061019149171e-01	6.429401965080482e-01	6.800120150111671e-01	6.804405956903662e-01	2.693770896966463e-01 
14449	6.595119231657646e-01	7.056013167396193e-01	1.933671032047677e-01	5.578371102725328e-01	4.496874704257061e-01	1.862279652553741e-02 
14450	8.106697550093148e-01	7.775736627064522e-01	2.842074121740681e-01	6.279727712403856e-01	9.714008336753588e-01	2.130721626864151e-01 
14451	9.873241609834713e-02	4.601411677245708e-01	8.485258714521889e-01	7.447621974836859e-01	1.526820194687145e-01	4.279321899767649e-02 
14452	5.769235797118971e-01	3.535460682369518e-02	1.537592639931288e-01	7.535123297728190e-01	8.653545863299419e-01	4.624525022052473e-01 
14453	7.881469646413564e-01	3.077980854119165e-01	4.249586036545032e-01	4.310871606837433e-01	9.878101008887450e-01	1.053991993448693e-01 
14454	7.004642503803895e-01	6.473220235888483e-01	8.110005160844888e-01	8.938313540508185e-01	2.051591333957199e-01	2.606879865101948e-01 
14455	9.124541505763559e-01	1.582888793937344e-02	3.826164875098581e-02	1.966615627504241e-01	6.438016591797591e-01	9.662482426344642e-03 
14456	4.097337254368392e-01	7.425340757437675e-01	4.698036501509155e-01	2.582595964233669e-01	4.872962727617920e-01	6.224856700852912e-01 
14457	3.010528154210433e-01	6.421985200802789e-02	6.578402769089864e-01	4.548120798798334e-01	8.177321822465081e-01	5.231948627732670e-01 
14458	9.172645820850808e-01	6.058791464222032e-01	8.309929486508448e-01	3.422231852739226e-01	3.696630664028521e-02	8.188030490739285e-01 
14459	4.476223846187919e-01	7.374305570206747e-01	4.661250721971156e-01	2.586229007032806e-01	6.312619106058319e-01	6.712842055928354e-01 
14460	5.193108872134755e-01	5.437160611821878e-01	6.871130935322088e-01	5.575725359644613e-01	7.403776239326120e-01	3.309147527119679e-01 
14461	5.672350183908059e-01	1.501113489037898e-01	7.344882799007410e-02	3.703866854172138e-02	4.083709453271567e-01	5.607451007518661e-01 
14462	6.595243386270127e-01	7.094237607482000e-01	6.249649527598941e-01	3.173646150703377e-01	1.642358401623721e-01	4.426971345407409e-01 
14463	8.405594778436047e-01	8.150042178179157e-02	4.857628049728287e-02	6.715524260287883e-01	4.237236075213754e-01	8.554258713756809e-02 
14464	4.903554746370555e-01	8.713459921401674e-01	8.229731446239041e-01	9.564805468341711e-01	1.299688923777867e-01	4.542350547640748e-01 
14465	6.277647519613452e-01	6.492797795912623e-01	9.979511159462626e-01	3.148778454935541e-01	2.068523155557235e-01	7.383287394132133e-01 
14466	6.457925982055219e-01	7.740873339465295e-01	8.884400883170032e-01	7.192414261955961e-01	8.111260024882508e-01	2.968110331784985e-01 
14467	2.799865264818009e-01	4.706503406496022e-01	6.234793926698526e-03	9.049514792416951e-01	7.880149557199398e-01	1.704706340890707e-01 
14468	3.476486137824359e-01	6.285744335635446e-01	2.519710563365235e-01	3.962248942797188e-01	3.001268591266716e-01	6.756946638578990e-01 
14469	4.817674818829482e-01	7.904823342293884e-01	5.470406555324051e-01	3.047406260411910e-01	7.469628805978982e-01	6.770095483758531e-01 
14470	7.589756808052658e-01	3.747276325592434e-01	3.262893275014541e-01	7.569267967515284e-01	6.896054780527975e-01	5.331416430571776e-01 
14471	4.952555356990805e-01	3.353980757926582e-01	3.072289770037070e-01	3.836956240160836e-01	5.463950152259297e-02	1.183549790262966e-01 
14472	6.805066571945821e-01	3.346260280043939e-01	5.890053201415600e-01	6.867414511212806e-01	2.395775067804277e-01	3.770202753958387e-01 
14473	8.572120856760126e-01	5.872261205628636e-01	5.594708493722001e-03	1.091831415468748e-01	9.834510153082437e-01	3.057215680860549e-01 
14474	7.848778054047738e-01	4.652184967255306e-01	9.620390184978204e-02	3.319184604715176e-01	7.699591227667216e-01	8.431667824476803e-01 
14475	8.928008381709460e-03	5.289348031063260e-01	2.178944145412624e-01	3.352173363488248e-01	2.858615993921932e-01	9.074998925940598e-01 
14476	8.683589794060025e-01	7.811171355569350e-01	2.428979679210568e-01	1.755879559440482e-01	1.648127591073572e-01	2.975374694436497e-01 
14477	2.939429354360061e-01	8.453194163019394e-01	6.321634974480437e-01	8.829482555775662e-01	5.320608674232200e-01	8.717410046941326e-01 
14478	2.599685305077436e-01	3.892729526335713e-01	4.589671247913349e-01	2.655632394671269e-01	4.984560941804462e-01	4.424181396339173e-01 
14479	5.712848075531818e-01	2.833338991195587e-01	9.076366363594479e-01	6.674887094029639e-01	6.152523595910763e-01	6.775957586605083e-01 
14480	5.106554913849828e-01	6.241803684384470e-01	2.065305617668343e-01	7.285499063919065e-01	9.593977047872719e-01	4.923921611590275e-01 
14481	6.360497985203051e-01	8.277566837276130e-01	2.735092962503011e-01	8.789477669070231e-01	3.344639671661258e-03	4.383220553576583e-01 
14482	1.764852358850116e-01	2.972875751076674e-01	2.836414716595977e-01	8.086487337987166e-01	1.802358302195723e-01	8.157023390828178e-01 
14483	6.803897380271878e-01	4.402043607273159e-01	2.049752912507277e-01	1.393568623528615e-01	7.057676001944428e-01	7.034313854311739e-01 
14484	5.817750024524401e-01	2.770524072819633e-01	9.867652845507326e-01	4.894116383462267e-01	9.445411166849272e-01	6.020176436761476e-01 
14485	1.670073970067349e-01	4.551966080699100e-01	2.261980116489334e-01	3.735379587735692e-01	1.837465139961552e-01	1.855957159705440e-01 
14486	8.659301199325966e-01	8.197963125164603e-01	1.335239969815705e-02	1.394394161828977e-01	6.987440789578222e-01	1.669703936981831e-02 
14487	5.777614715405560e-01	8.752293153084951e-01	3.139846144774857e-01	8.614029432001538e-01	6.838780486415503e-01	4.942204446970581e-01 
14488	6.771052818173101e-01	3.642677862030770e-01	9.344248054243740e-01	8.820805730680379e-01	5.036246485559385e-01	6.401924056188169e-01 
14489	5.855119580335505e-01	8.539965054271727e-02	9.172448129007802e-01	5.722772421186219e-01	5.748112893546052e-01	8.617859295857073e-01 
14490	1.742948857947695e-01	7.418186863613402e-01	3.169825371899561e-01	4.004928974437029e-01	1.153566446692481e-01	5.007290511861113e-01 
14491	5.860886138799082e-01	9.812867646018447e-01	3.205253632369104e-01	5.994410135780652e-01	1.207261803190811e-01	1.926944219473258e-02 
14492	6.161380529478835e-01	6.984876523252985e-01	8.944987575032277e-01	9.301226674253692e-01	5.598905950597909e-01	5.783768056791168e-01 
14493	4.243431116567660e-01	2.369958768771011e-01	9.426445918821937e-01	3.587679166154786e-01	1.190764494794777e-01	4.462692399724709e-01 
14494	9.989603222342954e-01	7.045884079786895e-01	5.316688909808495e-01	9.162051351350756e-01	2.768656496316500e-01	1.064801798697934e-01 
14495	7.779910642551217e-01	4.511605354264195e-01	8.482988662311336e-01	9.497360097941644e-02	8.516534333357836e-01	9.636555109003817e-01 
14496	5.957026521655278e-01	4.377420467500305e-01	9.449422750365651e-01	9.162280154024381e-01	3.718305986243443e-02	6.566845535564630e-02 
14497	9.354974575971707e-01	6.533211128103179e-01	7.641561076809448e-01	8.299962146347371e-01	5.834437797700259e-01	3.240467022750744e-01 
14498	4.083730198481926e-01	7.786890961130564e-03	5.610425791521755e-01	3.510176112647250e-01	3.665548075766092e-01	6.801190290973145e-01 
14499	7.972868517028572e-01	3.655151298109047e-01	3.847074366103427e-01	3.289557422180454e-01	2.817202644803190e-01	6.615730862419927e-01 
14500	4.354359220878388e-01	5.971132826977937e-02	1.127336216684122e-01	2.837347878533112e-01	1.546849292491958e-01	9.643870550041957e-01 
14501	2.473902982880316e-01	7.503875814147236e-01	4.021291012885650e-01	1.923325728589355e-01	6.666155963515004e-01	4.393121611509995e-01 
14502	2.580010282145818e-01	6.021130539486711e-01	9.263327349565610e-02	2.215713542986528e-02	4.321092681177469e-01	6.760770532656820e-01 
14503	3.462038381706010e-01	8.404822884316008e-01	6.838639442268125e-01	9.072464173227764e-01	1.914998992306645e-01	5.041875133776048e-02 
14504	5.873654459544296e-01	9.887867509335218e-01	4.159338811486651e-01	9.720728825647723e-01	3.177424926859059e-01	6.976541456289842e-01 
14505	6.336459688067650e-01	7.531784147737447e-01	7.573654738987635e-01	7.463795904751772e-01	3.691320216139462e-02	9.120504031479594e-01 
14506	7.107666450137117e-01	2.843035004494263e-01	6.624379840970216e-01	1.128957458366154e-01	4.766360737740230e-01	3.290535804485220e-01 
14507	5.522079069876149e-01	7.346371019886048e-01	9.311666343971932e-01	6.448411804832710e-01	7.567942378841314e-01	3.632759020492788e-01 
14508	3.209182332832917e-01	1.029980755890711e-01	2.037581900152183e-01	4.782177044442937e-03	1.024449244618625e-02	3.952580897115441e-01 
14509	5.520092838220342e-02	5.976099388662772e-01	3.840448401794047e-01	4.711348099965298e-01	5.696828209653882e-01	7.017873333309718e-01 
14510	1.687889551598527e-01	2.033287893064920e-01	4.549657476390552e-01	9.261544295242775e-01	9.497083797816692e-01	4.918789502661112e-01 
14511	8.382048322065756e-01	6.604750243297196e-01	7.761824507155374e-01	5.006428163035972e-01	7.733707701663350e-01	2.528185240238991e-01 
14512	8.296963967521193e-01	3.255786766882887e-01	9.874556264781652e-01	7.608630306836511e-01	9.704198571715597e-01	7.442498638966353e-01 
14513	1.241389322672686e-01	2.913380899891900e-01	8.472479394857063e-01	3.278971227481482e-01	2.961202670336330e-01	8.574924319318926e-01 
14514	7.231552124596924e-01	3.513211958814977e-01	4.551023703325085e-01	1.072000521734357e-01	8.224560058780276e-01	2.478519129789676e-02 
14515	8.089873855044075e-01	9.912449610378803e-01	2.281139806043888e-01	2.639531331434627e-01	9.173993900964965e-01	1.778223603860579e-01 
14516	7.558320834095740e-01	7.556042223030721e-01	8.382973847157775e-01	5.320145336594501e-01	2.562470381410080e-01	6.116681548821126e-01 
14517	7.848330581490104e-01	8.594343442746598e-02	9.372468315704012e-01	7.722886841615144e-01	8.468064651111171e-01	9.076666887419609e-01 
14518	5.165385475924884e-01	9.709453973783857e-01	1.990047782654896e-01	3.637864866125334e-01	2.988425196608727e-01	4.951250457647839e-01 
14519	2.212789180787648e-01	2.199773165490373e-02	8.464462416462816e-01	6.763812888769346e-01	1.291977842940007e-01	6.689022470586478e-01 
14520	7.011664801748313e-01	9.381851697984083e-01	6.601472076308668e-01	9.292804607792201e-01	2.021383024762097e-01	5.775465977273633e-01 
14521	1.071028206996167e-01	9.579703858857836e-01	3.331508195647741e-01	9.454002058810556e-01	4.899849195452337e-01	5.893978577057821e-01 
14522	5.570683602975068e-01	2.748179772285828e-01	6.753412921332481e-01	4.943151914022468e-01	4.710666092443590e-02	5.221477567787038e-01 
14523	4.019818796785464e-01	5.636452085169242e-01	4.930931536914283e-01	6.009866584096973e-01	9.274316951294577e-01	7.919356738179623e-01 
14524	9.611170370881991e-02	1.487106127425612e-01	8.139334054728660e-01	9.425579453551015e-01	8.250919016194957e-01	9.431311897668667e-01 
14525	6.114601919480880e-01	5.262583813286659e-01	8.813163595652750e-01	2.716073991132935e-01	4.555388421078859e-01	8.345466157582340e-02 
14526	8.491539968406567e-01	5.626416628075026e-01	4.142504746160705e-02	1.823048159397695e-01	5.080418682228969e-01	5.314099670068407e-01 
14527	7.717026736455517e-01	6.511022805474244e-02	8.062279442354235e-01	4.470439653131384e-01	5.594254199226505e-01	8.533346051598595e-01 
14528	9.691917220918423e-01	9.614072996011969e-01	4.169798132111224e-01	4.622848757832707e-01	5.623939575452329e-01	3.444115078749189e-01 
14529	2.542205491355716e-01	6.585056612540529e-01	4.931221206174801e-01	6.815395414277629e-02	6.010636061434930e-01	3.182140222369759e-01 
14530	1.128514390964301e-02	2.125237976259197e-01	8.444724035656417e-01	8.926015034749180e-01	4.841311972048745e-01	3.000112452078663e-01 
14531	9.760561650507413e-01	3.332851935798699e-01	8.626529084810303e-01	1.748121204668713e-02	5.155900099853007e-01	3.706947762382658e-01 
14532	5.488911790535278e-01	2.872926831651911e-01	4.358050047586695e-01	3.551191228232901e-01	7.343366489439908e-01	9.952304246813201e-01 
14533	2.084537275174883e-01	7.035283705701718e-01	9.566377238168556e-01	6.254335407286107e-01	1.658132458877812e-01	5.190316813620887e-01 
14534	9.698450486035296e-01	4.200337950233528e-01	1.775373421504802e-01	4.629671692210097e-01	4.881877496317903e-01	7.786009487596345e-01 
14535	7.811811914579855e-01	4.994728935414333e-01	9.911247463855541e-01	6.256535945579659e-01	3.920743965506900e-01	4.752559431247674e-01 
14536	9.256648402314935e-01	3.681305611357701e-01	8.085411371702985e-01	7.883177482468624e-01	3.856117736481185e-01	3.241311466899380e-01 
14537	1.590125240194669e-01	9.345029527016463e-01	6.114238298551290e-01	5.948175287781365e-01	2.896220755249365e-01	3.457604783334585e-01 
14538	5.900479529937952e-01	4.980758030424248e-01	4.928884890363033e-02	5.466856768106509e-01	1.235093437710355e-01	2.151020947914115e-01 
14539	6.571735770707827e-02	9.335439190890379e-02	6.351358902804255e-01	2.432546998575585e-01	5.563215611299135e-01	1.233236394465545e-01 
14540	2.185564815153165e-02	3.375027521222377e-01	6.227965329879879e-01	1.298039453708585e-02	9.631563471458650e-01	1.487092907301659e-02 
14541	4.882363376618532e-01	8.888211869116971e-01	3.830014902087867e-01	2.967774743664905e-01	6.771389346928983e-01	7.686132638569052e-01 
14542	6.209086210564285e-01	8.361514587123652e-01	7.031162165585515e-01	2.323324509115575e-01	4.309689874905017e-01	9.927382920834880e-01 
14543	5.780929292450160e-01	2.101694001863568e-02	4.908140946602514e-01	6.273817781486464e-01	5.677026168292866e-01	6.143234384312869e-01 
14544	8.424838734057191e-01	6.334199745363649e-01	7.076778308058520e-01	4.776197632204833e-01	8.766746748595846e-01	2.639993914701041e-01 
14545	6.009434026670378e-01	8.985303230111162e-01	6.015021440580032e-01	2.237399351893644e-01	9.115107175482021e-01	5.646584907382067e-01 
14546	2.386108642623810e-01	3.997470552100553e-01	4.534796771842426e-01	6.216123544711677e-01	6.965245295765459e-01	1.306186114114796e-01 
14547	3.902256183280729e-01	3.174331506329743e-01	9.667700701238449e-01	9.334183442096311e-02	5.497656015445318e-01	3.977390571486852e-01 
14548	8.608012603878981e-02	1.278585303238866e-01	4.187559976329822e-01	5.768942206990413e-01	7.552403089381942e-01	9.864586144622688e-01 
14549	1.912176591303282e-01	5.977241818782520e-01	6.198785889986337e-01	8.988954899361802e-01	7.534394463307408e-02	4.965532633925571e-01 
14550	1.628948809406231e-01	6.762873473001120e-01	3.950835859380120e-01	7.643970249986262e-01	9.000272824894764e-01	3.065943034862141e-01 
14551	3.290555152711717e-01	1.386381462861961e-01	7.063413586962695e-01	7.825351924554143e-01	7.602505007573639e-01	4.028658878071540e-01 
14552	9.131538038668939e-01	1.504761186197754e-01	7.202990384401283e-01	8.799238739907387e-01	2.438179530407386e-01	2.700646395189988e-01 
14553	2.776629306737626e-01	3.298980790795284e-01	3.979231703085467e-01	6.964189283067449e-01	9.067923002442310e-01	1.531634787810796e-01 
14554	6.828775427690137e-01	9.800995890889781e-02	7.508876606593317e-01	3.027561313019861e-01	9.969054488450780e-01	8.262316052924058e-01 
14555	7.993093946945432e-01	1.598003293200398e-01	5.025189521268564e-01	1.943929801668939e-01	9.241973547843273e-01	4.025462341506715e-01 
14556	5.009872836531081e-01	2.532528695898377e-01	5.411843804368677e-01	2.073286418837163e-01	3.578806204525198e-02	3.014348807285702e-01 
14557	6.101945301565316e-01	9.489418659121459e-01	4.519109998140070e-01	3.304935681309987e-01	8.288657394372233e-01	6.957289528547456e-01 
14558	6.005582081156589e-01	1.065286701109859e-01	2.562703193427391e-02	9.984813784242055e-01	8.029475984177308e-01	9.324193321785048e-01 
14559	1.516448567396239e-01	4.858251407210832e-01	3.042929062174134e-02	9.025325173989556e-01	7.885812720230694e-01	2.733473900115804e-02 
14560	7.287641222257000e-01	5.878906662519512e-01	1.871350683211978e-01	2.312830738868951e-01	7.822836468845064e-01	1.113324226398638e-01 
14561	6.338293080375667e-01	2.832709300719532e-01	3.645852926953627e-01	1.750136880087730e-01	4.905995724213307e-01	4.003733547406147e-01 
14562	4.764485687373432e-01	1.007941021122011e-01	3.493152201870993e-01	9.283595685513502e-01	4.312876702431997e-01	1.781809596243226e-01 
14563	6.240885214060957e-01	3.184587789319730e-02	2.847096297353085e-01	6.497155533403697e-01	3.032725585174153e-02	8.765722768737805e-02 
14564	5.821348850532132e-01	1.819721125913654e-01	5.734823688741225e-01	6.125641756749545e-01	8.450462952465966e-02	3.620636404315306e-01 
14565	6.398989146761126e-01	8.132687517503596e-01	9.499543071491431e-01	8.270339829973103e-01	4.455182517159349e-02	7.322379535679883e-01 
14566	9.383664061028354e-01	6.783811332091602e-01	1.550888317428012e-02	3.029516983325368e-01	8.533948212179331e-01	5.061084555956109e-01 
14567	7.033250530731515e-01	3.298433899552763e-01	6.069025577078120e-01	5.264027279458953e-02	2.582029580409652e-01	3.819022795101173e-02 
14568	2.308212324189121e-01	8.822914794470610e-01	7.003610584420902e-02	5.155308621542206e-01	5.320070323217693e-01	1.003633621616118e-01 
14569	6.031880903072599e-01	1.141419169093212e-01	2.823354747529773e-01	1.766704587157212e-01	7.267060925842757e-01	3.668401047432982e-01 
14570	5.387340991472519e-01	3.666050067947270e-01	1.801088560279966e-01	4.886884058307336e-01	1.936389897920373e-01	2.246606816652514e-01 
14571	2.209263589330606e-01	1.320053954292114e-01	9.030418148744115e-01	2.364352425730020e-01	4.349570937617482e-01	7.564366360923446e-01 
14572	7.425436981686129e-01	1.382821463692384e-01	8.628002558195964e-02	3.494462558764249e-01	1.909224191638280e-01	3.444829836229249e-01 
14573	3.876364838274366e-01	4.217436520484014e-01	2.267744630699858e-01	4.576725896716456e-01	9.372745142026220e-01	7.587814953917551e-01 
14574	5.580359518332574e-01	5.404626040442206e-01	8.729234127667376e-01	8.403714270518959e-01	7.171330627599419e-01	5.996295048853519e-01 
14575	2.072115313295329e-01	2.558671619071938e-01	9.662345121457402e-01	3.873203873575294e-01	7.445555677379274e-01	1.598735014721162e-01 
14576	6.119810690227808e-01	9.654819271366494e-01	2.918788969013276e-01	5.150228838971923e-01	2.019171692439901e-01	7.268359906630758e-01 
14577	2.714595195238755e-01	9.444608674126029e-01	8.651181370323142e-01	3.577395451058352e-01	2.939071228233665e-01	5.604055573048096e-02 
14578	7.022225287287601e-01	6.815436066508030e-01	4.777842077788823e-01	9.289969917987460e-01	1.392161963224486e-01	4.150587219815043e-01 
14579	6.877784871905011e-01	6.972521481557060e-01	9.555213260257250e-01	5.607018994915773e-01	5.376235747419408e-01	6.726543887856670e-01 
14580	1.603314039112681e-01	7.448351060714736e-01	9.285215506928608e-01	1.265659155913470e-01	1.321554934290030e-01	6.730771179651269e-01 
14581	2.864394170634632e-01	7.441365624517838e-01	6.385590446361150e-01	5.783183139647908e-01	2.591594458833148e-01	8.404762138801051e-01 
14582	3.051543041622053e-01	5.306189654071903e-01	7.849370812927080e-01	1.702724407288583e-01	8.883585105130256e-01	7.884420365041317e-02 
14583	2.263129969250006e-01	5.905810392417856e-01	7.603878107668776e-01	7.040972047038829e-01	5.195780305748703e-01	8.996040070893262e-01 
14584	1.191559262197259e-01	2.073565172997101e-01	5.968561547793709e-01	7.467725224545098e-02	7.680584167912874e-01	1.344797295213117e-01 
14585	7.473316410311179e-01	9.283898211682168e-01	8.793148355927853e-01	6.758531912583174e-01	5.495573629390250e-02	1.147032855612707e-02 
14586	3.489303087577831e-01	3.413951538230270e-01	7.556068914735722e-01	9.874893538595594e-01	9.197134677878178e-01	1.476633689122570e-02 
14587	8.279655672740031e-01	2.248677719500231e-01	5.453853027640774e-01	6.129026481010498e-01	3.951402126788814e-01	4.337438128114416e-01 
14588	6.917468522171243e-01	6.214532096038821e-01	2.432485158756601e-02	4.521346625183404e-01	3.255504143077649e-01	5.439028826280976e-01 
14589	3.517386691420054e-01	4.447063405274909e-01	7.512593999278077e-01	9.485948239213763e-01	5.193835927729419e-01	5.193178167190952e-01 
14590	8.307455297702669e-02	2.667152333383985e-01	4.477076374216507e-01	9.623893890354733e-01	9.425684245967160e-01	5.026633737155531e-01 
14591	9.738597175916004e-01	2.914987333544990e-01	8.440585275385801e-01	7.294666085995113e-01	2.789880867483970e-01	7.637719953263979e-01 
14592	7.442329459563982e-01	1.069536535567388e-01	9.886397672764211e-01	2.896182482548143e-01	7.198563021234499e-01	3.837799794896413e-01 
14593	7.233620610662559e-01	4.116031538749129e-01	5.233189093523281e-03	7.476869131194832e-01	8.637378163932533e-01	3.307836034012882e-01 
14594	2.915897952819195e-01	2.154764850695974e-01	7.754899439287791e-01	4.284919474406596e-02	1.640713085253124e-01	2.948735367017210e-01 
14595	5.621670114631611e-01	2.471458619680004e-01	5.615887700401194e-01	9.874648419150454e-03	2.095352505378124e-01	5.041571946368354e-01 
14596	5.125380226003649e-01	1.833949676637514e-01	7.956559279913343e-01	3.565965496732837e-01	9.128615767289240e-01	7.464401427407005e-02 
14597	1.203685445340204e-01	6.570945222196609e-01	1.815976678308089e-01	1.090083113447802e-01	9.467127704744752e-01	9.014539699542587e-01 
14598	4.927882913000827e-01	6.700748310750699e-01	3.130571233635103e-01	4.980214803936060e-01	4.177617437288919e-01	1.767949392911023e-01 
14599	8.288050837948941e-01	7.093515390108114e-01	3.922714243606997e-01	6.042950272580120e-01	7.522007342205387e-01	5.563427333516734e-01 
14600	8.991685639597329e-01	3.143677452180385e-01	8.034885953196736e-01	4.607573339998524e-01	3.242423941028502e-01	1.302384539182477e-02 
