87401	4.626895699010647e-01	4.478641461803877e-01	5.908071699509431e-01	8.051884876588306e-02	2.034296240673538e-01	3.725547657220414e-01 
87402	7.868682480356043e-01	9.676805180346968e-01	5.140506981471790e-01	8.890439685848747e-01	4.224619862728110e-01	6.735564352355694e-02 
87403	3.830943854446963e-01	6.292206121744685e-01	2.291144943931673e-02	5.507848540091816e-01	8.736429763369462e-01	4.906611454163963e-01 
87404	6.229529630499673e-01	3.458128065549828e-01	1.720825932789979e-01	2.607985023692243e-01	8.977576810390492e-01	9.568645586058798e-01 
87405	5.251947508776535e-01	1.513901032281062e-01	7.749538760515646e-01	3.500667518703578e-01	9.221784076291036e-02	7.267857011066683e-01 
87406	1.780449883910105e-01	5.549074106639751e-01	1.746498468213947e-01	7.688521583419536e-01	6.354262598955195e-01	3.780794713544098e-01 
87407	1.414069235983337e-01	4.222945074654624e-01	3.457599889234453e-01	6.554576217455127e-01	3.113384755846758e-01	7.682219751962563e-01 
87408	7.228132652690696e-01	6.944328610293721e-01	3.974425869050634e-01	7.457247151740476e-01	2.452177145728924e-01	2.710855632420097e-01 
87409	2.363858601247826e-01	8.681706776228597e-01	6.168983697969924e-01	4.084684538694417e-01	1.289691795264227e-01	5.146560503703803e-01 
87410	3.653330120096602e-01	6.541639304040763e-01	6.660461535984865e-01	1.402868875955636e-01	4.230682274434102e-03	7.582639948270582e-01 
87411	8.670725891678932e-01	1.822756706654446e-01	3.131714050253720e-01	4.172243552362660e-02	9.511278290073982e-01	9.485976649208915e-01 
87412	4.198019068780364e-01	9.253475214007066e-02	3.708921719206926e-01	7.655618958014817e-01	7.479923738855833e-01	6.822306475053684e-01 
87413	5.337838705320768e-01	4.708056391546529e-01	3.766635085347405e-01	9.312264579028015e-01	2.165303538630392e-01	6.218812231076328e-01 
87414	2.023120206791498e-01	4.529162139878218e-01	4.900519007304925e-01	8.192103904761422e-01	8.613846678572635e-01	6.190210802569153e-01 
87415	3.338664403808613e-01	2.267176798669238e-01	2.731850106609915e-01	9.999125939793477e-01	3.670045674624874e-01	2.774156929354257e-01 
87416	7.581765883407446e-01	2.340771561647193e-01	4.596913636008703e-01	7.134799336611665e-02	2.757995921540072e-01	4.108191921426073e-01 
87417	1.994565782134685e-02	6.956014990320436e-01	5.033539442826779e-01	3.908378302077007e-01	4.611633948335254e-01	2.513463177026000e-01 
87418	7.306847724740788e-02	9.949472653656021e-01	7.221519568572529e-01	4.497319857821483e-01	9.261737228027422e-01	9.386823107202921e-01 
87419	7.161320888978114e-02	1.284857430162308e-01	3.915985247081139e-01	5.616651096202736e-01	9.476961334923730e-01	2.529831920997161e-01 
87420	1.806861894115276e-01	2.815625734075730e-01	4.797008719666400e-01	4.538712000725191e-01	2.814751673869207e-01	8.467054398947886e-01 
87421	7.312868930079448e-01	3.965175526200410e-02	8.078259559384668e-02	1.909782561431538e-01	1.109997486281208e-01	3.565821877478539e-01 
87422	6.017974482857610e-01	1.309454069151289e-01	5.218368677989751e-02	1.051513921027777e-01	5.217832371228297e-01	5.133470816134229e-01 
87423	3.564977102710389e-01	5.948517143702375e-01	5.082943465133637e-01	7.864966666263047e-02	4.458370015238584e-02	4.344680693161059e-01 
87424	1.733197738292254e-02	1.161969090421670e-01	5.629538123323367e-01	4.089305020910364e-01	6.778620186624406e-01	5.106499458247097e-01 
87425	6.619136941907525e-01	8.585482080739681e-01	7.922125192322826e-01	1.416145661573925e-01	3.124194081464873e-01	7.368768615354210e-02 
87426	9.883200060521812e-01	4.370630068877074e-02	1.133394418812075e-01	6.910260118036653e-02	2.346845572975858e-01	2.243391905093282e-01 
87427	4.256847893938817e-01	8.364820055833468e-01	3.552845974244571e-01	4.778684761737792e-01	9.416333981517858e-01	8.770678345472868e-01 
87428	9.912155577872021e-01	2.981311079571634e-01	4.719195489175243e-01	4.995099038349045e-01	3.767807746197939e-01	5.165032490699102e-01 
87429	9.339779731510105e-01	3.941127520027164e-01	6.327001581120771e-01	4.969317854833472e-01	8.030432540937529e-01	3.105621763088564e-01 
87430	7.581730842395560e-03	4.649569482845054e-01	1.691103839171633e-01	7.997942500746782e-01	6.065715144418978e-01	4.815297920636506e-01 
87431	8.734819366938816e-01	5.948915200284177e-01	5.252360932180826e-01	9.868213785750891e-01	6.639941212087842e-01	7.599206505156684e-01 
87432	2.111605686187560e-01	8.967891013700464e-02	5.964026556333539e-01	5.664451665088744e-01	5.675473863107838e-01	5.380360533194785e-01 
87433	4.435130005905000e-01	5.587629436323247e-01	8.361671612766418e-01	9.154325495080242e-01	5.827284746722917e-02	2.129479358964357e-01 
87434	4.319357981122731e-01	9.922508206182397e-01	6.070606878991521e-01	6.463595575868895e-02	4.891826056359255e-01	4.101039419929050e-01 
87435	3.751981320675454e-01	4.967643364783210e-01	8.750608902774103e-01	5.443085164503699e-01	2.965585865529993e-01	4.816324042536469e-01 
87436	2.583830804835926e-02	1.700405227812196e-01	7.652392381640334e-02	5.510744012664419e-01	1.568619008906474e-01	7.405180450251876e-01 
87437	3.109950513164490e-01	3.680224695094034e-01	8.301969556278535e-01	9.073977074154642e-01	9.344676360182779e-01	3.977443414729760e-01 
87438	4.454337602692813e-01	3.779806366087778e-01	9.565072855709620e-01	2.816009215459232e-01	2.934131856511408e-01	1.478013257252990e-02 
87439	4.945488574423589e-01	7.253489842290752e-01	7.030952725108225e-03	1.016095448758498e-01	7.899849399877642e-01	4.962135588266950e-01 
87440	5.117134868687547e-01	1.651830720553096e-01	9.929778953050160e-01	3.867743766805038e-01	7.094915885056795e-01	2.895364813923540e-01 
87441	8.684067809341507e-01	7.353298965540388e-01	4.595770041735736e-01	9.449307047505541e-01	2.864042978204807e-01	6.164389050642209e-01 
87442	6.854487497757416e-01	5.973993491369296e-01	9.844613750392857e-01	5.156457049379338e-01	5.047970560867325e-01	9.189290105919024e-01 
87443	9.133900464109099e-01	9.502308168216752e-01	2.969096467350189e-01	8.698973315162106e-01	2.318317379019371e-01	5.903228328518210e-01 
87444	8.846774640887405e-01	7.263805953442960e-01	3.156718166152350e-01	8.917084172795100e-01	8.279901402201457e-01	1.056567561373379e-01 
87445	3.879219756405437e-01	3.397036270889005e-01	2.708398281926475e-01	3.808998704798985e-01	7.264780037694043e-01	9.803314166983270e-01 
87446	6.704363523379138e-01	5.948847847035550e-01	7.156613132523658e-01	1.300133560458260e-01	5.398154889884477e-01	2.065610607185220e-03 
87447	7.464522615757083e-01	2.252642382985280e-01	5.994649597441148e-01	7.309136361493327e-01	7.409099432364619e-01	1.042620158308474e-01 
87448	6.498426462755738e-01	6.542999896473717e-01	5.449283218686135e-02	9.467522934762539e-01	5.241973206979210e-01	2.863245700887985e-01 
87449	5.370751258624136e-01	4.088747847866615e-01	1.270516496743316e-02	8.527469424776486e-01	3.005832016005103e-01	8.406953051875790e-01 
87450	9.584036986149864e-01	6.885051772410540e-01	1.803989318108181e-01	2.292435268076339e-01	6.940504725529116e-02	9.068769360458837e-01 
87451	2.095749430402997e-01	7.398413995932049e-01	5.017617202837773e-01	9.252362562926655e-01	8.698547561046922e-01	4.157720880656373e-02 
87452	9.273018668998507e-01	6.163070172147392e-01	2.668414475707530e-01	5.267668266439656e-01	3.472206528984106e-01	7.751390341553553e-03 
87453	6.310288424748131e-01	9.970632991739844e-01	6.620513799889253e-01	6.855216746616744e-01	9.438155921845770e-01	1.862487006868463e-01 
87454	9.718462447504729e-01	4.808907175813293e-01	5.951234854735078e-01	9.845514097179060e-01	3.336376595933166e-01	8.957066870740180e-01 
87455	8.252467144398237e-01	2.920413582083030e-01	5.842118638494107e-01	5.645646250641740e-03	5.212848850159369e-01	6.536169111047019e-01 
87456	9.125225822965254e-01	7.308598280562366e-01	3.934583106979068e-01	4.142843021146415e-01	6.560960843489021e-01	2.633130663369377e-01 
87457	4.558615109212052e-01	5.833979507830915e-01	8.796200835516770e-01	7.227029584919582e-01	1.101647769613959e-01	2.268407359844263e-01 
87458	7.304543492991731e-01	7.411936194362089e-01	2.239040346927494e-01	3.925057288224370e-01	4.267152936322220e-01	1.677196268773263e-01 
87459	5.787544295092832e-01	3.985615379170336e-01	6.486103444586556e-01	1.738779145171297e-01	3.831129471692782e-01	9.822480045176335e-01 
87460	6.958460112548648e-02	2.083596616091019e-01	2.742893622602752e-01	6.537964649748972e-01	2.140053078597436e-01	7.955742472762122e-01 
87461	3.074133760795991e-01	1.265278896906077e-01	5.264340748667876e-01	7.008716867775059e-01	5.408121918052492e-01	1.825301587500284e-01 
87462	9.641847531144436e-01	9.966737027264543e-01	7.659281099987812e-01	8.438048362004593e-01	7.193766612184125e-01	8.760928869601772e-01 
87463	7.064557171922436e-02	4.498310100519243e-01	6.172865063963860e-01	2.945496064119738e-01	8.423367388743612e-01	4.400179956294680e-02 
87464	4.622692332893001e-01	4.210911683836445e-01	4.425633379456416e-01	1.108795777479557e-01	5.949690829007742e-01	8.256762851149199e-01 
87465	9.312758179992790e-02	6.645536844919220e-01	3.403594625836050e-02	3.674169440602031e-01	3.183501490011579e-01	2.480412541181041e-01 
87466	1.629911908707540e-01	6.257635250807569e-01	3.745691438087119e-01	6.894252657375416e-01	3.266352113926016e-01	9.153813356139611e-01 
87467	8.719554249532313e-01	2.908199640413839e-01	9.120550383404153e-01	6.378835344863513e-01	1.346247997761819e-01	6.314316990931667e-01 
87468	5.139764209808672e-01	2.052703714954063e-01	8.126270867942958e-02	1.312629269115920e-01	4.998199783730414e-01	9.235994475537909e-01 
87469	1.752647269402001e-01	9.620892116623415e-01	3.446906154717740e-01	6.178280648858417e-01	7.296878894463590e-02	9.396596988382095e-01 
87470	4.435043495351003e-01	1.660963707445638e-01	6.042133828644703e-01	4.775402962591221e-01	5.335133148047669e-01	9.225635318656282e-01 
87471	7.255815503772263e-01	6.965045056755210e-01	5.483270569463852e-01	1.001506941859381e-01	3.859297714130626e-01	8.749622683389868e-01 
87472	1.553202933423781e-02	2.578851959006326e-01	1.657822323803707e-01	9.275870676746532e-01	8.957687303869839e-01	3.004070321565527e-01 
87473	5.590187663021585e-01	4.097451509021898e-01	5.056774041176203e-01	6.402814749815881e-01	5.410080782794431e-01	5.497382025000352e-03 
87474	5.638809225353789e-01	7.162728052196432e-01	9.675865936873418e-01	9.085715380071530e-01	3.341008696398236e-01	4.055538263197773e-02 
87475	8.482312363797013e-01	7.776052191749240e-01	2.066517533765415e-01	4.524446187785103e-01	2.551455149683848e-01	7.401650686469697e-01 
87476	3.750081506441385e-01	9.807270658112722e-01	4.366695738568295e-01	9.233352075905238e-01	8.087775953154906e-02	8.225993452698921e-01 
87477	7.982974754638492e-01	9.640978886578688e-02	8.048454070486340e-02	9.640797078442199e-01	2.399685654044005e-02	9.762532710918473e-01 
87478	2.644867400007727e-01	5.830156228425986e-01	3.859984219940372e-01	7.701641441183930e-01	2.232970978241866e-01	9.270065002734803e-01 
87479	7.756615261433932e-01	7.871780203595655e-01	6.432793050274622e-01	7.432481193650738e-01	6.957495579010572e-01	9.773801746672859e-01 
87480	7.838035019970515e-01	5.439807942807585e-01	7.549853933765485e-01	9.904552558392543e-01	9.964254130592688e-01	1.013090834493325e-02 
87481	7.306203240205629e-01	3.714335632377461e-01	9.908579741562056e-01	1.672898974117310e-01	2.947687703626085e-01	7.173573322209331e-02 
87482	9.898892431472843e-01	9.306624582645774e-02	1.681455220878802e-01	7.037378338648648e-02	5.714595320501642e-02	1.921423786283202e-01 
87483	4.662705447833383e-02	3.216326932057891e-01	7.751580019365800e-01	4.326254764723710e-01	9.179683685852068e-02	9.984550997607666e-01 
87484	3.596319762801901e-01	8.674583630019139e-01	7.856331196546709e-01	2.911280841990970e-03	6.107064823669878e-01	4.813826770900668e-01 
87485	9.802914555092768e-01	3.945099838983780e-01	2.536347090516401e-02	7.352768484201641e-01	3.849652392719710e-01	2.178888396443282e-02 
87486	7.454077567650973e-01	1.155855628268726e-01	3.932224472021789e-01	7.362657304556415e-01	2.828754607042649e-01	6.879912180304486e-01 
87487	8.080014636777348e-01	2.727647033858880e-01	7.810574638569063e-01	9.761469862312763e-01	3.431384867723745e-01	8.382034170619228e-01 
87488	1.682893643939352e-01	3.897655412507083e-01	1.598361102677119e-01	9.434473663305153e-01	8.223910177230793e-01	2.516329471262325e-01 
87489	9.419024656256206e-01	1.820229935376081e-01	1.190913101281465e-01	7.275355848146302e-01	1.849342743795990e-01	7.297977924951342e-01 
87490	2.089182619046971e-01	1.652257294232146e-01	1.243077759278509e-01	2.342817328098611e-01	9.005025783090399e-01	5.092730156654832e-01 
87491	2.560706167742939e-01	6.459103346084758e-01	6.248585784923558e-01	6.492930644421340e-01	3.821760650641173e-01	9.077340391966208e-01 
87492	3.372842820069214e-01	1.901775282761909e-01	1.804987421168474e-01	1.183417453981665e-01	1.663245140418059e-01	5.236372293548832e-01 
87493	9.565451624600892e-01	3.346138789014024e-01	9.134027706055915e-01	1.163812722621398e-01	2.780612447662564e-01	7.357937883286708e-01 
87494	3.680142198540337e-01	2.199637103918771e-01	9.178167818662789e-01	4.871055299821801e-01	9.474992952065073e-01	1.027510562458779e-01 
87495	2.169033220116530e-01	1.564175566455431e-01	2.679767856690924e-01	3.412110979395039e-01	3.906992899210655e-01	1.684793635124710e-01 
87496	8.504841136049871e-01	6.467699066953594e-01	8.143896985866081e-01	4.753426920973429e-01	2.960629706718321e-01	1.965657631850642e-01 
87497	3.830767308283023e-01	6.333472526787535e-01	3.867432914612551e-01	5.635754734108110e-01	7.516889980769199e-01	5.530678059687223e-01 
87498	8.721270230003293e-02	7.082341605370092e-01	8.876816848701247e-01	6.154724399631249e-04	8.246154327991491e-01	1.657429291707198e-01 
87499	7.364092607686339e-01	1.926296521875214e-01	3.857066395625969e-01	6.542260426349128e-01	6.797351821697015e-01	3.332059347691042e-01 
87500	7.569770988807907e-01	8.966385041813545e-01	4.896234914146473e-01	2.495388408422185e-02	2.378496021208584e-01	8.803227813357127e-01 
87501	1.934332480623542e-01	8.833371526018424e-02	5.270926880310721e-01	7.822946183301017e-03	5.636764073575271e-01	8.231556587029042e-01 
87502	2.043887093683652e-01	9.467531386514907e-01	4.565029113816577e-01	5.911320008296203e-01	5.103286115966404e-01	2.081919089929163e-01 
87503	1.441998063326812e-01	5.975413138966734e-01	9.164260695299256e-01	3.188149073714460e-02	5.981567863366365e-01	7.410415023290745e-01 
87504	1.976244203735257e-01	3.345660471052704e-01	9.336711545165960e-01	5.833310599361226e-01	9.887920897401833e-01	6.134063366862975e-01 
87505	9.165369947052268e-01	7.457691881553127e-01	5.100448404019907e-01	4.061604861198740e-01	7.707230722395345e-01	7.478944425228492e-01 
87506	2.864832669899255e-01	9.641563203018887e-01	8.362281582486947e-01	8.135759550209977e-01	9.719792664851897e-01	3.999045651405606e-01 
87507	6.367316137239019e-01	1.763679753878936e-01	3.466577033263900e-01	9.323452463989823e-02	7.674999766831752e-01	8.569863149230305e-01 
87508	3.014264336328145e-01	9.116997830158564e-01	4.545276283540426e-01	2.178525031627400e-01	9.435812742186623e-01	5.268441469067913e-02 
87509	9.588940054918146e-01	1.412056941265267e-01	3.872504617959496e-01	8.925651595427493e-01	7.245367540626492e-01	3.760425510704716e-01 
87510	5.059714957633854e-01	6.410737487678759e-01	1.218117387601229e-01	1.601633616537616e-02	4.723423442208871e-02	8.925348109996574e-01 
87511	7.639107786882253e-01	3.337175014120142e-01	8.566911313015461e-01	6.001389364712587e-01	1.472934564330119e-01	8.286703973210745e-01 
87512	4.350161181925871e-05	7.840250701569137e-01	5.038372708968061e-03	3.467012049382093e-01	8.772595947968119e-01	7.725383493921433e-01 
87513	2.036875198612397e-01	1.786860279639652e-01	6.842381319423384e-01	6.582151482152823e-01	3.965385311267052e-01	6.278194056953393e-01 
87514	7.108995629059615e-01	3.554325361528585e-01	7.690250998218661e-01	9.815002423624974e-02	2.479976956956078e-01	4.935618538845153e-01 
87515	4.741925753067213e-01	7.539691914589932e-01	1.346356021867300e-01	5.960043140668442e-01	7.699855276243693e-01	1.818698366088187e-01 
87516	4.885391250665016e-01	5.338963063125947e-01	5.155873380208329e-01	3.452302559023864e-01	1.340352423181921e-01	6.628807944538448e-01 
87517	1.739006527577996e-01	1.340787439300114e-01	4.469058641450973e-01	1.789390254667676e-01	4.807799493338820e-01	3.241654584762479e-01 
87518	9.514773748589108e-01	6.844674691951217e-01	5.028514869058744e-01	6.357155068012492e-01	3.426826169447427e-01	8.993900180325797e-01 
87519	2.635349120309273e-01	5.358217985070412e-02	2.548225541854383e-01	3.256001185279340e-02	1.517322040869539e-01	5.028202498810460e-01 
87520	5.261218657373087e-01	6.259247798593365e-01	2.567894408743779e-01	6.607574679240387e-01	2.219290934605194e-01	2.677496849874731e-02 
87521	8.426273045328573e-01	7.104682185270210e-01	5.606712748113420e-01	3.582146420880289e-01	5.569847396374609e-02	6.947065171295341e-01 
87522	2.109543654187370e-02	2.295991271872069e-01	8.287852615252068e-01	4.680013006869709e-01	4.085381526539745e-01	3.095652103934275e-01 
87523	7.921667596288802e-01	3.600155275128854e-01	9.940326795885491e-01	2.950182460690933e-01	9.957310343141347e-01	3.367152960676306e-01 
87524	1.944082636360117e-01	2.592659458794007e-01	3.902974759183347e-01	4.492308178214500e-01	2.918259577321941e-01	5.420296804709498e-01 
87525	9.520510677024960e-01	8.179478234695028e-01	1.679544598646250e-01	2.088405085768739e-01	4.787052909278801e-01	3.898835533251443e-01 
87526	2.356154770756212e-01	3.213325949950761e-01	1.003517718521654e-01	7.962867518869633e-01	6.795472375487663e-01	1.560502458159115e-01 
87527	4.909932685508361e-01	7.006426740906400e-01	3.856493730031184e-01	3.197785296103817e-01	1.686439743119497e-01	7.941875261227542e-01 
87528	6.293437400038092e-01	9.608107339408298e-01	1.542030531699783e-01	6.233764191266971e-01	2.558289795442619e-01	1.499340870184517e-01 
87529	9.600917156599890e-01	4.502372436459350e-01	4.092000328978524e-01	3.503891911126623e-01	8.994680614673849e-01	7.010259910957077e-01 
87530	8.924188715836121e-01	8.515191291698809e-01	5.189738140995492e-01	6.037333098257582e-02	6.035963728109358e-02	9.976791054930906e-01 
87531	4.502568847733815e-01	2.959751143567148e-01	3.190117000225055e-01	5.506086566255468e-01	9.226186577801680e-02	9.985589375712718e-01 
87532	7.066589024414582e-01	5.832551343288529e-01	6.992016111962505e-01	9.230827544457665e-02	9.030336644048960e-01	8.678455859738614e-01 
87533	8.864958015673309e-01	5.323774039430439e-01	8.286563194490301e-01	4.069885427164792e-02	1.557538230697409e-01	8.448529899329194e-02 
87534	1.906329412900996e-01	1.158455382640686e-01	5.347225426392269e-01	5.998329741879520e-01	4.662347293767308e-01	4.341906036409506e-01 
87535	3.008589648179985e-01	3.586536009603429e-01	2.857097323451702e-01	8.198327793832090e-01	4.190269319429188e-01	3.460693696262638e-01 
87536	8.175118844106383e-01	8.692838167163003e-01	6.420444839829786e-01	1.365235839674825e-01	4.198924728761858e-01	7.343063497609954e-01 
87537	1.350825215387542e-01	1.265513753176440e-01	3.175614840898484e-01	8.342841327350047e-01	2.188596507622207e-01	2.205951480290830e-01 
87538	7.021297182432048e-01	1.053554518638903e-01	7.529725519721269e-01	5.307860376922349e-01	1.460543061355382e-01	9.087263750418678e-01 
87539	6.152713366855268e-01	3.366872474256378e-01	2.457191284027505e-02	1.499938788590924e-01	9.365202216135898e-01	4.908066426826672e-01 
87540	5.841844825000430e-01	2.373791864315882e-01	8.494602436430101e-01	8.698942153108745e-01	5.721196534913590e-02	2.684871751202677e-01 
87541	2.159635844714770e-01	8.747238497597742e-01	1.377709918365679e-01	8.580080689201169e-01	1.124743326159540e-02	5.576634647127536e-01 
87542	5.923144182154511e-01	1.463299548003496e-01	6.842148400303977e-01	9.098759023052994e-01	9.806140880010157e-01	9.030744907926184e-01 
87543	1.304710498687211e-01	6.827438057785592e-01	8.429942190847332e-03	8.834436023065092e-01	2.135298430051328e-01	1.544842483263855e-01 
87544	7.921699768827157e-01	8.288011796906596e-01	4.911714957520233e-01	8.167418901886521e-01	9.787950585497520e-01	4.276917173656131e-01 
87545	3.075485324056579e-01	5.629795410497950e-01	6.650709037972014e-01	1.570087755830068e-01	4.328737558950082e-01	7.222828691463372e-01 
87546	4.254959507032745e-01	6.488373403664852e-01	5.970067184404502e-01	5.632669425398423e-01	5.068454088209409e-01	6.082541517020456e-01 
87547	1.209304072525959e-01	9.915982703639187e-02	7.545841069680564e-01	8.051452472829936e-01	9.035728876029946e-03	7.351981945034108e-01 
87548	7.082197380756120e-01	1.395067792104123e-01	4.179419998163088e-01	7.166496802664594e-01	2.295038105126022e-02	6.314718432871028e-01 
87549	8.711339290585062e-01	8.151203579339760e-01	4.602730225121011e-01	3.623054243448681e-01	6.318622476569666e-01	4.390680810618531e-01 
87550	7.899971417104812e-01	9.394107800626246e-01	2.047621645986858e-03	4.550680450420212e-01	9.641955517997013e-02	4.349213775409951e-01 
87551	1.773509137226972e-01	5.219155063489058e-01	8.375871744181901e-02	7.743576321631472e-01	8.518244842308688e-02	5.906041267284211e-01 
87552	3.826117838651928e-01	2.061128556756828e-01	6.897639537648130e-01	1.371958903675880e-01	1.125810295867645e-02	6.987996826408429e-01 
87553	8.723940848709988e-01	7.194778410342885e-01	8.383064618512552e-01	2.903360842216463e-01	4.361275208350865e-01	8.612568429025155e-01 
87554	9.218079275087491e-01	3.072614494279313e-01	6.763772008364914e-01	3.820809500208501e-01	6.695668742384607e-01	3.082394480277968e-01 
87555	8.211490310827033e-01	4.595640154832806e-01	2.476502280904214e-01	8.231966527286901e-01	9.146320609909632e-01	3.440697832703916e-01 
87556	2.581180298040239e-01	9.198297424799901e-02	8.659852896192974e-01	3.418767472458429e-01	8.663406068768076e-01	9.511677385080456e-01 
87557	9.324808739742640e-01	2.489523902763391e-01	1.572805937180671e-01	6.222448272734158e-01	3.861482806439271e-01	1.685386966767435e-01 
87558	3.210445099142588e-01	2.585423650492646e-01	8.880165377110320e-01	1.593509712998527e-01	5.488784492709108e-01	3.241440585461184e-01 
87559	2.060781420236817e-02	4.706863767796599e-01	6.314055079740498e-01	6.969850150388596e-01	8.527673268005099e-01	3.009723817468492e-01 
87560	5.224462600995071e-03	6.739163574175520e-01	7.605363976957912e-01	2.528746906914165e-01	4.971130096805808e-01	6.751684582210931e-01 
87561	5.969444744274693e-01	7.552310394846048e-01	7.671514324690920e-01	4.629297635811054e-01	9.710778626478640e-02	6.334920388802383e-01 
87562	4.140975016234897e-01	2.958866023905047e-02	8.824444291565774e-01	5.713780958072180e-01	6.518334875124663e-01	2.685927093348432e-01 
87563	7.399167924839616e-01	9.728779974267250e-01	5.271350743841078e-01	6.279333301949935e-01	1.322289687265777e-01	7.601352365501855e-02 
87564	9.520773887411120e-01	1.528367829289459e-01	5.466999004346784e-01	5.834828962495006e-01	8.498217979678054e-01	3.994672267695271e-01 
87565	8.844552784620110e-01	8.550462605688005e-01	7.338358372141773e-02	6.449916756921409e-01	1.079209512602170e-01	5.704965934019985e-01 
87566	3.201601334475727e-01	7.048654256876863e-01	3.257276324209420e-01	8.731156545100341e-02	1.677951888031304e-01	4.228354186857284e-01 
87567	7.208036047969030e-01	5.818926908922814e-01	4.524240789247789e-01	6.032480334878192e-01	1.532707862338381e-01	1.042575664372451e-01 
87568	8.718407432883236e-01	8.931875787177996e-01	7.713556339830885e-02	3.989758172067701e-01	5.211209084471320e-01	2.093645321248865e-01 
87569	4.749893408617886e-01	4.731982967225827e-01	3.622013150538324e-01	2.168924083080573e-02	5.668119297208320e-02	2.120231125559766e-01 
87570	4.211564676003328e-01	9.411364714340942e-01	6.706937312477705e-02	4.945400513217506e-01	5.861281466605739e-01	1.749903243849940e-01 
87571	6.503664425808781e-02	9.062882801081465e-01	8.798557500726802e-01	3.907642766790298e-01	9.935998455591499e-01	4.765093841014939e-02 
87572	8.135996958304195e-01	7.144034498903916e-01	6.295436293024307e-01	2.660237742895371e-01	3.176514833782108e-01	7.828144155362688e-01 
87573	3.702813407267823e-01	1.894922262008731e-01	6.760019942540685e-01	4.474169045907524e-01	5.884680434076432e-01	1.971229022355391e-01 
87574	6.567814367156389e-01	6.345738426943187e-02	6.703211994237831e-01	1.898275176947133e-02	8.514662510023761e-02	7.270023923958663e-01 
87575	2.310058643254479e-01	5.063030931662317e-01	6.681388633642993e-01	2.980752374502249e-01	8.431440223209299e-04	2.542670095592118e-01 
87576	4.730655618352190e-01	6.587978874607002e-02	1.605552892016970e-01	3.529213114422380e-01	4.566440654250998e-01	1.541551342951856e-01 
87577	4.005722503180487e-01	2.702437607898581e-01	8.685585846512386e-01	3.011587915481808e-02	5.362675355450565e-01	1.862100675637881e-01 
87578	8.129302951567482e-01	9.065488762718388e-01	3.757022937646612e-01	4.889322889451553e-01	3.539657803969298e-01	9.641703371723045e-01 
87579	6.860551911806945e-01	1.074721711256877e-02	2.762772097607503e-02	3.563763901388163e-01	2.972996888204011e-02	1.127743465419739e-01 
87580	8.337878206902127e-02	2.607358332074880e-01	6.190774397082056e-01	7.515176454333204e-01	5.588110711233742e-01	6.199205837305265e-01 
87581	5.784654526871003e-03	3.187663249293186e-02	6.858003724765965e-01	1.663399437285680e-01	3.847979444008311e-01	1.424444379016964e-01 
87582	3.204950784894149e-01	7.853701947188797e-01	4.126881986915545e-01	1.890536626749922e-01	8.154860738736979e-01	9.489557342366109e-01 
87583	3.752637302387802e-01	6.284163685647847e-01	8.555046105084496e-01	7.509660240034415e-01	1.173486570442788e-01	2.094703904397182e-01 
87584	7.151363607100846e-01	8.034038486906345e-01	2.202176075522870e-01	7.427640821518209e-01	1.597802383637895e-01	2.499475764343271e-01 
87585	8.555384286937948e-01	2.431590208984721e-01	5.106834101074763e-01	4.746158679363391e-01	9.946766663317925e-01	6.949448076518927e-02 
87586	9.453645120120442e-02	4.613208586635631e-04	1.013711132581211e-01	7.803368241434623e-01	1.668012645872316e-01	4.861690576589522e-01 
87587	9.227812620451586e-01	4.872963430766465e-01	2.715392519121707e-01	3.354694602710518e-01	6.763500057516387e-01	8.702532578586848e-02 
87588	2.844251945076627e-01	5.161373552475764e-02	7.154416943506532e-01	1.399298045504511e-01	8.025797595281990e-01	8.327903518605932e-01 
87589	3.494001949901693e-01	5.177161202382837e-01	6.361942000855665e-01	5.696178030081176e-01	2.604802019244433e-01	7.959744384493560e-01 
87590	8.195653794424447e-01	1.160186301525769e-01	3.913345888216675e-02	3.302487890842598e-01	5.906344980889161e-01	3.381012521395931e-02 
87591	3.997432698494491e-01	6.851709492901205e-01	3.427144607262288e-02	5.011143835732315e-01	4.655077729679215e-01	2.010727106598544e-01 
87592	9.872834412321837e-01	3.882890345474189e-01	6.883690542021622e-01	2.588226931443544e-01	7.237584952841319e-01	3.647190594881396e-01 
87593	3.458480189302228e-01	8.183689326133434e-03	4.163327954785586e-01	6.128971281521475e-02	1.481134938765846e-01	2.189125545410963e-01 
87594	8.940800646758080e-01	4.975136888667539e-01	7.366286747793801e-01	5.302742642957131e-01	6.713149140921025e-02	9.971088767038234e-01 
87595	3.262487027450691e-01	8.866968713173162e-01	1.131275063907390e-01	3.653821616272359e-01	2.169456599359147e-01	7.037620044796551e-01 
87596	3.991922868411952e-01	6.166889302510251e-01	3.889329537697755e-01	4.334637329138181e-01	1.178033133585953e-01	8.544407267376970e-01 
87597	6.345364440393338e-01	1.050867541251177e-01	2.427297612851159e-01	3.229054977758348e-01	3.639094472694721e-01	9.664882565692479e-01 
87598	6.876245572639743e-01	7.097574661996949e-01	9.746719458953812e-01	1.039573522768716e-01	7.710471794805709e-01	1.227854393063045e-01 
87599	3.228699072836292e-01	6.651272436907176e-01	6.202991281730584e-01	5.949858159734801e-02	1.954015079864308e-01	6.874306200479300e-01 
87600	5.660745830117141e-02	5.216502107315000e-01	5.741274908995849e-01	1.697349646919104e-01	8.870323723587358e-01	7.910731508354997e-01 
