2001	2.829549430324486e-01	6.694877700272425e-01	1.318064048568748e-01	5.130851122145937e-01	8.594763175861334e-01	3.384142431143737e-01 
2002	6.834838877820800e-01	4.675293171161456e-01	9.069180446243463e-01	4.275463663169864e-02	3.272496929053448e-01	4.734940177171929e-01 
2003	5.331046607033837e-01	9.352499185759806e-01	3.961674321424996e-01	2.735174113295588e-01	2.424390224006209e-01	6.344039587464202e-01 
2004	2.959552185125440e-01	4.797511759585474e-01	4.455611433114676e-01	9.609644305710515e-03	4.789476382913755e-01	9.025755594030840e-01 
2005	4.012846338568649e-01	5.264941027977010e-01	2.079959568604808e-01	1.218097075455867e-01	8.994301640891611e-01	8.004624758849211e-01 
2006	2.536242172371709e-01	1.823851071216097e-01	4.699502454465023e-01	3.854306220940457e-01	6.954702193362035e-01	3.294265625669744e-01 
2007	7.238448656740807e-01	3.789541071182834e-01	7.969558796831201e-01	6.307629098327657e-01	4.217087437499821e-01	1.242055725884650e-01 
2008	1.042569270842974e-01	9.548134044533658e-01	5.945549069878435e-02	5.004243592267970e-01	2.283308157829246e-01	3.018945135650665e-01 
2009	1.348283175075559e-01	5.242860342954686e-01	7.816456895236139e-01	5.803894608190234e-01	5.338956786011791e-01	2.605933273493281e-01 
2010	4.829650202221074e-01	9.351803124580441e-01	7.870874301470292e-01	6.909609770825882e-01	5.699001953796950e-02	6.865175942361902e-01 
2011	4.914234525018481e-01	3.106142367751404e-01	8.689027013577999e-01	9.613736979483505e-01	6.960448593348474e-01	5.643729202283421e-01 
2012	2.908002605153249e-01	4.198897245432668e-01	9.433270273466254e-01	8.775613973278372e-02	5.065263391037129e-02	3.650357706309463e-01 
2013	2.119617123212487e-01	1.549095609946687e-01	3.198491750843120e-01	2.714172034856944e-01	6.553339202214656e-01	5.481799908672367e-01 
2014	5.733117170507609e-01	7.901622381946828e-01	7.246602469704394e-02	3.549574061087135e-01	3.705516985480449e-01	6.063617032982230e-01 
2015	6.155507339237029e-01	8.535167187701523e-01	5.415420152906059e-01	4.026381636050708e-01	5.444776958527405e-01	5.985320348285753e-01 
2016	8.915575737559971e-02	3.590114788892732e-02	9.091462716037157e-01	9.580584587333996e-01	9.972748463029391e-01	6.051911304729019e-01 
2017	5.224313789617416e-01	2.880751063526026e-01	2.508085455050732e-02	4.657584058427058e-01	3.758312460853864e-01	7.573348846087860e-02 
2018	8.307941769393133e-01	5.877929588722963e-01	2.306430494555473e-01	1.506433515579642e-01	8.592101623579907e-01	8.859769701426742e-01 
2019	6.988233424252008e-01	4.325218789430902e-01	6.761392078716956e-01	7.712893671222447e-01	7.874792850518038e-01	4.669090595407920e-02 
2020	3.776510699548065e-01	4.030300185098453e-01	9.002076251898927e-01	9.191930852454123e-01	8.056681825805773e-01	4.446853205769720e-01 
2021	5.177251196083265e-01	8.948239399561770e-01	4.805864684658993e-01	4.268713907463809e-01	8.528823986895766e-01	4.778613143031771e-01 
2022	3.206252121928265e-02	3.753137771856569e-01	7.659364206557797e-01	5.714337576978997e-02	8.410721830283627e-01	1.417676667411661e-01 
2023	1.328768646963299e-01	6.718663595020149e-01	7.295606256134625e-01	3.635199141518771e-01	8.225097110599791e-01	5.887707875057919e-01 
2024	2.494968838288900e-01	5.213330530195185e-01	2.129266598322087e-02	9.256360917005856e-01	2.926224196761020e-01	8.087719510350245e-01 
2025	9.723269981203261e-01	6.702734896309085e-01	2.118019695448698e-01	8.725346228445575e-01	5.894665744106595e-01	1.747015165978584e-02 
2026	3.172199429558683e-01	1.071916935533246e-01	9.122940916159629e-01	7.978064114217677e-01	5.340630847653668e-01	7.651764898398782e-01 
2027	2.756677257249447e-01	5.661256059846494e-01	1.404902665598738e-01	4.160414591506317e-02	6.232689817544395e-01	9.815624500538979e-01 
2028	1.833718126562293e-01	7.561458464507693e-01	6.534288090902515e-01	9.129324382696917e-01	1.196657606026464e-01	4.759385201502305e-01 
2029	5.017032253098224e-01	3.691626444315364e-01	9.972715731697490e-01	5.229958912930432e-01	2.947987361321220e-01	2.898939928458510e-01 
2030	3.317678423280678e-01	2.671257337867868e-01	9.601674824767594e-01	5.435698118729376e-01	1.396603561656831e-01	5.496340568874190e-01 
2031	5.610399635327235e-01	4.568802991215514e-01	6.568257504407436e-01	4.733340546830250e-01	2.546867100776577e-01	1.908888347404491e-01 
2032	2.385105445229032e-01	5.303544358026024e-01	7.570144407250986e-01	3.790008110827770e-01	5.719585821833268e-01	3.802834224795380e-01 
2033	3.605632606710136e-01	7.553303948395561e-01	1.364292684646460e-01	1.399206976126510e-02	6.682628331092478e-01	2.560950290672924e-01 
2034	4.899305899114956e-01	1.699660579534089e-01	6.252576739644901e-01	4.872021626155834e-01	6.929619497121134e-01	9.200564100966120e-01 
2035	7.770961554614344e-01	2.472979157451996e-02	1.871821434177375e-01	7.372636379381938e-01	5.682996034474576e-01	3.268424995834206e-01 
2036	2.868976943599515e-01	1.293395665145198e-01	7.837227987049720e-01	9.437234448006951e-01	6.026736211975448e-01	3.840950831696834e-02 
2037	1.346122795411443e-01	8.411841657204480e-01	5.687639445852321e-01	8.916267202662429e-01	2.201849768032250e-01	1.407225263028976e-01 
2038	2.719101422801196e-01	5.807482374742386e-01	8.960529211424537e-01	4.083394112104268e-01	5.947403072355038e-01	5.643157537860404e-01 
2039	6.644344402777191e-01	8.467089668133804e-02	7.342818122051106e-01	2.896921137765479e-01	5.718730597625826e-01	4.272437614515627e-01 
2040	2.097485234074986e-01	3.489692147583557e-01	4.519735530260827e-01	3.969306668252361e-01	8.623285223088825e-02	2.027315600787902e-02 
2041	7.237731664086567e-01	3.731305465908398e-01	1.496127225223988e-01	5.074959646479673e-01	3.168539913915349e-01	7.522863437199436e-01 
2042	5.459054734305970e-01	4.514662709326792e-01	5.934705094403916e-01	1.146694175501677e-01	3.430929907332608e-01	8.136554862436165e-01 
2043	2.553919438530654e-01	6.150031334790416e-01	3.944037232521939e-01	1.514448645298578e-01	2.334254422380707e-02	9.891440309533589e-01 
2044	7.157606187815595e-01	6.877769845015262e-01	7.381492716903562e-02	4.500424305210088e-01	9.774690987437354e-01	6.456879869316183e-01 
2045	8.772861919725715e-01	1.872176216855727e-01	9.946572021556354e-01	3.292597445329929e-01	5.841482889764702e-01	8.089005392086229e-02 
2046	3.495329005408719e-01	3.079214549194655e-01	4.540206009773634e-01	4.991456230632708e-01	8.154174200330943e-01	7.708745923688982e-01 
2047	2.514319663175530e-01	3.613228929980299e-01	2.223408628359162e-01	8.449024757579446e-01	4.759923105481976e-01	5.654338535691769e-01 
2048	6.585579615358998e-01	7.313842544012630e-01	1.804369865825572e-01	5.296168478809376e-02	8.828291189311208e-01	2.037795308063643e-01 
2049	4.210571527579134e-02	5.985897372470189e-01	8.915565157735518e-01	1.159206424448270e-01	4.863216730236643e-02	8.690256140516259e-01 
2050	7.616086298421065e-01	9.259183592749379e-01	5.624323527153732e-02	7.562658315320806e-01	2.551781033422696e-01	6.403915242480075e-01 
2051	8.371558854529428e-01	6.047110038831416e-01	9.483129796331343e-01	2.911764859646449e-01	1.038566264807510e-01	7.637303992005672e-01 
2052	6.205107786788189e-02	3.552885932639654e-01	1.250532917329358e-01	2.843919407037981e-01	2.001910685562487e-01	6.010456022811335e-01 
2053	8.498257947386363e-01	8.587490305578098e-01	3.324298562167352e-01	3.026278085553217e-02	9.117107153459036e-01	2.152589746821946e-01 
2054	2.340423121275577e-01	9.538164306216950e-01	8.138487123948749e-01	1.255988274354482e-01	6.973707260086065e-02	8.624808796972413e-01 
2055	9.946244414870741e-01	8.313457024429672e-01	7.883992389721792e-01	5.086767629295014e-02	5.876115335093864e-01	4.357734184878755e-02 
2056	6.912592010066189e-01	4.247674189623293e-01	6.482883461975903e-01	6.395721801740919e-01	7.159439049269742e-01	7.521449726783415e-01 
2057	4.033025789089978e-01	7.779949832605174e-01	1.074335654766455e-01	5.283558706419337e-01	6.238692349865424e-02	3.076246344985555e-01 
2058	1.294014724574059e-01	9.122127182372904e-01	1.663736645907041e-01	4.618313286741410e-01	9.424754995584840e-01	7.808437947094644e-02 
2059	6.770903033563357e-01	1.765178112203804e-01	3.190080962698013e-02	4.909390152855492e-01	3.021166386558286e-01	1.016378822278408e-01 
2060	3.534198949827905e-01	2.967410796772414e-01	9.329835851364693e-01	1.418191334893085e-01	3.476087559701916e-01	5.205951181801944e-01 
2061	1.853964753380960e-01	3.886795651114916e-02	9.453625371425238e-01	8.336848215356865e-01	6.784401366852411e-01	6.613064420694981e-01 
2062	5.858297942140278e-01	8.174271512857764e-02	4.393014248643543e-01	6.932633596906733e-01	6.100985857705113e-01	5.016883483630085e-01 
2063	8.879937235675723e-04	7.395000582279172e-01	4.139010666002990e-01	1.672616583142717e-01	2.013313864363969e-01	3.563765656931216e-01 
2064	2.453460377852181e-01	8.784216902583939e-01	5.328943769135021e-01	2.772468474121982e-01	3.693607050782818e-01	8.350110155693307e-01 
2065	3.788847301057003e-01	7.227806000610724e-01	1.317520947809108e-01	3.118683147765083e-01	8.645997335503808e-01	4.793608507511024e-01 
2066	8.324634329567028e-01	4.999620888847681e-02	5.182288077279128e-01	7.778259700992266e-01	8.836810304241632e-01	1.966689439474926e-01 
2067	4.391324117030634e-01	4.695108241725298e-01	2.784116595417315e-01	8.784338365674177e-01	1.627741838632031e-01	8.885102453122429e-01 
2068	3.801221844647649e-01	1.636621775867707e-01	6.280103035401601e-01	7.940232510650639e-01	3.309238363667036e-01	8.293416899765570e-01 
2069	1.503998162925242e-01	5.762698741519218e-01	7.077633797692896e-01	6.832941932060264e-01	8.535167220297813e-01	7.712408484757137e-02 
2070	5.183052083096957e-01	2.324014516698203e-01	7.999046849086436e-01	6.500573030906065e-01	5.442697664463286e-01	6.645044184590245e-01 
2071	1.294181538417088e-01	3.767331989373701e-01	7.145006273475013e-01	6.476469615696216e-01	1.545591685709354e-01	5.981816573060033e-01 
2072	8.443159055171143e-01	5.936915802739987e-01	6.769248147853300e-02	1.227275645931845e-01	4.721254163757551e-01	2.304666653417361e-01 
2073	1.123780990542742e-02	8.522476013061813e-01	3.941288429285068e-01	6.392481134455875e-01	6.462708519055838e-01	7.250526792952104e-01 
2074	4.685898029564832e-01	7.966706686637693e-01	3.013225534471323e-01	1.763531827257728e-01	4.799648614041344e-01	1.548392750112523e-01 
2075	2.534772675733442e-01	9.982700701794913e-01	3.872407266810726e-01	5.338195201632658e-02	6.483273728044365e-01	9.315104931274012e-01 
2076	7.178863704753511e-01	7.777455266461454e-01	3.082436915991100e-01	4.323869973571910e-01	4.253924877501058e-01	4.628028606357066e-01 
2077	3.056865466319427e-02	2.697083932672201e-01	5.649444044404404e-02	9.826113614172728e-02	3.924359578604046e-01	5.286198572854603e-01 
2078	3.287278014834634e-01	4.036737677658320e-01	3.808674581259803e-01	7.228566444119703e-01	4.292188074575825e-02	2.713830956590283e-02 
2079	4.479093237071807e-01	5.115116841679028e-01	8.238089782296721e-01	7.492318771543129e-01	6.878648668936755e-01	3.037738396338066e-01 
2080	9.040711521655652e-01	9.413421344670198e-01	3.020439093476366e-01	2.913118783809766e-01	9.947240864833463e-01	9.503712821520731e-01 
2081	2.228223710427165e-01	7.126104569586974e-01	7.281168087982185e-01	5.310660626418265e-01	1.449974538502272e-01	1.535092960826630e-01 
2082	9.938689232775331e-01	1.755661085134214e-01	4.232176893498831e-01	5.036336372157715e-02	2.738272446551487e-01	8.156536476759489e-01 
2083	5.789832210070376e-01	6.025550461386121e-01	2.193274149761197e-01	9.598506791330179e-01	3.254116905505823e-01	2.622492961875393e-01 
2084	9.869889886989207e-01	7.733210142577630e-01	7.737609803554421e-01	8.107979669285929e-01	5.225528909464148e-01	4.616258467834563e-01 
2085	1.145718060967381e-01	4.266240426463187e-01	4.029679807848148e-01	4.166157154443747e-01	7.179359210272953e-01	3.976920668024999e-01 
2086	3.669869971307865e-01	9.407582920700117e-01	1.103025232955360e-01	9.510380546334377e-02	4.718243542461770e-01	2.552999776114244e-01 
2087	2.486131020116681e-01	4.656932775237100e-01	4.308660861248458e-01	6.718307913615512e-01	5.160566412452872e-01	7.046933312456558e-01 
2088	4.874844385718389e-01	9.503986178666347e-02	3.072483769186066e-01	7.068118540136199e-01	5.489054045402005e-02	6.326600674691890e-01 
2089	9.690611502011591e-01	4.187952868727945e-02	4.059810812612907e-01	7.428221300909399e-01	8.526774956158724e-01	9.285339722077055e-01 
2090	2.044479764087349e-01	9.672493017126105e-01	3.551580143883629e-01	6.074159571935497e-01	3.838650166913238e-01	7.309393494999684e-02 
2091	5.108023530388262e-03	7.508520142877717e-01	1.385222655434731e-02	1.154105472915855e-01	8.459558197511154e-01	4.856765812661855e-01 
2092	3.707105249030099e-01	9.456892129712222e-02	9.513698587898956e-01	8.015766110278557e-01	7.663997131243346e-01	4.674264995695215e-01 
2093	5.062699418078502e-01	2.538841512305123e-01	5.624663613561850e-01	8.135183191921181e-01	9.606960052441321e-01	6.173569018102051e-01 
2094	4.461783861956459e-01	9.297571549796300e-01	6.592364304974845e-01	8.521594679225979e-01	6.725792846049086e-01	5.119139261133568e-01 
2095	7.806934396646421e-01	8.770272610136435e-01	4.791632273603059e-01	1.358514540530049e-01	4.844432177415319e-01	8.630282445172911e-01 
2096	2.089453890030018e-01	4.895512417375814e-01	6.138802583394014e-01	2.227976160230104e-01	6.049617890291670e-01	4.598360776248556e-01 
2097	7.084741972891959e-01	9.756723139321768e-01	5.544049993876391e-01	6.598440556134303e-01	7.772489244943712e-01	3.208047120463125e-01 
2098	1.272705547172905e-01	2.835188663022215e-01	5.746888632768248e-01	6.897369160734754e-01	9.703718502867836e-02	5.353848685209569e-01 
2099	3.070938174180192e-01	5.432155712243242e-01	4.651420230349256e-01	9.663302479155037e-01	3.953750386812608e-01	1.377213076398341e-01 
2100	4.782441735631992e-01	1.760684783459029e-01	1.474856818781633e-02	9.574074013891665e-01	3.119199323989078e-01	4.991917863950095e-01 
2101	8.204356454407963e-01	5.208653214019097e-01	9.887430281325910e-01	4.343159033145364e-01	7.436629374249200e-01	5.937048166960965e-01 
2102	8.941519809393920e-01	4.521371342484546e-01	5.693771301626122e-01	4.485569798613698e-01	1.119811893962236e-01	3.466260541913221e-01 
2103	7.693616919076823e-01	2.392517441135141e-01	6.301449204935435e-01	3.440505551845071e-01	9.289886601869896e-01	7.271821055222220e-01 
2104	8.794354237054640e-01	2.360824771393475e-01	2.703976767465461e-01	3.445774462747282e-01	2.024127250548511e-01	6.657727154278069e-01 
2105	4.822987539145624e-01	6.806568986180503e-01	8.418411937737098e-01	4.970473225680400e-01	6.380642995415555e-01	1.537611257069563e-01 
2106	9.962391089630496e-01	4.584999445166904e-01	6.746264475745272e-01	9.849821366299792e-01	8.928158478312268e-01	4.182893845337859e-01 
2107	5.786869528604145e-01	7.869678287706188e-01	8.704265192479018e-01	1.480640825573653e-01	2.355248081663273e-01	9.824077086441255e-01 
2108	4.946901367486874e-01	4.886500074009644e-03	2.216594527576396e-01	1.248350572422310e-01	3.489370552585167e-01	1.506481124789678e-01 
2109	8.520171627644529e-01	2.283724784983194e-01	3.867305900839765e-01	1.224148390453378e-01	5.729499247730476e-01	5.891433151388277e-01 
2110	7.881875549388060e-01	5.524867868761005e-02	2.698002132912167e-01	6.300287482468545e-01	5.522960012556500e-01	9.078645132984335e-01 
2111	7.837898744194721e-01	5.485351097530383e-01	3.663644573494627e-01	4.584163215283381e-01	5.335172459173563e-01	2.591803051806895e-01 
2112	8.767057060621239e-01	1.122041983121094e-01	4.614813348564698e-02	7.471322248443646e-01	2.602682808694748e-01	2.816729416519743e-01 
2113	7.295399334884900e-01	7.549584176181622e-01	2.865594417259840e-01	9.511993862461295e-01	8.797934748603932e-01	6.354964969845006e-01 
2114	1.018474982594361e-01	7.318106376248461e-01	8.638689754828200e-01	4.885780883434127e-01	8.542254766701839e-01	4.368189002558677e-01 
2115	7.772140301657907e-02	6.424130311433287e-01	4.920675789434777e-01	3.475216167734571e-01	2.724417793901832e-01	4.436357973346653e-02 
2116	2.553861296062293e-01	5.623165334399401e-02	5.928986894865048e-01	6.217505869556920e-01	5.146479748723320e-01	1.264159349381998e-01 
2117	8.809308921363814e-01	3.913536804687948e-01	2.386201332503092e-01	9.270790256220284e-01	1.384859053131593e-01	4.988884141197840e-01 
2118	2.087519672740027e-01	8.680258388016493e-01	2.538468312722849e-01	4.953114089999867e-01	8.192252245821177e-01	1.336403061326781e-01 
2119	1.308079059844873e-01	9.210727228415537e-01	8.654509437575242e-01	9.946768814673074e-01	4.096508111849664e-01	7.196764199620469e-01 
2120	4.314957812575138e-01	4.873722142015454e-01	3.620894511053755e-01	9.235633602009915e-01	8.348938309750026e-01	6.345312304955587e-01 
2121	9.679269399344581e-01	9.027996011557056e-02	6.907628838395528e-01	5.608256289553016e-01	7.120305475369239e-01	2.054108582462235e-01 
2122	6.872415638935014e-01	5.929614392076440e-01	5.967645387150182e-01	9.258616971438106e-01	5.200404648296724e-01	7.352504440281775e-01 
2123	4.247501107979333e-01	7.287924321036751e-01	6.032762823641655e-01	6.785969425358795e-01	2.241038406380005e-01	4.225015064806219e-01 
2124	8.122372486685576e-01	3.549117466224878e-01	3.435742293221756e-01	6.776881919604205e-01	3.495886280897952e-01	7.532250405071420e-01 
2125	3.973646114568061e-01	7.810844093473089e-01	2.405972542430261e-01	7.594540625621816e-01	7.046477695483006e-01	7.549108521802866e-02 
2126	3.939852925920790e-01	6.725747090170974e-01	1.657710453335992e-01	8.474817596597047e-02	2.334003379723990e-01	8.778015928705231e-01 
2127	2.901590342121939e-01	9.206419018659004e-01	4.707630320781670e-01	8.869235733928734e-01	8.465035990097111e-01	9.908034969078393e-01 
2128	6.221740169553897e-01	2.712537093419832e-01	7.195959285458531e-01	2.254502993195552e-01	9.498506518778627e-01	9.436997691838536e-01 
2129	6.479518058001771e-01	7.620879000807590e-01	2.986115158063413e-01	9.915260351223527e-01	4.397760915755183e-01	6.482001438961364e-01 
2130	7.447510751638333e-01	8.371407034979857e-01	4.292845527777842e-01	9.853483298725207e-01	5.965947655945061e-01	1.339323218604234e-01 
2131	6.083941462488818e-02	9.905800586522464e-01	8.065070313431821e-01	2.266104599584874e-01	7.532823415255557e-02	3.990736884991981e-02 
2132	1.044120528290104e-01	3.654872688304108e-01	9.605492707158203e-01	5.751750849071774e-01	2.524108417576230e-01	8.070528692598701e-01 
2133	5.659785813493554e-01	8.745848587130126e-01	7.830657860185326e-02	2.855745094295473e-01	1.000351575669065e-01	2.815723001405468e-02 
2134	2.292742781477395e-01	7.479869638327449e-01	7.902451305604750e-01	5.278857939540808e-01	7.395129984894362e-01	2.300212216703320e-01 
2135	1.760859373845560e-01	4.842640736532696e-01	6.716192470265642e-02	6.053704906280015e-01	4.696124030601291e-01	6.637566907628237e-01 
2136	7.393028124884250e-01	5.304518176850173e-01	6.543367489494089e-01	5.458098433659457e-01	7.570622776435046e-01	7.296649831019645e-01 
2137	5.857172122158656e-01	8.614743304725151e-01	9.515225146671397e-02	5.462664829316859e-01	4.366494149140313e-01	3.475630932243369e-01 
2138	3.533193517258947e-01	2.627995797725392e-03	2.221479519373495e-01	4.316259303277479e-01	2.882025052272726e-01	3.221831095042560e-01 
2139	4.597831608074639e-01	5.174767838406734e-01	7.017007287133954e-02	2.500282909022776e-01	4.536257732909293e-02	8.096830718264371e-01 
2140	4.800495125726096e-01	2.214485151793102e-01	2.939471450140453e-01	5.472114377409273e-01	8.268190058073117e-01	7.635595480741745e-01 
2141	2.109681280380898e-01	5.661218178300754e-01	2.940113652935304e-01	8.653048769874987e-01	1.119316611960212e-01	5.107364247137385e-02 
2142	5.949698596238018e-01	6.976488734118867e-01	9.125479734095503e-01	6.901221115561771e-01	2.439153558779114e-01	3.491973878579202e-01 
2143	3.768520431485269e-02	5.972347080694673e-01	3.518253841213069e-01	2.598331562522022e-01	2.886063793155394e-02	6.400278893485796e-01 
2144	5.820162662221194e-01	4.886437987390178e-01	1.575046727235916e-01	6.521863390934590e-01	7.386720896412954e-01	2.028672505183459e-01 
2145	4.618694104542347e-01	2.187216022139050e-01	4.243157656976561e-01	7.558165554682801e-01	7.659330399548323e-01	2.511347710393065e-01 
2146	5.193761030767933e-01	9.769011679929220e-01	8.172565888693820e-01	8.133874683703237e-01	8.422060445147594e-01	9.291882500654032e-01 
2147	8.644611113073589e-01	4.371759036729000e-01	6.268371234772899e-01	7.770090842512478e-01	1.272980147634158e-01	8.707524793552014e-01 
2148	1.262064716435068e-01	1.649832195439298e-01	4.679871869590074e-01	4.780318557648137e-01	4.248163757961320e-01	4.968478253562226e-01 
2149	1.180597451133932e-01	6.832641552590133e-03	9.854916240952404e-01	2.755644178369848e-01	6.590189811117104e-01	7.241637137365359e-01 
2150	4.784316683553307e-01	1.208883911002839e-01	9.428853159504409e-01	9.027474340529867e-01	8.767049470342253e-01	7.088183554396119e-01 
2151	1.538822046266320e-01	3.960810496453573e-01	6.857195229668727e-01	9.711387939616752e-01	2.094685180156811e-01	5.279255670159708e-01 
2152	9.003270435614171e-01	7.392962885737868e-02	9.651014706888709e-01	5.271641665730459e-01	8.509387131086266e-01	9.239948545228666e-02 
2153	3.979166459282472e-01	9.771451847521333e-01	2.573827049962165e-01	8.659038328872546e-01	4.551770405169470e-01	6.821990807923484e-01 
2154	3.627516577778159e-01	5.732367856303401e-01	6.890317228105999e-01	3.482432818730563e-01	8.488012034673249e-01	3.480507034566490e-01 
2155	7.240699514393090e-02	3.272328718226556e-01	4.689390945569328e-01	1.529231062871046e-02	2.299803054099811e-01	3.456440411254968e-01 
2156	7.241106660683223e-01	3.838625105022744e-01	7.417250912365155e-01	4.098301885695337e-01	3.550013039982884e-01	9.511936092521965e-01 
2157	9.377557555855046e-01	2.553283470940442e-01	2.512323764391394e-02	9.028572258087142e-01	7.824925141327513e-01	8.760619507525405e-01 
2158	9.952567112610008e-01	1.804091595953373e-01	8.532071350390125e-01	2.526394157915560e-01	4.631299201693059e-02	3.083841750902981e-01 
2159	9.348384970495657e-01	4.090646502604078e-01	8.816209607206382e-01	6.238702193945042e-01	7.573079321334641e-01	7.304221641879632e-01 
2160	9.719209228511532e-01	8.297149272773950e-01	5.765503554495752e-02	4.408600169424247e-01	8.450072379061054e-01	2.876353409549386e-01 
2161	7.865040585335829e-01	5.691179035087665e-01	6.714978514572130e-01	5.282291493044371e-01	9.789480920783002e-01	2.649915498984007e-02 
2162	4.794227580909723e-01	9.167038471981436e-01	2.818275025495456e-01	5.045459957348862e-01	8.195610725411964e-01	6.432001621663572e-02 
2163	3.806079460217655e-01	8.148177838021972e-01	2.447291758119730e-01	2.338150805951166e-01	6.745719912809189e-02	2.910421678289036e-01 
2164	5.421992561510761e-01	2.295695711996265e-03	7.001068180893114e-01	4.238202164060531e-01	6.261659151065004e-01	4.574147497571142e-01 
2165	1.542423801283550e-01	5.980868374919923e-01	2.871296765688479e-01	2.118974156733125e-01	3.894685443441703e-02	1.321369140092921e-01 
2166	4.995327570939123e-01	8.254509129679999e-01	7.012548175180586e-01	1.710306080854640e-01	3.536800618067756e-01	6.802029091306976e-01 
2167	1.975297635409654e-01	8.331028198977479e-01	5.969067558631798e-01	4.793572660905110e-01	3.376488151669730e-01	4.164678284043762e-01 
2168	5.436772823071467e-01	7.182567611887384e-01	2.312856117409121e-01	7.884064581191197e-01	9.520718417838551e-01	2.987428108690040e-01 
2169	7.944862548236206e-02	4.942710974692698e-01	3.010385070466616e-01	7.795554440373348e-01	9.180913143409841e-01	9.272044221531620e-01 
2170	2.369701933287877e-01	7.233369400367778e-02	5.252912596451543e-01	5.240998703632969e-01	2.842311101426515e-01	5.642381140795714e-01 
2171	6.562367843725890e-01	7.837638672365639e-01	3.896890265819100e-01	3.574916018906476e-01	9.547944753220279e-01	7.433690883886857e-01 
2172	3.769451055568387e-02	1.523242383973320e-01	5.764719078207723e-01	6.346012668845250e-01	6.316815044878430e-01	9.141207229877453e-01 
2173	5.106909482323988e-02	1.753587863293284e-01	6.323774837108224e-01	2.823547065641520e-01	9.637652444484481e-01	5.844493250290161e-01 
2174	5.810975174331561e-01	4.321386993081024e-02	7.872042249828597e-02	8.821360244798176e-01	8.227693139681450e-01	9.968117368392700e-01 
2175	8.093404466329797e-01	5.973950683127134e-02	6.914543037728660e-02	3.346317058124727e-01	5.838393771945682e-01	3.533765405199381e-01 
2176	8.988698198920441e-01	2.400761615671572e-01	1.371404072908407e-01	2.885588460082928e-01	5.975677634578048e-01	9.193488261286863e-02 
2177	3.192793393131715e-02	6.352622740134887e-01	2.442591210102006e-01	6.083998417520895e-01	2.698635404323523e-01	8.759406259637049e-01 
2178	5.225205642741735e-01	3.209326352555922e-01	5.129941182737211e-02	1.548980475193346e-01	6.032873418197443e-01	1.506465627582029e-02 
2179	7.393473725483508e-01	1.843848592529003e-01	5.827852620663053e-02	8.180677950466367e-01	6.652088326705660e-02	8.810478401747754e-01 
2180	8.148795314202455e-01	8.758613299000363e-01	9.407873470060468e-01	8.840249622631934e-01	2.104930352468477e-01	5.246267242006151e-01 
2181	2.374015023174703e-01	1.093628546732305e-01	7.647028857677722e-01	3.745419100739723e-01	3.979217006815233e-01	3.622706487599158e-01 
2182	4.664767926868409e-01	4.298496346128404e-01	9.975329227734044e-01	7.107359136970415e-01	3.824947589926863e-02	2.673964632057568e-01 
2183	5.866765391950852e-01	5.607700401734421e-01	5.883290984613491e-01	6.379759514881186e-01	7.156680876927768e-01	1.916164402810933e-01 
2184	6.530406077639389e-01	4.550154602411275e-01	3.760012995339936e-01	7.113191339705695e-01	2.730832548221029e-01	4.425221828010502e-01 
2185	5.923669736796836e-01	8.796278624234850e-02	3.183835127010864e-01	5.331543202200691e-01	9.719877485055419e-01	5.288765479479342e-01 
2186	5.778104395502295e-02	2.093892503573509e-01	6.382394030868259e-01	8.224839297227953e-01	5.839311604313232e-01	3.616110330268792e-02 
2187	1.847545780170497e-01	5.040795265250278e-02	4.660107383811896e-01	1.822875007904542e-01	7.611438668152056e-01	5.042602142804583e-01 
2188	4.496839639962110e-01	3.478204055446295e-01	6.503025445390039e-02	3.801306199189883e-02	9.857963570327481e-01	7.806983421466771e-01 
2189	2.296295022729922e-01	6.388369643310257e-01	2.357138019221433e-01	6.056308018069858e-01	3.501560978359338e-01	5.087970572099076e-01 
2190	4.815298460803599e-02	9.425230715156174e-01	5.967598434522561e-01	3.665364973091225e-01	4.756773917356866e-01	5.687475914921367e-01 
2191	8.954130452570567e-01	5.334584356907096e-01	7.781368418494876e-01	5.336524478782213e-01	3.559423654135048e-01	3.620680022808109e-01 
2192	5.698135516465704e-01	5.406969434305545e-01	4.124759549333136e-01	3.582428956209881e-02	7.229844442210088e-01	1.736198212828579e-01 
2193	5.400845038425571e-01	1.726684077515585e-01	5.214402272931488e-01	6.051147582964574e-01	2.106814702091187e-01	5.072365838602355e-01 
2194	3.858131004431346e-01	4.403109724821108e-01	1.460735481912613e-01	6.215269023652780e-01	4.594177428909660e-02	4.962296460271951e-01 
2195	1.303239591095242e-01	9.409475889713259e-02	4.387527175428126e-01	7.270838025617804e-01	4.606312562062551e-01	9.144301092784992e-01 
2196	2.958313935882558e-01	3.560443009976504e-01	4.478885445035475e-01	7.396823543774347e-02	8.896967493415330e-01	8.038309099170523e-01 
2197	4.360362377185543e-01	4.595103005224421e-01	3.445278533476069e-01	8.485121926518679e-01	4.953345900845409e-01	6.751229710295438e-02 
2198	2.213201393472590e-02	3.541909346143673e-02	2.401807053201742e-01	5.435722412278746e-01	6.405338522235555e-01	4.508621755292929e-01 
2199	5.080882462244892e-02	2.634695220102880e-02	8.911731480114037e-01	1.968823728137102e-01	6.478738545663068e-01	9.371149223005003e-01 
2200	6.931120193065666e-01	7.781978141414923e-01	3.120968073197160e-02	1.318647363837178e-01	5.052816162376114e-01	4.918409369382267e-01 
