28401	4.172588933339617e-01	5.190302541102424e-01	8.538926769298932e-02	1.397754178102014e-01	1.076612705866160e-01	6.291526205042156e-01 
28402	3.999562866054272e-01	7.341719822651576e-01	5.143106405224235e-01	3.098944203508526e-01	4.992414691947594e-01	9.369270172607745e-01 
28403	4.739624040545721e-01	9.719702335875343e-01	5.659616936771020e-01	5.771158680213223e-01	1.017026557129354e-02	6.273202871099675e-01 
28404	5.007052456497705e-01	2.949048323998716e-01	6.111581766098543e-02	9.754627370161296e-01	8.413210836431575e-01	9.202918069997299e-01 
28405	3.125337293895584e-01	2.518942059259369e-01	4.074581560713510e-01	6.064081185527184e-01	3.039379363432237e-01	2.620455046473283e-01 
28406	1.454044674268944e-01	7.211968296771855e-01	7.810757587575706e-01	2.307937351198838e-01	8.609722474873868e-01	8.887370298098479e-01 
28407	8.599463560897607e-01	2.609285340928140e-01	6.229090116093443e-01	3.742569961465229e-01	5.708229544436666e-01	1.221504808041037e-01 
28408	3.111840134072975e-01	4.478535849823866e-02	9.412071392597664e-02	8.771457070843995e-01	6.219012265195610e-01	1.042909794972702e-01 
28409	5.044659937287057e-01	1.226064717036702e-01	3.991958118971418e-01	5.655818118553524e-01	9.806920825413858e-02	2.405168950746380e-01 
28410	4.858736183894209e-01	4.106029376436970e-01	4.924111014662362e-01	8.933317744607719e-01	1.701105573075407e-02	7.963490378094600e-01 
28411	1.553772791081002e-01	1.624155236233098e-01	5.175458674866454e-01	9.364530378656709e-01	3.932092587431936e-01	3.785181145083709e-01 
28412	8.251900672098575e-01	2.531556143672930e-01	6.394466486011849e-01	4.480990788192019e-01	6.274126109794772e-01	2.102696030448515e-01 
28413	5.702495596233055e-01	9.385966243867747e-01	2.550549615430902e-01	6.643702735492821e-01	8.157423310055129e-01	8.769561880626512e-01 
28414	7.686612535122136e-01	3.202083242685573e-01	9.995626597663214e-01	1.678570649436941e-01	8.857901361239097e-01	9.763186755479866e-02 
28415	4.083739604839934e-01	3.716637540476694e-01	5.082348056641569e-01	9.007850619502296e-01	2.649955285084413e-01	5.252458613949110e-01 
28416	6.971340992940283e-01	4.203728076165416e-01	6.876613850182208e-01	2.146799663150124e-01	3.568258450165511e-01	8.087064376141441e-02 
28417	5.931980812890446e-01	1.820159122264087e-01	3.340262581287074e-01	2.326447294245682e-01	6.301149910456105e-01	9.614388691081847e-01 
28418	4.429143324694197e-01	2.003645502032547e-01	9.000354930292980e-01	6.979692940125098e-01	8.647348237525369e-01	7.157778235691497e-01 
28419	5.749254816094997e-01	6.333960767990892e-01	3.598614783770691e-02	5.744881409101599e-01	8.012531422084445e-01	9.217762839616166e-01 
28420	6.721200089306198e-01	2.096271022267766e-01	2.934400380092859e-01	1.803548141291155e-01	1.104121637113449e-01	5.584355665177273e-01 
28421	7.056006755240265e-01	8.075462630053732e-01	9.788083741342688e-01	3.932620605422473e-01	2.222622932038560e-02	3.356342186851586e-01 
28422	4.741327043036617e-01	6.154243106094303e-01	5.176501309115673e-01	8.081589624323691e-01	8.480690400339984e-01	1.477651214915165e-01 
28423	7.695978315405537e-01	2.909833725034182e-01	3.481296716947712e-01	6.696333241041905e-01	9.889526665159281e-01	2.128644954473081e-01 
28424	3.854111476733401e-01	5.638781481254278e-01	8.462605722463972e-01	4.213972955110470e-01	1.383662885699264e-01	6.475137139891803e-01 
28425	3.431735790070023e-01	8.104862975005462e-01	8.571408162159569e-01	6.366136170162883e-01	9.908411116296617e-01	9.675529799273018e-01 
28426	1.950491830683542e-01	6.964417871536882e-01	7.750992429326751e-01	1.738575567369617e-01	8.970384723027416e-02	7.973254722530606e-01 
28427	5.094917758877816e-01	5.638365515339359e-01	4.127497823968296e-01	2.714190633368767e-02	3.719955135006437e-01	2.608188219651668e-01 
28428	1.749070282908655e-01	1.415933445755361e-01	5.518021944685849e-01	5.230366999856367e-01	8.112266691453879e-01	5.407548609845130e-01 
28429	7.359011954329447e-01	1.966378163530667e-01	1.046330086442796e-01	5.821617676793419e-01	6.180351118641138e-01	2.429992972142060e-01 
28430	2.296754812028610e-01	9.612086908711160e-01	5.348559471475221e-02	8.681629741881802e-02	5.978223078874043e-01	4.432670587875261e-02 
28431	5.436927688045859e-02	7.928714909557586e-01	7.407684930324407e-01	8.294685198131336e-01	9.667290481583817e-01	8.304723402627149e-01 
28432	6.267939916005331e-01	4.762208235805020e-01	3.943088913309895e-01	3.954377353170131e-02	5.033627299141896e-01	7.663044052972945e-01 
28433	3.003625959625293e-01	6.782697582050552e-01	9.078977498728306e-01	8.521647904311143e-01	2.013064581906919e-01	7.191244185525572e-01 
28434	3.929196509499660e-01	9.372076536236367e-01	9.157622349056239e-01	4.975526595942455e-01	5.193694208373173e-01	5.337973463040764e-01 
28435	7.405519572741128e-01	7.490449025058397e-01	4.950060371751925e-01	7.940375519888651e-01	8.358611999246577e-01	9.282834459693559e-02 
28436	8.383642578676177e-01	8.902304768051162e-01	8.856998355526942e-01	5.791327509000584e-01	7.196989966182499e-01	8.524288832454145e-01 
28437	4.096050906971121e-01	3.464929877531217e-01	3.286497063602553e-01	8.039139824937629e-01	3.860367617504842e-01	8.320124367401062e-01 
28438	5.702183873253960e-01	6.863993577130136e-01	5.102821944795001e-01	4.781161367325653e-01	5.385641476784666e-01	7.115886526701919e-01 
28439	1.972405552851225e-01	9.314837990940938e-01	6.487963062938286e-01	1.130027897250852e-01	4.290364582226782e-01	1.681657266654846e-01 
28440	6.468001364948228e-01	1.695884150311297e-01	9.172106291713242e-01	1.418061732043541e-01	9.636259670199947e-01	7.530718286303206e-01 
28441	2.346345178012897e-01	8.019902248876124e-01	6.433023054354369e-01	1.203343528883226e-01	3.811229753220095e-01	3.630013015880256e-01 
28442	9.727632365993985e-01	7.907280660191216e-01	7.094942893411472e-01	3.014129424939924e-01	5.946420480472232e-01	9.553105062597014e-02 
28443	1.334253787684372e-01	1.648604349069579e-01	7.819304083389838e-01	6.437075737135985e-01	6.429765721051844e-01	3.204945560174503e-01 
28444	3.552962259181292e-01	8.402171273903070e-01	2.519783546458829e-01	4.092531746296459e-03	9.532199171153921e-01	6.810148128685610e-01 
28445	1.722582588774423e-01	6.000200531445538e-01	8.506032283653521e-01	8.946888758310531e-02	7.418262263489078e-01	8.142291949196855e-01 
28446	8.425407166790873e-01	9.764607441501975e-01	6.162194193416366e-01	4.858430216488629e-01	9.679509703852009e-02	9.973423946636460e-01 
28447	8.488443232368884e-01	6.955833317225721e-02	7.880704606827676e-01	5.583386121123743e-01	3.709712756662496e-01	3.827125082643295e-01 
28448	6.538696632040057e-01	5.043966549003481e-01	5.475729436369486e-01	4.358000710773282e-01	1.481042281482854e-01	1.905495152764718e-01 
28449	7.562946270947786e-01	5.034004540664146e-01	3.076664220111754e-02	8.272981275000136e-03	5.074929862783724e-01	9.839865593165097e-01 
28450	6.892877946092225e-01	6.797512451558146e-01	5.840066124610633e-01	5.398910225089132e-01	7.692201327389200e-01	3.258328383443099e-01 
28451	3.541202169629374e-01	6.117608489523459e-01	3.022935824945073e-01	9.703396367702352e-01	9.760387013554753e-02	3.990886795330274e-01 
28452	9.676820309682200e-01	9.464481933724359e-01	4.686470127052846e-01	7.557524911853264e-01	5.047868054848103e-01	8.396182883715342e-01 
28453	1.384649994496559e-01	1.586564682231548e-01	3.440149428062211e-01	6.860379430866046e-01	5.944565393004829e-01	4.921191709545065e-01 
28454	8.765874583630764e-01	3.507511663952615e-01	9.955196254865823e-01	9.073541005641940e-01	3.590241476702616e-01	5.030126112992934e-01 
28455	8.913406594150424e-01	4.831194181382281e-02	1.827638559894468e-01	4.753472714104444e-01	5.882029643227360e-01	9.519839887283668e-01 
28456	8.011801102204156e-01	9.423231817513347e-01	5.637448376807127e-01	1.034736922492616e-01	9.126628180559085e-01	6.613487078162603e-01 
28457	5.025623717822890e-01	8.803448485584673e-01	6.077969011886962e-01	9.712093844875737e-01	6.360973397437937e-01	1.125837062078452e-01 
28458	8.108276723934467e-01	7.745623391934495e-01	2.712401744310000e-01	1.548426151996677e-01	4.606002818143928e-01	8.656967137314829e-01 
28459	6.469617861541741e-01	3.371877397118079e-01	2.164478796610832e-01	6.424814111750952e-01	2.445418398103406e-01	5.754720277970061e-01 
28460	1.454940220087273e-01	1.358824987597216e-01	6.237839696108289e-01	3.282578779981741e-01	6.112297706358273e-01	2.119869339335649e-01 
28461	2.802418667265409e-01	4.124098803905816e-01	1.543101152192383e-01	8.439867044072537e-01	5.158835726398433e-01	6.697293280948556e-02 
28462	5.053354117578526e-01	1.844594395647102e-02	9.473177813679529e-01	1.131323124808875e-01	9.896553284440447e-01	5.834151206460851e-01 
28463	2.257160186887328e-01	8.004830003718301e-01	3.579774593738734e-01	4.969561931197328e-01	9.553256155714978e-01	8.185777411882662e-01 
28464	3.626529068512157e-01	6.022874017256719e-01	1.557654804344128e-01	5.791007865122989e-01	2.447688124351058e-01	4.003073202447534e-01 
28465	1.545728138436437e-01	3.902628349094944e-01	5.361898194701363e-01	7.783567839201339e-01	7.185207129076685e-01	1.474195896403024e-01 
28466	9.903437178536988e-01	9.987625796342094e-01	5.598294700308840e-01	1.446538326072757e-01	8.427492835758018e-01	7.571304220506597e-02 
28467	2.116267654167613e-01	3.480846953336544e-01	9.415898616153699e-02	1.589445463190528e-01	4.612170078145419e-01	8.381431413992044e-02 
28468	7.423596674307993e-01	6.869330269689360e-01	8.842973145117505e-01	1.003371263390114e-01	1.838892196230074e-01	8.396229300832483e-01 
28469	9.189148679929389e-01	5.465421264742232e-01	4.419103313432589e-01	7.468034796169044e-02	1.256429129865220e-01	6.866791437783647e-01 
28470	4.749876686721051e-01	2.802157268301657e-01	7.694197822219784e-02	1.117748767658020e-02	5.857251028463827e-02	7.954626915955276e-01 
28471	1.585970773168826e-01	4.891622767267573e-02	7.942252707640758e-01	7.184265473477666e-01	1.935700602799515e-01	6.369745543398776e-01 
28472	7.941395895528326e-01	4.051968256967127e-01	9.850592496735320e-01	8.882985757143695e-01	5.641413724814268e-01	4.462762570224126e-01 
28473	9.721128898542900e-01	3.065010394465649e-01	1.332092835256873e-01	8.564102039003793e-01	4.068381657855763e-01	3.170985036143560e-01 
28474	6.960331335179663e-01	3.257530333128539e-01	8.636406300885792e-01	1.379434643955638e-01	4.004333817402057e-01	9.892835430751012e-01 
28475	8.246226086395898e-01	8.754210504123108e-01	2.694992699052670e-01	9.015645868617876e-01	8.865985380888910e-01	3.280717801899052e-01 
28476	6.970272779916540e-01	4.519561494011227e-02	3.769880083282423e-01	4.912525487557298e-01	7.636221622878788e-01	5.705580686081937e-01 
28477	1.282271026299461e-01	5.577617513750501e-01	9.757548947705678e-01	1.132863518378168e-01	4.460603266237584e-01	5.398962667863333e-01 
28478	5.595626088602295e-01	4.181732160123872e-01	8.463973062328982e-01	6.927718928515780e-01	2.745834194471051e-01	2.532354715528132e-01 
28479	9.870396000272778e-03	9.706165534307326e-01	5.789885053313284e-01	8.735110260888520e-01	1.085600173606351e-01	9.794218870715340e-01 
28480	8.627945691639533e-01	9.331826260002249e-01	8.548429370181835e-01	1.322938386035589e-01	8.347472128620126e-01	7.414414746414132e-01 
28481	4.603656187934641e-01	5.317744903880053e-01	7.866370895815255e-01	8.373536271217064e-01	2.302703867807381e-02	5.502592514037431e-01 
28482	4.079116957299000e-01	1.512541413080199e-01	1.080210023131319e-01	3.836665900348065e-01	2.645404931458367e-01	5.540813289368904e-01 
28483	9.235628568211397e-01	8.241031024717275e-01	9.722545449492775e-01	7.699601625883766e-01	5.168749948576442e-01	2.468379639307214e-01 
28484	2.319563367552852e-02	5.267453908579169e-01	2.174545168957927e-01	6.021841390068569e-01	4.002564164811077e-01	3.260145347220891e-01 
28485	5.816060256127296e-01	2.630509851793996e-01	2.591971602566527e-01	4.364489621652518e-01	3.953448237829585e-01	9.394437265300395e-02 
28486	1.778904363410037e-01	8.557104430420839e-01	6.257188635066705e-01	9.645275259225292e-01	6.930640696981288e-01	6.487459021847444e-01 
28487	5.147867768606109e-01	1.009757649623676e-01	8.000000439584255e-01	6.228077791737429e-01	4.846423549971741e-01	6.454053663860100e-02 
28488	1.768891076449720e-01	4.082052113526525e-01	8.886436391103285e-01	1.491436521285882e-01	1.781653734753678e-01	4.055186335023114e-01 
28489	3.959816165249709e-01	2.013610076165576e-01	9.322640243602284e-01	6.134361334207636e-01	8.035451466234146e-01	3.325204408413360e-01 
28490	9.394506681428527e-01	3.851511722361441e-01	5.955714260207357e-01	1.986478283995054e-01	8.216001344013960e-01	9.909162502693554e-01 
28491	2.925922010525093e-01	9.994905712080610e-01	8.466266928457780e-01	9.183110645591799e-01	9.640180966649289e-01	5.396907620782455e-01 
28492	5.670569667439241e-01	4.788048735255398e-01	6.406665275062744e-01	3.670570102366884e-01	1.016126522336214e-01	1.253088820377872e-01 
28493	4.315975468752895e-01	2.785017603442547e-01	5.335140938561009e-01	3.202411859856179e-01	4.276454124728429e-01	7.116794673314688e-01 
28494	7.257598194879292e-01	8.236270289978138e-01	9.130404749480264e-01	6.580238438481576e-01	4.370631624185775e-01	7.165856215714410e-01 
28495	9.905442846894936e-01	3.765138300957688e-01	1.017367933419239e-01	5.861157102445679e-01	5.751616584952742e-01	9.233369277433199e-01 
28496	5.770319600482620e-01	8.677538600134448e-01	9.228274984857195e-01	4.236586524283786e-01	7.860649241069634e-01	8.868455951506484e-01 
28497	9.633494149722854e-01	3.531218903852263e-01	3.656504682105269e-01	6.040159420128985e-01	7.201789006219147e-01	4.672631204441484e-01 
28498	7.293248240506858e-01	1.517764474972041e-01	7.457648807884031e-01	2.628389174411255e-01	4.720176334828221e-01	1.734102932612460e-01 
28499	9.745183852382555e-01	1.977774525050900e-01	9.970373222590598e-01	8.875588597206208e-01	8.558012963532476e-01	4.341004842119759e-01 
28500	6.041444808264005e-01	8.463455805770800e-01	8.106143147734061e-01	7.058812741683244e-01	4.324612908216479e-01	3.857759728030190e-01 
28501	6.292182019116441e-01	9.493250404248596e-03	2.535298323508025e-01	5.520456999317024e-01	4.331519032982886e-01	3.959475645776594e-02 
28502	4.388912946166896e-01	3.965013178049127e-01	3.927166468429922e-01	8.045417628272166e-01	5.172593521500283e-04	1.128955474649070e-01 
28503	2.718048832713649e-01	7.298420834028359e-01	2.646719949621111e-01	1.756976359410666e-02	9.926810013096226e-01	7.366896284449331e-01 
28504	1.909800568553526e-01	9.671993860822168e-01	9.344670809500232e-01	1.880173791144124e-01	8.547582453371763e-01	7.902683773032708e-01 
28505	6.221178633263883e-01	4.589027261635767e-01	6.366139574146894e-01	4.327321776341331e-01	1.647839998662397e-01	6.907524777067604e-02 
28506	8.185081509028134e-01	7.940022017778839e-01	7.856849864058592e-02	7.203798278795462e-02	3.460479017095863e-01	5.117204019388745e-01 
28507	1.116327392457205e-01	7.849391963262760e-01	9.082217197437872e-01	5.043493865543741e-01	5.894809591534924e-01	9.087389790959373e-01 
28508	6.172449340192810e-01	8.612858424248574e-01	6.385810620331117e-01	8.819169289813922e-01	8.788556060189641e-01	6.312620628770730e-01 
28509	6.186065569606640e-01	6.983566287431664e-02	5.984614484936285e-01	5.530736374450259e-01	2.578530419887290e-01	4.532196938308047e-01 
28510	3.433420142826354e-01	8.799709053151173e-01	9.121224199943815e-01	9.799559721629861e-01	3.127030829492505e-01	7.690641939495989e-02 
28511	4.903121946800091e-02	1.312112333864026e-01	8.709086216385051e-01	1.275997181085868e-01	2.032492161743572e-01	2.169565228824301e-01 
28512	6.393201200474613e-01	3.148819558857390e-01	1.895718743044752e-03	5.475418393255872e-01	8.192313424401131e-01	5.913766778965373e-01 
28513	4.562808179558631e-01	4.364762759937328e-01	4.526625198557332e-01	9.486187998897484e-02	3.183932045094637e-01	3.315181258746973e-01 
28514	7.261239428660479e-01	9.369997614701278e-01	4.013537887490140e-01	3.245853913596763e-01	4.900733984494924e-01	6.592068307377430e-01 
28515	7.778050851904811e-01	8.334154131977891e-01	5.391777355871991e-01	6.899275047192013e-01	8.133713848951140e-01	8.518808185364496e-01 
28516	7.668339241141612e-01	8.624026043631149e-01	9.830920519228522e-01	6.377425452870049e-01	9.900023229373630e-01	1.863412680972094e-01 
28517	8.546990681694351e-01	6.293224425191630e-01	5.012232239829485e-01	8.565947873781411e-01	1.768642818447502e-01	3.204545659574003e-01 
28518	4.479714648090170e-01	6.331450998006133e-01	7.569308419511331e-01	9.006339851304116e-01	7.280069797895882e-01	7.532404599493558e-02 
28519	2.321521105394476e-01	4.541309226556359e-01	1.232380699940203e-02	6.335058992884615e-01	7.787163140153123e-01	5.023972054488944e-01 
28520	2.927127295605432e-01	5.565213987401321e-01	3.358126181810221e-01	8.318904651477423e-01	2.464489029936720e-01	1.491840026104748e-01 
28521	6.837712836841919e-01	1.328282664217187e-02	1.158660697358968e-02	6.668633351413829e-01	6.510253723948380e-01	1.588929445291371e-03 
28522	8.532046032385922e-01	5.057244400986118e-01	6.309113719644543e-01	3.544278267558794e-01	3.623192270110916e-01	8.077756538092046e-01 
28523	6.748823927132797e-01	8.102906922857699e-01	4.409207536098178e-01	4.318132341987515e-01	7.109246769505202e-01	1.689277329337447e-01 
28524	5.071372801936871e-01	9.430767874899678e-01	6.230586555893806e-01	5.194610871930891e-01	5.765826863127680e-01	4.017749691390316e-01 
28525	2.185829264198350e-02	8.692954158733112e-01	9.582963678791636e-01	3.576709108230057e-01	7.011858805553922e-01	2.047452704071744e-01 
28526	5.068549138991418e-01	3.849571637739228e-01	2.180280975150075e-01	5.184415208727314e-01	5.182049891530559e-02	8.690534699098456e-01 
28527	5.200304503180229e-01	9.050251021538978e-01	3.747779095427962e-01	1.509418218168159e-01	2.594529289097772e-01	7.370971370195490e-01 
28528	9.587174760916818e-01	9.343353216230568e-01	5.473878288396578e-01	3.996382292358382e-01	3.661485558218083e-01	2.583125053245167e-01 
28529	5.685659621695829e-01	8.732858360154954e-01	2.013892923488232e-01	1.916246177589636e-01	3.927469232085845e-01	7.779719786615912e-01 
28530	5.933995868979951e-01	4.146052158505680e-01	6.472673940692411e-01	5.516959547771588e-01	7.722761266735737e-01	3.484532741589720e-01 
28531	7.564412251843331e-01	2.791310401070542e-01	7.334104383985560e-01	9.744693226993407e-01	7.975725609797857e-01	7.852309373138616e-01 
28532	8.435227921435250e-01	3.176030108321472e-01	6.902560390020982e-01	2.183007016863212e-01	4.685448331146244e-01	9.497089679118753e-01 
28533	9.553978387058703e-01	4.272623087406449e-01	8.840442895349321e-01	5.027856670798667e-01	8.269005379764831e-01	2.501928448910792e-01 
28534	7.610981724043834e-01	3.954664996804048e-01	1.234786804409133e-01	9.624874647532066e-01	5.870911174393684e-01	5.162256036494978e-01 
28535	7.404594429491365e-01	1.804907043373635e-01	9.308308195000657e-01	3.877268365527162e-01	7.321866591145222e-01	7.031069461736394e-01 
28536	7.361801107116882e-01	4.886278838331941e-01	9.822379862806937e-01	4.695905486445830e-01	4.630972065325348e-01	7.798105472604793e-01 
28537	2.548214854927834e-01	3.066199982103985e-01	9.741355762696526e-02	9.450775249605428e-01	5.249206998967196e-01	5.659583907415897e-01 
28538	8.947864924067569e-01	4.803185381369286e-01	9.932206994822346e-01	7.788307814760277e-01	9.831042052167953e-01	8.201212369930564e-01 
28539	2.902362590144557e-02	7.442023771555174e-01	2.155877366734611e-01	1.525023068080201e-01	7.066898414430627e-01	8.026788541128295e-01 
28540	6.687279104575179e-01	4.471492839265379e-01	9.831695584501929e-01	5.995587299575837e-01	8.348761204792541e-01	7.153562170990538e-01 
28541	3.026656756655619e-01	5.710562311909423e-01	2.039841009322480e-01	2.849036614805943e-01	4.064677936986404e-02	6.670813074647828e-01 
28542	6.471420827541231e-02	2.954682653283087e-01	9.737013056751812e-01	1.621277663680389e-01	2.405457898231902e-01	4.986220055719009e-01 
28543	7.280861571096285e-01	1.353322817642858e-01	9.789405437088294e-01	7.213068565918630e-01	9.141630637059748e-01	9.620447489256247e-01 
28544	5.414280931192581e-01	9.431866896074204e-01	7.062471256154809e-01	7.570158297927193e-01	9.568899594977917e-02	4.129369670585435e-01 
28545	5.596946839055488e-01	7.644169068729584e-01	8.600862509850814e-01	5.428642418900804e-01	3.639756363648808e-01	6.949623714643355e-01 
28546	2.582204589891343e-01	6.666413120304426e-01	2.660186021896166e-01	4.622045599213823e-01	9.515449735110370e-01	3.066653815594806e-01 
28547	1.292858669205037e-01	1.625918178644924e-02	6.021336468877894e-01	1.029871721300237e-01	1.783869481544881e-01	8.426794367109796e-01 
28548	6.016091777019246e-01	9.064731052641166e-01	9.780117189409265e-01	5.805497214107540e-01	6.277799613903183e-01	8.921747821812400e-01 
28549	5.425944698707175e-01	1.692080545095764e-01	8.353614713229991e-01	2.488415950205371e-01	9.262238843022957e-01	9.310504677384396e-01 
28550	6.617785620790806e-01	4.859185677421831e-01	6.954673741457367e-01	5.218648130641621e-01	2.878280963226352e-02	5.944301004495612e-02 
28551	2.168271840628363e-01	2.870032686213978e-01	7.260843220753987e-01	4.828457862524529e-01	7.492078285427800e-01	6.776292951207744e-01 
28552	7.895111678119335e-01	8.784936954632838e-01	6.938884769072237e-01	3.916448146997228e-01	9.814808675933074e-01	8.722754250617117e-01 
28553	2.343242509450411e-01	5.830900452952320e-01	7.787485303258284e-01	2.123359694203064e-01	1.636397662403247e-01	4.065284912504854e-01 
28554	1.045107511358851e-01	7.062342361110422e-01	5.757365457600618e-01	9.398722229245455e-01	9.550758311315792e-01	5.019604300623576e-01 
28555	8.709226901973238e-01	6.168543932106599e-01	9.878789978045407e-01	5.663900638773991e-01	1.387192058091607e-01	1.666180697114291e-02 
28556	6.258330739223552e-01	3.555463898719970e-01	3.036650755925407e-01	3.519173955320927e-01	8.383921761244499e-01	5.287290366965947e-02 
28557	2.954669018720588e-02	6.279033434707222e-01	9.313665991329433e-01	7.234351675600909e-01	1.954815770478368e-02	9.128474667262507e-01 
28558	5.957105921561413e-01	2.538724091154860e-01	4.959375115558214e-01	3.744591220163084e-01	4.662083785357924e-01	6.595772777961462e-01 
28559	7.809876137324551e-01	5.707191301373389e-01	3.658115134415270e-01	3.567241590268557e-01	5.105913525962230e-01	3.208873441074450e-01 
28560	8.586845890892132e-01	3.815140423278855e-01	9.377417373181050e-01	8.465635868937539e-01	9.479041062052846e-01	7.646094266160436e-02 
28561	8.632253938648968e-01	5.737371796619786e-01	4.320073325336014e-01	1.668904694574375e-01	9.256545751940713e-01	2.703995081923899e-01 
28562	2.197633731270970e-01	9.552012653812771e-01	8.983028521287734e-01	1.511299722600402e-01	6.786364324757068e-01	9.178510098335571e-01 
28563	6.397743852062963e-02	2.743470246318481e-01	1.717234184833818e-01	5.599149500764511e-01	6.488061466481565e-01	6.379317974848355e-01 
28564	2.194922274069359e-01	4.297937599149503e-01	2.086509271565131e-01	5.853037408484629e-01	7.865179194074673e-01	7.192422797527361e-01 
28565	9.061910849559079e-01	6.452025080310192e-01	1.007563216149604e-01	8.439328222740129e-01	4.917660944591118e-01	4.866042735458372e-02 
28566	9.203937649356172e-01	3.549914883240086e-01	6.223976070165623e-01	3.524010974692186e-01	5.218819577814462e-01	5.480521817449723e-01 
28567	6.228006056616086e-01	7.416453309085431e-01	5.032534466605882e-01	5.211034573247206e-01	8.927753031685833e-01	1.818898791362950e-01 
28568	4.389544671582777e-01	9.567527416892130e-01	4.562369037681431e-01	6.106778856416596e-01	5.166676913000027e-01	1.050430499506383e-01 
28569	2.486096826608338e-01	7.361599187069385e-01	5.348368103312500e-01	4.572606098173468e-01	3.214636590897402e-01	3.213547292730560e-01 
28570	1.765028891044217e-01	2.276547440456481e-01	9.665572373040753e-01	2.772592107193820e-01	7.158756585399972e-02	4.583233317631871e-01 
28571	3.259196380739657e-01	9.919813307896169e-01	8.133148200871958e-01	9.483172450905281e-01	3.443824277931742e-01	3.351967774029806e-01 
28572	4.963694263698391e-01	9.671830339204441e-01	7.684210784586244e-02	9.996228734960886e-01	4.882864907795035e-01	9.696174114801070e-01 
28573	1.815127521667223e-01	9.272409579377812e-01	9.263701527036587e-01	6.377496559348654e-01	5.379188435794408e-01	4.430378440036615e-01 
28574	7.427927058855037e-01	7.865285262402746e-01	1.791977622449388e-01	2.776295157510925e-01	2.437891360576214e-01	5.006614218003402e-01 
28575	5.989842450241485e-01	4.202920251620431e-01	7.283161658459884e-01	5.655414823282238e-01	6.975512363470864e-01	7.999037316999881e-01 
28576	2.386481362574958e-02	2.347087395539082e-02	7.918850620239438e-01	8.371796337129453e-01	9.717881195115802e-01	1.362674898171180e-01 
28577	1.723764106502647e-01	4.681575454157579e-01	1.034505232719009e-01	2.492185184961271e-01	4.677804184461853e-01	5.917370140514043e-01 
28578	2.188359295105729e-01	6.492931706129076e-01	5.189779719891855e-01	1.452060822142316e-01	2.870428260821117e-01	5.689681510296502e-02 
28579	5.882439262178931e-01	2.983553196761549e-02	8.434253413432395e-01	7.674416884628319e-01	3.074650477187080e-01	8.721447693519968e-02 
28580	2.681031097975108e-01	9.064492932085177e-01	5.075065025629041e-01	9.964192756434992e-01	4.719907750710802e-01	2.050577384443291e-01 
28581	7.963230068778261e-01	4.958555886968298e-01	2.285286123997199e-01	5.882080689017698e-01	3.330352219441138e-01	2.003167314456388e-01 
28582	7.244755587188879e-01	5.054116325943785e-01	6.684742773270580e-01	8.279260819907888e-01	7.546301510905056e-01	1.362546953075820e-01 
28583	4.196630955765318e-01	9.734660810667398e-01	7.855478663861509e-01	9.386410675657173e-01	1.186721628153101e-01	7.259069200260131e-02 
28584	9.955378826686824e-01	7.069160890332032e-01	1.024262239702168e-01	8.389632240119219e-01	4.743577770303738e-01	4.098912721545860e-01 
28585	9.261777009471216e-01	7.424608872935460e-01	3.163405648974425e-01	4.336842030443643e-01	7.388801624713839e-01	7.883313399685227e-01 
28586	6.387419414886935e-01	5.352031693492100e-01	2.841869281996912e-01	8.672705543540746e-01	1.234112377853185e-01	6.172221501438050e-01 
28587	6.758728533405219e-02	8.478867965042064e-01	1.226337822725222e-01	7.360615626611102e-01	6.758128780293339e-01	8.772639333630279e-01 
28588	8.723162584343536e-01	9.547597314020431e-02	8.507300139641063e-01	6.578641243548431e-01	3.411704070592161e-02	9.694021767794164e-01 
28589	7.304548163574445e-01	2.965492290894264e-02	6.763182653469584e-01	8.328810407933225e-01	8.686181469208646e-01	1.506760423773323e-01 
28590	2.427723124822473e-01	7.947958478679861e-01	8.931369296708782e-01	5.591128773796897e-01	2.284800504466891e-01	6.320170916766008e-01 
28591	3.474442168825512e-01	8.672219924010439e-01	1.672202605601494e-01	6.316311450822424e-01	7.344925462894573e-01	2.906314983454680e-01 
28592	2.488532947603861e-01	8.020798316235095e-01	1.385182943840131e-01	3.714870770329083e-01	5.381413942846197e-01	8.143311724133468e-01 
28593	2.487510099302749e-01	4.104576522533119e-01	9.098071460192125e-01	9.948102389438125e-02	6.832177614249371e-02	9.439241867251341e-01 
28594	6.888320020813644e-02	7.987765924999382e-01	9.735791096340768e-01	7.452014660207561e-01	6.316576328275993e-01	8.421972565549413e-01 
28595	8.958775083980884e-01	8.744299453098466e-01	6.369931039572662e-01	7.890144376033053e-01	4.335428222238751e-01	8.654731544039553e-01 
28596	4.210315288142448e-01	7.809870391064263e-01	7.326951463393379e-01	5.882517898400556e-01	4.126181837230074e-01	4.671876921631338e-01 
28597	8.788832881855235e-01	6.614714784833935e-01	2.692675237866433e-01	1.740158256953656e-02	3.295855505064062e-02	8.074089180712629e-01 
28598	8.317327549828835e-01	2.817095654465768e-01	2.178665698589136e-01	7.415399005364347e-01	3.811905893409581e-01	2.861883460014073e-01 
28599	6.854640867959075e-01	4.500737895490945e-01	8.496493803568414e-02	6.590431964299843e-01	1.952752551041894e-01	7.166225713289448e-01 
28600	5.012404525192643e-01	9.115276303661650e-02	5.910525161731301e-01	1.382335560108691e-01	8.801672006399218e-01	2.459533839700526e-02 
