2401	7.698851082333760e-01	4.525891362934323e-01	4.494336244880378e-01	5.292616349315558e-01	9.939327253931820e-01	6.867354087004137e-01 
2402	6.988601361861733e-01	1.333251121143462e-01	9.313653004036123e-01	7.506050606028201e-01	3.779730225810656e-01	4.913656224922117e-01 
2403	2.568315478306410e-01	1.967347474753553e-01	9.801470483560800e-01	2.035234473662094e-01	3.574588589172153e-01	2.233653246533895e-01 
2404	3.176305444527560e-02	4.646443163345774e-01	8.344932127904581e-01	5.843775847853988e-01	2.426002939430067e-01	9.467974141923698e-01 
2405	9.478220455105519e-01	7.516200955731888e-01	5.500590640818975e-01	4.570078609776720e-01	5.299217493878313e-01	9.309199927053041e-01 
2406	3.325330593309053e-01	2.998068571555460e-01	3.835091285330752e-01	7.819666838189432e-01	8.290684925527630e-01	3.774418539262572e-01 
2407	4.687020925193569e-01	5.279286282732750e-01	5.107669660406033e-01	4.000673924573080e-01	2.785336888760951e-01	8.887399890873302e-01 
2408	8.914330154151809e-01	5.353652367067362e-01	8.547473609702416e-02	8.715800633055997e-01	7.388886840729456e-01	4.429335954799007e-01 
2409	9.494538795898920e-02	7.706517389838825e-01	9.075779118144782e-01	9.294386007494473e-01	3.550293233036200e-01	1.501782052918236e-01 
2410	8.762360144761558e-01	3.028513683485106e-01	9.017983013306736e-01	4.262950785580534e-01	7.598592293261827e-01	4.317200502528437e-01 
2411	3.572150707976963e-01	9.239228819142668e-02	7.315269078740509e-01	7.407241997964327e-01	8.743589724760311e-01	5.605953999611528e-01 
2412	1.181660532570286e-01	3.430610645297268e-01	8.852402776876651e-02	6.289330192976319e-01	7.431284569870348e-01	3.670577166448616e-01 
2413	5.176730079193008e-01	6.345614719365544e-01	9.024229533515977e-01	6.031477444819863e-01	5.061415352421540e-01	6.413116374245433e-01 
2414	4.608133949622574e-02	6.010869232011432e-01	4.119633759427645e-01	9.536592513107039e-01	5.305255234849292e-01	7.669926992463846e-01 
2415	1.038374566025275e-01	4.067615379610851e-01	6.984406712923388e-02	5.635757467539868e-03	8.330566165191385e-01	8.297032964554165e-01 
2416	4.373558077203835e-01	1.902716868511735e-01	9.220955851125044e-01	1.688827151287732e-01	9.309958866476062e-01	7.964545571228744e-01 
2417	7.294781150899260e-01	4.916193943897353e-02	1.395156211869398e-01	8.180021433243538e-01	6.780949592022667e-01	8.826440781739746e-01 
2418	1.850598595035541e-01	1.957679666559063e-01	5.172055501105289e-01	8.748281285515186e-02	7.989157111378925e-01	2.334708488702173e-02 
2419	7.287944502796951e-01	8.449970506341183e-01	6.244340080881650e-01	1.407578257567984e-01	7.986563019448222e-01	1.549595311074329e-01 
2420	9.077505250031830e-01	9.024937585473497e-01	5.617210690685180e-01	9.775945921324168e-01	9.081295160148896e-01	3.947776851219952e-01 
2421	8.072978881221721e-01	3.454853232696118e-01	5.850493724388300e-01	7.293934727690152e-01	5.143680388640464e-01	5.160452586207750e-01 
2422	5.258480294262282e-01	2.438461534883111e-01	5.652071985254098e-01	6.653636506131680e-01	6.184829634700357e-02	2.433021572620152e-01 
2423	5.480077287871427e-01	2.469081563162190e-01	4.390701239179215e-01	6.521327843201034e-02	3.343909691713708e-01	2.379858350558141e-01 
2424	8.856036331903207e-02	6.318541898540474e-02	8.298288522427105e-02	7.129943714071970e-01	2.039432447422032e-01	8.816391871690933e-01 
2425	8.679539025146300e-01	1.116937692797248e-01	7.841329452507817e-01	4.296749715831480e-01	8.928836094648035e-02	6.922624608000100e-01 
2426	8.244526567051432e-01	8.965862490686524e-01	3.774778406962184e-02	4.095020286783120e-01	6.259797218376676e-01	5.521158229336682e-01 
2427	9.255472877647483e-01	1.518277507982346e-01	7.959619764219793e-01	4.907544858244967e-01	8.171914018770640e-01	8.578102732346441e-01 
2428	7.340566430865120e-01	3.651991301985453e-01	1.047184290852018e-01	1.731267665387722e-01	4.304124086305557e-01	4.391093982565726e-01 
2429	4.111126015945862e-01	5.189727719495878e-01	5.022948172419773e-01	4.940954872845185e-01	2.319671428911235e-01	7.062380619841805e-01 
2430	3.757346739879505e-01	9.992104494009216e-02	8.179318312639053e-01	1.598676192387322e-01	5.295960165232402e-01	9.072201922103856e-01 
2431	8.521300800387422e-01	3.540486732283834e-01	8.038064408133768e-01	8.898778641083640e-01	7.635507019066954e-01	4.297861621853831e-01 
2432	4.419936865763709e-01	6.890979892057822e-01	5.816139134492790e-01	2.379556629983502e-01	1.798524745646177e-01	3.988053148606817e-01 
2433	9.576593576733300e-02	9.139091176511297e-01	7.640044450592270e-01	2.004843648525348e-01	8.703588418990182e-02	1.944168532241214e-01 
2434	6.395937631091074e-01	4.981484857844880e-01	7.133896251737092e-01	1.418885798854234e-01	9.922439730690066e-01	9.453567680648327e-01 
2435	8.481266418696040e-01	3.679786470569571e-01	4.527781253926354e-02	6.660584726678480e-01	5.278462662956893e-01	5.748738295281650e-01 
2436	5.732786644125724e-01	3.799763458687702e-01	9.289225027565483e-01	3.770851047602878e-01	2.698542099771342e-01	6.924732041975824e-01 
2437	8.068712674113322e-01	7.118478965535051e-01	3.815711934033647e-01	3.884851803949499e-01	9.498035595518554e-01	5.614236679679825e-01 
2438	7.872904952556317e-01	4.556949485352705e-02	4.753327856191121e-01	5.512949398491974e-01	2.460538597060618e-01	5.623686698090139e-01 
2439	7.457117930733188e-01	8.856476228151692e-01	6.051715512784066e-02	4.591014177813667e-01	2.753620223493139e-02	5.276112819684722e-02 
2440	4.044581853805381e-01	8.756628441045353e-01	4.207397752538043e-01	4.497359979198016e-01	5.417213163067220e-01	9.485860415494936e-01 
2441	2.460982698230530e-02	1.149999802536331e-01	3.285623869526025e-01	9.535323297388536e-01	4.920850854795822e-01	5.984165969297367e-01 
2442	6.460055339364361e-01	2.989563524252532e-01	3.102644934832419e-01	2.757672687413950e-02	6.874415328202031e-01	2.600680525694359e-01 
2443	5.890003948421220e-01	4.747320276101735e-01	3.056375478886243e-01	6.433317999557274e-02	2.602696699370954e-02	5.516914075946860e-01 
2444	6.267018498045867e-01	7.717387600670284e-01	4.373390304098553e-01	6.872190053980886e-01	2.308401773827338e-01	4.648752326447867e-01 
2445	7.399801335949359e-01	6.352983627632718e-01	3.405380767493220e-01	1.607199083830788e-01	8.503436021741217e-02	8.822593930560441e-01 
2446	1.093059494669111e-01	1.096441876653788e-01	9.972593737753385e-01	4.378683364195136e-01	6.317651693857113e-02	4.893444587892594e-01 
2447	3.628493334925032e-02	7.091820508750072e-01	7.883008112145126e-01	3.465494268324922e-01	7.367587777491467e-01	4.757423435690544e-01 
2448	6.066174794019281e-01	3.257591725912686e-01	9.504743711792278e-01	9.122550272905524e-01	3.900923525868414e-01	9.765013381729374e-01 
2449	4.639464348852385e-01	1.679420239142804e-02	7.482400977743044e-01	9.012854652950938e-01	7.040132077895166e-01	9.790802751570382e-01 
2450	3.661606974742193e-01	4.439933409187912e-01	6.143786374546488e-01	7.066987742235412e-01	6.047132493018700e-01	6.994129976720610e-01 
2451	5.889581672795854e-01	7.140191987687812e-01	8.090571853374398e-01	5.862175405892626e-01	1.518875347226334e-01	8.722337027416721e-01 
2452	7.556199891286064e-02	1.881724680718838e-01	5.814157531510180e-01	8.638628101273732e-01	5.347218949043759e-01	3.181745309001647e-01 
2453	3.396051532307664e-01	1.413393743063041e-01	6.439337034914334e-01	2.900795239443330e-01	5.359440113119520e-02	3.402605561261347e-02 
2454	2.665808616516091e-01	5.175408360164337e-01	5.082025800404151e-02	1.482095896025233e-02	4.188263008458663e-01	7.548334657935581e-01 
2455	9.939012341172906e-01	7.849869987857467e-01	1.988268062466880e-01	6.082798711062781e-01	4.916857725436267e-01	8.035400555485580e-01 
2456	3.076928683126778e-01	8.064393935755079e-02	5.175592538516779e-01	1.167500536501175e-01	6.668614799468133e-01	6.694467890399726e-01 
2457	9.889837563917897e-01	7.424234788596740e-01	8.576192571118564e-01	5.703995090771464e-01	6.062862885213859e-01	3.923411520162323e-01 
2458	8.885740399773112e-01	9.458914417521522e-01	5.336805263225364e-01	5.325077430030832e-01	2.359709652308239e-01	5.872749274537317e-01 
2459	5.665337990813580e-01	5.025518268824331e-01	1.048157634701653e-01	6.173540570853996e-01	5.173727858426854e-01	5.236420643160316e-01 
2460	3.721875228789577e-01	5.112740194943147e-01	3.086290626361170e-01	5.710143291256458e-01	1.195538901349315e-01	8.003148356454051e-01 
2461	3.745543846742038e-01	4.272467589132706e-01	8.809587750029558e-01	8.921136385258817e-01	5.439968125633881e-01	5.478202549497692e-01 
2462	5.615604271001929e-01	5.329805684895165e-01	2.902437333437818e-01	4.191796842120493e-01	1.033800771010016e-01	8.965300223308289e-01 
2463	8.115208362282816e-01	9.919541175439740e-01	8.424214636173200e-01	3.452013620851568e-01	5.244618600813959e-01	7.839242884814386e-02 
2464	9.324762895388884e-01	9.099565869709275e-02	5.809442557305770e-01	3.729205254339243e-02	7.083497162481536e-01	9.831704157326232e-02 
2465	5.609341173250852e-01	8.053723866144998e-02	6.095910610675770e-01	8.695631799612022e-01	6.515515677870957e-01	7.291449516681698e-01 
2466	6.698780151409460e-01	2.610595199563818e-02	1.563917101157791e-01	5.508367901439019e-01	9.182195909871811e-01	7.003885226791671e-01 
2467	9.865704462800969e-02	4.797800176217127e-01	2.333690907030223e-01	3.889007779717915e-01	8.989597018337621e-01	3.367491678040238e-01 
2468	2.854307998369591e-01	7.104805375963824e-01	3.287032848823365e-01	1.278522634542791e-01	5.568189921587794e-02	8.531651454293938e-01 
2469	2.062446923024229e-01	9.881581892204276e-01	9.441608041264865e-01	7.871889480329999e-01	2.545024129815877e-02	6.525105199089788e-01 
2470	8.855059896062621e-01	5.863843586232440e-01	7.330477585704288e-01	4.950970506738392e-01	4.559475385844463e-01	3.845993263575245e-01 
2471	2.242420018763477e-01	1.258255532597310e-01	4.107052783531627e-01	3.806337119921268e-01	6.766623434036330e-01	3.289248688746825e-01 
2472	8.102223420563258e-02	7.753193880316426e-01	8.087048869620566e-01	3.143913249086548e-01	1.642201660034341e-01	7.076645883301573e-01 
2473	6.511404927126786e-01	4.496509658403932e-01	4.181451259265399e-01	9.798437780606765e-01	5.775032292946722e-01	4.738270251424178e-01 
2474	8.330089230244090e-01	7.837479215970952e-01	4.619852138971841e-01	7.771697266852342e-01	5.709368696300950e-01	4.874354556610042e-01 
2475	4.296802465942131e-01	4.564428587706959e-01	7.381981381858690e-02	1.627280046989806e-01	9.515399094445351e-01	5.297673524030332e-01 
2476	5.473273310565051e-01	1.757819108552215e-01	6.555929061284256e-01	9.580326098753291e-01	5.564156228473482e-01	3.322552490663972e-01 
2477	2.869574782843504e-01	6.374378570529808e-01	1.075746370980398e-01	9.566236478074563e-02	9.518291819616357e-01	2.717948031014739e-01 
2478	8.033269535765643e-01	6.029696746743143e-01	7.214457689418671e-01	2.214720790374428e-01	5.828134522693295e-01	2.989489982365393e-01 
2479	6.952991041798606e-01	4.158223748280771e-01	8.269691936797319e-02	1.572843180770447e-01	1.929921010476500e-01	6.536337889980682e-01 
2480	6.447197737380489e-01	6.226723476418631e-01	1.100766477687641e-01	7.185395875566357e-01	7.854003528065050e-01	6.161655674763795e-02 
2481	2.483069399596690e-01	3.327276833973488e-01	2.373984680685207e-01	9.038998460880946e-01	2.907602928070167e-01	7.938140909158691e-01 
2482	2.361550946888305e-01	5.777177715570283e-01	4.312519479688499e-01	3.437297317868703e-01	6.733801363377739e-01	3.830811294648243e-01 
2483	6.155245348883441e-01	4.767070894486770e-01	9.860508041391386e-01	3.369703038302112e-01	6.981791684861198e-01	5.688642559428068e-01 
2484	6.359193020667505e-01	3.934782726659804e-01	9.846866307708838e-01	7.186162214347237e-01	5.507625907430251e-01	1.776787318185338e-01 
2485	3.722500104327919e-01	1.954823640154127e-01	8.003510794603970e-01	4.823266582015560e-01	9.140219515720485e-01	5.857514318012407e-01 
2486	5.439432149491940e-01	1.623288910660562e-01	9.184791156642508e-01	7.813416830177148e-01	6.622873668848944e-02	2.092394080056061e-01 
2487	5.751557739335837e-01	3.023838318429812e-01	7.869571795626344e-01	6.407721436772366e-03	6.461135636298515e-01	4.603373159004083e-01 
2488	3.894888509015966e-01	2.616380985181956e-01	9.370444053490853e-01	3.755396550407352e-01	5.986084023484068e-01	6.352235738352051e-01 
2489	9.444039109835419e-01	2.345277039494960e-01	2.870184603552420e-02	9.290905417544257e-01	9.531439253842197e-01	5.794644367785493e-01 
2490	1.067692731072983e-01	3.253939353513503e-01	7.749468007939619e-01	9.071203525676953e-01	8.077205935529064e-01	6.889687519003491e-01 
2491	4.928717843689359e-01	3.516638085021003e-01	8.512976434320666e-01	4.113508995675253e-01	1.330054910541538e-01	9.175263801205561e-01 
2492	6.205903075731314e-01	7.081612649877376e-01	2.199102114978760e-01	4.075474871357658e-01	7.145689864245099e-01	8.660237755933887e-01 
2493	8.678848030361742e-01	1.040578373261065e-01	1.276618736459230e-01	8.049292079195982e-01	4.795974923668417e-01	7.262702759943298e-01 
2494	4.401527812891420e-01	4.240014028847224e-01	9.607979799438259e-01	4.688546273246662e-01	3.530919441734869e-01	9.139419048623842e-01 
2495	4.831906363755421e-02	4.598612172807852e-01	2.393358402137346e-01	8.232658644315162e-01	3.669815698484805e-01	4.705643330097964e-02 
2496	5.122346163318654e-01	8.598533542174163e-01	3.987202418030800e-01	3.635322592982707e-01	2.712042533192803e-01	5.317257333228950e-01 
2497	2.810586389531655e-01	8.917945608924117e-01	2.398869978449713e-01	5.009688509167027e-01	2.993420475625163e-01	9.544559847351425e-01 
2498	3.669926260444301e-01	1.672268501330292e-01	5.851382159558768e-02	4.946544996903532e-01	9.721560585182887e-01	5.381113139624294e-01 
2499	2.209247752190217e-01	4.123088393417694e-01	9.621127168471518e-01	1.817227546971863e-01	8.811634671320968e-01	3.152046610206387e-01 
2500	9.566465909390927e-02	9.294825307696510e-01	7.750658783014239e-01	3.350004993076439e-01	7.527483952011673e-01	1.420474476842431e-01 
2501	3.820569330742848e-01	2.649830110673714e-01	1.900801435998083e-03	7.807771748773648e-01	6.285152703656420e-01	2.731050547552784e-01 
2502	3.125029077345984e-01	9.095739093188074e-01	1.648996156476902e-01	5.523899060452310e-01	4.105427597698489e-01	4.642416632102065e-01 
2503	5.068458903147122e-01	7.775353858142791e-01	6.314685138088970e-01	5.653597119102999e-01	2.721898850389709e-01	6.036245718615244e-01 
2504	1.034710254070680e-01	4.931146602579927e-01	1.593341073763250e-02	6.558374178855854e-02	6.748374149551789e-01	8.970968778697294e-01 
2505	3.807884028091973e-01	7.705020745147495e-01	8.265794086393804e-01	1.558542811106212e-01	1.055025733567321e-01	5.793278033748864e-01 
2506	2.979017287948643e-01	4.875595064310169e-01	8.443108144422578e-01	2.998025306965236e-01	2.683366813083816e-01	4.728260843422386e-01 
2507	5.729075854518021e-01	5.808395890429801e-01	3.823999931953848e-01	7.378072010994923e-01	1.332294946225497e-01	7.929427534308949e-01 
2508	2.020488643096987e-01	6.400753849372619e-01	5.704781387795127e-01	8.335173781185957e-01	2.054350963819004e-01	8.426680242841449e-01 
2509	4.371419495144588e-01	3.089061217889684e-01	3.357826840764762e-01	4.530753602520914e-01	3.744898640431882e-01	1.062009903165516e-02 
2510	3.501722381218207e-01	7.552782668523855e-01	7.811221735464047e-01	1.767516462955399e-01	9.111325479630067e-01	8.866247469031368e-01 
2511	7.560794496704263e-01	2.090342767578709e-01	3.741842533341536e-01	6.003902636470227e-01	5.088368074543945e-01	6.425209346425351e-01 
2512	7.321634752360003e-02	8.174439244053532e-02	2.233605232198539e-01	4.556163407189848e-01	8.195515940056889e-01	3.565900183080649e-01 
2513	2.485590936842184e-01	2.160045784972629e-02	9.966654032453268e-01	8.190372329293923e-01	8.551178359683220e-01	2.021004996272272e-01 
2514	6.617052567478759e-01	2.922597850171196e-01	5.110066214161956e-01	9.974879408243522e-01	7.453351452692110e-01	8.854964854593838e-01 
2515	8.108039390346053e-03	9.550738292537042e-02	6.407747523117693e-01	7.892302129367507e-01	2.722590292209103e-01	5.519072998091147e-01 
2516	6.758549598398874e-01	2.833847842567529e-02	7.609415765669856e-01	5.003921270837971e-02	6.287287420726980e-01	2.697783835557189e-01 
2517	6.925601473509149e-01	7.019450895962981e-01	3.515227764619155e-01	9.159206705707688e-01	1.575614303152829e-01	1.710743700019430e-01 
2518	2.725106884131723e-01	4.061205239995013e-01	1.926748278516693e-01	2.691760916584992e-01	2.251577564632323e-01	4.779266335433007e-02 
2519	4.712765912857264e-01	8.868630132111083e-01	3.400524483714497e-01	9.822832127019219e-01	8.843509540354605e-01	8.538759317499939e-02 
2520	8.677796981613057e-01	8.924589934258065e-01	1.808949765660311e-01	5.085544500074137e-01	6.816892063625573e-01	4.531540057869414e-01 
2521	6.046174935086712e-02	3.575441657367834e-01	4.814924846782780e-01	8.214033263835140e-01	4.075833784451631e-01	1.102212262853148e-01 
2522	9.118170947357160e-02	1.001435253304166e-01	8.121663163472741e-01	4.427044859354871e-01	1.606419543552408e-02	9.697277466625570e-01 
2523	6.137788559374301e-01	2.885748843143577e-01	3.758482701963970e-01	8.064536837890994e-01	5.577509759728568e-01	6.010060271252906e-01 
2524	8.542463471434295e-01	2.902756679292189e-02	4.878690398707376e-01	1.942987950492179e-01	1.131077902918252e-02	3.722199934405368e-01 
2525	2.796863886898786e-01	8.790904771904883e-01	2.646789868663433e-01	4.605813652559097e-01	3.876449267322407e-01	9.463681932289005e-01 
2526	9.137353710428511e-01	4.481066765487691e-01	3.039123585000226e-01	3.952278552554678e-01	2.695100024666218e-01	7.114957369451856e-01 
2527	5.054490820064438e-01	3.606917119401934e-01	8.116392622756023e-01	3.176153978880566e-01	8.033961983413418e-01	8.277034577111264e-01 
2528	2.873431440849524e-01	4.171750538131106e-01	1.162783415598228e-01	6.631914142813493e-01	2.236287376022100e-01	6.740293175326797e-01 
2529	2.641974409409787e-01	7.787508427997822e-02	7.030568843256015e-01	7.520664812773775e-01	2.721738797948574e-01	7.143676638204454e-01 
2530	1.242864742522531e-01	5.518602684847360e-01	5.934581405452724e-01	3.889654611185964e-01	1.244163327498438e-02	9.811030677431744e-01 
2531	3.353336538818356e-01	9.261770043178355e-01	4.292097438262821e-01	6.392460123818582e-01	3.214048595733032e-01	6.987197462929039e-01 
2532	3.507417488613826e-01	8.268539415797470e-01	5.941145776743603e-02	1.623810106713236e-01	1.444693390021423e-01	8.628076561087779e-01 
2533	9.900844688481113e-01	4.318124830870947e-01	2.799827099218884e-01	1.063628099422729e-01	9.500389690278280e-02	5.036114475240985e-01 
2534	7.803921279406139e-01	3.592013383094227e-01	5.814865318040766e-01	4.834490118005541e-01	1.112678191211390e-01	8.536604115989340e-01 
2535	1.978166751553382e-01	2.355542933733921e-01	4.055206796180088e-01	7.912748161662718e-01	6.245197549576498e-01	4.179623128929931e-01 
2536	7.723778834437849e-01	9.598534088394853e-01	3.441393172108286e-01	2.015876268044056e-01	5.990994212213435e-01	6.655441767841318e-01 
2537	9.003073730973096e-01	9.498411700827262e-01	4.923981178982175e-01	9.597188308647456e-01	1.122221807540498e-01	6.368674569003598e-01 
2538	8.225264869735234e-01	1.023066491364998e-01	6.867993952179324e-02	1.025091964297505e-01	2.086694590787727e-01	1.636838364245760e-01 
2539	6.061206439538489e-01	9.890615870193865e-01	5.228851747339988e-01	1.876071752922643e-01	4.725105988199406e-01	6.341529938551378e-01 
2540	4.126758689119834e-02	6.703272739752788e-01	8.697072876941913e-01	4.467882665092071e-01	4.616020896758894e-01	4.942270421861797e-01 
2541	8.647505798678615e-01	2.339799726540130e-01	4.540804505600037e-01	2.088898966130288e-01	4.355675994584186e-01	5.317987131568597e-02 
2542	8.744340733971605e-01	3.358749720900668e-01	3.021041398412102e-03	3.668321908297167e-01	2.955938029548125e-01	1.152432221524619e-01 
2543	3.699647264415234e-03	1.181202894626745e-01	2.175498712889617e-01	7.237958678620848e-02	2.206294858924251e-01	4.262193303677344e-01 
2544	2.360634232107845e-01	8.267501298462739e-01	4.152809173871209e-01	7.589485984104446e-01	1.435730467287698e-02	8.877915162070615e-01 
2545	3.931015917999212e-01	5.562489156407532e-02	5.581187897166791e-01	2.628088790284511e-01	5.024131585389437e-01	1.972087939256843e-02 
2546	7.570359212146308e-01	3.671637379411439e-01	2.537008520465814e-01	2.111163717746345e-01	5.760536345541727e-01	6.892684519706612e-01 
2547	2.642962430903205e-01	4.504877074856720e-01	2.514342359506684e-02	2.673172844887326e-01	8.173198983153886e-01	3.207372265498793e-01 
2548	3.825605066411945e-01	8.210195455798039e-01	4.388575160125538e-01	6.001103779301561e-01	8.933991323660124e-01	6.594870019049789e-01 
2549	2.632970829789048e-02	1.294625551111356e-01	4.862371312855916e-01	4.416106256850113e-01	8.884111535215802e-01	5.005944364241298e-01 
2550	3.294021414264115e-01	2.815127453215014e-01	5.562193279882052e-01	8.875209311430906e-01	5.443216243499525e-01	5.863248606148758e-02 
2551	9.072418105356590e-01	3.013575455645833e-01	4.257962240026315e-01	1.609426625822404e-01	5.124739173392178e-01	1.849858091142894e-03 
2552	8.502111145529017e-01	7.767701604295383e-01	4.523375655768149e-01	8.753545381479685e-01	4.408744491827089e-02	2.696574634265422e-01 
2553	1.960917646978478e-01	4.266479515594653e-01	9.067700854068483e-02	6.349492807104016e-01	2.675832948962149e-02	9.840761409066971e-01 
2554	2.944362826153805e-01	5.308803778751196e-02	1.135386960178328e-01	7.806734139009721e-01	4.946986634725233e-01	1.949849073751759e-03 
2555	2.812678498594406e-01	8.241008048989348e-01	2.834625943952532e-01	8.374871783133071e-01	7.116217355763641e-01	8.277842192108670e-01 
2556	8.961196643747946e-01	6.188635461120231e-01	1.291417643097889e-01	3.219158883774261e-01	7.798062086942634e-01	6.416156816490067e-01 
2557	3.237657464685690e-01	6.300173227815038e-01	4.183858416128838e-01	7.761033125110451e-01	5.053718604638110e-01	4.624732865311547e-01 
2558	4.576077547192610e-02	7.014636251616588e-01	8.891212385562813e-01	1.364377844782722e-01	3.364129058720604e-01	9.158795680459028e-01 
2559	1.205139249193081e-01	6.308491884874409e-01	9.689676058334148e-01	2.340526209371409e-01	4.115226019227517e-01	4.636662688402768e-01 
2560	2.360024704765540e-01	6.927904522478536e-01	2.877670732735503e-01	5.194650648718071e-01	5.302776300954994e-01	9.993888088499143e-01 
2561	3.472492836170128e-01	4.263972940046328e-01	6.182523544962761e-01	4.763910479268018e-01	7.483131823820589e-01	3.980585627248783e-01 
2562	1.180067291101472e-01	7.207892885062794e-02	2.807588504072087e-02	5.363925711886923e-01	8.481822413616731e-01	5.334477459701932e-01 
2563	9.988658577198469e-01	8.939430168335992e-01	2.349113706661907e-01	8.879870958104670e-01	3.038080084621012e-02	5.713242765382511e-01 
2564	8.038666633907084e-01	1.508947262311795e-01	2.021734645600307e-01	7.728342687584620e-01	3.849473471683205e-01	6.136960669484437e-01 
2565	2.365005371330774e-01	6.209498176448744e-01	3.064865187306360e-01	5.242676104066277e-01	1.404148825166816e-01	8.367641488261354e-01 
2566	5.236564192565420e-01	4.876641661336945e-01	2.631614423651069e-01	1.419087732871570e-01	9.640552145261575e-01	1.147462474716577e-02 
2567	5.399673364776966e-01	8.206194317064339e-02	8.355355359779371e-02	5.680432215184175e-01	6.184545143593356e-01	9.317357949594668e-01 
2568	1.014909670229494e-01	6.173203720791826e-01	8.256788113274047e-01	3.364023381548013e-01	5.053074674239882e-01	8.560596126392761e-01 
2569	9.077266146930524e-01	3.091741308146967e-01	6.954338404794381e-03	1.099000792530831e-01	8.200839910749737e-02	3.919016855731149e-01 
2570	7.235961462015268e-01	3.185089367062361e-01	1.285150321798935e-02	3.008266446650152e-02	8.427765471128638e-01	1.532663857346710e-01 
2571	8.668468132926369e-01	3.664329659037446e-01	6.409305518683655e-01	1.300082551920825e-01	5.083417396565628e-01	6.049857659288616e-01 
2572	1.414828799392483e-01	4.830907566859809e-02	6.870477095651663e-01	2.250364335370420e-01	6.163522971870156e-01	3.055022234588406e-01 
2573	1.567722280308475e-01	7.178432646756262e-01	9.228225955380233e-01	9.824510398239135e-01	5.424560236476623e-02	4.281300629620114e-01 
2574	8.385106519975284e-01	9.619722170578187e-01	7.373041937767082e-01	8.454649904023227e-01	7.187229584524049e-02	8.193125928842055e-01 
2575	2.373666755097763e-01	7.954684420467673e-01	1.378215291247804e-01	2.502181787277656e-01	8.255511065132688e-01	9.805980767033053e-01 
2576	4.034845644624366e-01	6.923979193402444e-01	3.470310421413886e-01	4.441511633080203e-02	8.224061749979883e-01	8.553727817979514e-01 
2577	6.494008822596636e-01	9.638890549372365e-01	9.036818574665495e-01	3.364485913591685e-01	1.889254884742785e-01	5.200341546535651e-01 
2578	6.419508152836705e-01	3.456977165051260e-01	2.378774188635300e-01	5.647734103560323e-01	3.281487558633782e-01	2.921230212282963e-01 
2579	9.929034733180438e-01	1.666594073952452e-01	2.540952378204536e-01	7.302076666290908e-01	1.212439733190667e-02	3.259675341313554e-01 
2580	5.495202595132963e-01	2.494910733073443e-01	1.214359757124614e-01	6.873417886380766e-01	4.997092520351099e-01	9.469870826913915e-01 
2581	6.679398648757208e-01	9.031938169632078e-01	6.393850015659747e-01	1.497090701710941e-02	9.476089332940099e-01	4.617911760983016e-01 
2582	8.703436888150609e-01	5.970098150880122e-01	4.256802310355381e-01	7.740255462816104e-01	9.334584069128420e-01	6.146057195098166e-01 
2583	2.940597004695142e-01	5.754092217308512e-01	9.603034360149426e-01	5.319371193330442e-01	1.401826316212223e-01	2.884521918783207e-01 
2584	8.240601405613405e-01	1.330861049392661e-01	4.551115992735660e-01	7.815537791613274e-02	8.632937715683570e-01	4.672359970711339e-01 
2585	4.041229120474881e-01	4.128140306159919e-01	7.167270703784782e-01	5.255588882256108e-01	1.001558192540686e-01	2.164363219479268e-01 
2586	4.725459704513410e-01	7.680956841297893e-01	1.196301384454733e-01	1.119309715516544e-01	7.830665911468987e-01	6.723907127382191e-02 
2587	5.737221481156173e-01	6.534102799619596e-01	6.642488868274954e-01	9.994023791511554e-01	4.274358257779087e-01	5.977072932746761e-01 
2588	6.140080981953108e-01	7.214955262474230e-01	1.731165145398660e-01	5.743115337445920e-01	2.534326451148058e-01	3.132991461610883e-01 
2589	8.627637256229127e-01	7.749278521048500e-02	4.463852511003545e-01	3.178753248964787e-01	1.556481631266178e-01	3.096790226687114e-01 
2590	7.851113219676127e-01	5.597710756397671e-01	7.224930532847034e-01	5.018383918804296e-01	8.532996339971663e-02	8.226488725387718e-01 
2591	7.182747138283564e-01	5.578759338510576e-01	5.907445566685612e-01	8.379048527394910e-01	6.698069054027120e-01	3.738111473497986e-01 
2592	9.051439240133129e-01	2.435290530526680e-01	2.722142684609696e-02	5.693928103751470e-01	2.429314317381621e-01	4.546572526240056e-01 
2593	1.671001031841618e-01	8.569395299334729e-01	1.761527784057673e-01	3.402166177240278e-01	4.312510636780649e-01	4.295854235205732e-01 
2594	6.535157643507774e-01	2.940147888353163e-01	5.070782087310581e-01	9.990101498547058e-02	6.118901137317950e-01	6.627263723233372e-01 
2595	4.095800376541819e-01	3.970014352337464e-01	2.224974474974430e-01	1.320730909388853e-01	8.988398271141759e-01	3.078274108971596e-01 
2596	9.547219634776571e-01	6.171145409425323e-01	8.657033447482173e-01	5.454665196805570e-01	4.550193932163619e-01	5.355102496852681e-01 
2597	9.192776674960170e-01	3.601633167640135e-01	7.790393032035974e-01	9.464990943421140e-01	9.295561276048218e-01	2.197073447609820e-02 
2598	4.011563469661196e-01	9.665623032332223e-02	8.789102648752324e-01	5.773091253718869e-01	4.368728485130113e-01	3.101613280876360e-01 
2599	6.894548892460088e-03	9.038861239812739e-02	6.041761169229523e-01	5.139727576235182e-01	1.902896273835979e-01	2.160662306547473e-01 
2600	1.766991294811941e-01	5.998696655034412e-01	6.130676658884937e-01	3.991965769786372e-01	7.319427564423264e-01	5.119074930026697e-01 
