12401	8.467319462665971e-01	1.346230745011117e-01	2.691374254734895e-01	8.919170838277400e-01	8.451632274525069e-02	2.929251074292348e-01 
12402	3.400421223323988e-01	2.462067311844820e-01	3.509981773565515e-01	2.879139563478129e-01	7.692390004029679e-01	6.939896706929383e-01 
12403	7.814959845419489e-01	3.297333798044051e-01	5.949517537816204e-01	6.560009110979740e-01	1.084638066163584e-01	4.318992986492344e-01 
12404	6.575878978043739e-01	5.093926393936354e-01	6.441444142927156e-01	9.264495693736009e-01	6.514595708118097e-01	6.614192829753363e-01 
12405	1.895752033170197e-01	2.888068697828832e-01	3.156480227204264e-01	6.425816694472831e-01	4.532783149989686e-01	4.527509298421214e-01 
12406	3.723747829778002e-01	3.000102612655657e-01	5.873740043432331e-01	6.415122084512898e-01	1.919273446276446e-01	6.718903275541450e-01 
12407	9.344373163461859e-01	5.319694669600434e-01	9.180970587386270e-01	2.854354932370761e-01	8.198834233078562e-01	6.873360586759336e-01 
12408	9.794251639300143e-01	6.013794078498051e-01	1.706943848033875e-02	5.743769172459733e-01	2.573803184821179e-01	1.255332450966971e-01 
12409	6.276215895207700e-03	9.149682162864917e-01	6.349258844903325e-01	6.504206301879234e-01	8.414177851944313e-01	2.863854548364810e-01 
12410	3.118399126975983e-01	3.099298851145105e-02	5.751923246193641e-01	6.274879358836859e-01	6.735746579587342e-01	2.847063961833280e-02 
12411	8.023886526014604e-02	4.594944093653441e-02	3.284809008838986e-01	6.676128700690404e-01	6.874616493878242e-01	5.204082455115431e-01 
12412	3.395031971575241e-01	6.218989652683488e-01	5.237771200592523e-02	2.576002554304899e-01	9.073344589710862e-01	8.722611357794428e-01 
12413	9.449363145720848e-01	8.867596224354392e-01	4.736405431635867e-01	9.620057530524236e-01	4.611365396814125e-01	7.310208616457046e-01 
12414	8.753899768345942e-02	4.674127555766202e-01	6.459890774665350e-01	7.224648826394532e-01	1.178333852988823e-01	4.874068626609663e-01 
12415	8.850337010272935e-03	4.296732979964806e-01	5.183998511724174e-01	5.840426620952983e-01	5.716123341450525e-02	1.919745086654902e-01 
12416	6.125133017136312e-01	1.374000991403126e-01	2.379239496020246e-01	9.409942025975297e-01	8.050129692093529e-01	9.253855994555101e-01 
12417	4.614024476434115e-01	1.445161659012158e-01	5.472845642581976e-01	5.137801596493368e-01	4.021164213317057e-01	4.546190227636225e-01 
12418	3.860412949631183e-01	3.470527354381293e-01	3.413786451990617e-01	8.596818381267050e-01	3.090584880248916e-01	8.025151848804742e-01 
12419	5.907026993067482e-01	3.965974861740123e-01	2.699279399914332e-01	2.366917767732832e-01	1.190623683478042e-01	3.877613252903155e-01 
12420	7.240986394342495e-01	1.279127053580772e-01	8.174346232867961e-01	2.424984901410055e-01	7.119553674533755e-01	8.745958571669626e-01 
12421	4.344729988064957e-01	3.244686687013454e-01	1.199595584161391e-02	6.723969488741816e-01	2.654628708332138e-01	8.170089250509669e-01 
12422	5.977825478640304e-01	7.268653184766254e-01	9.615250909521827e-01	1.450671116565667e-01	2.406454781259622e-01	3.636415118182271e-01 
12423	5.996861348858504e-01	6.266867730890805e-01	7.106942477220177e-01	9.410647800849121e-01	4.863686112157855e-01	1.975273528124799e-02 
12424	7.435799644997250e-01	7.707131005687234e-02	4.163502214552603e-01	1.350790402549687e-02	3.137630868301555e-01	5.354125898030645e-01 
12425	4.012692293158123e-01	3.786172579874365e-02	6.633252956268030e-01	2.187038521369472e-01	2.803602159397491e-01	3.752806626145172e-01 
12426	9.329970883824849e-02	7.148332152119061e-01	6.997493317815239e-01	1.052956646798624e-01	3.872301636204264e-01	9.652122026147377e-01 
12427	9.223045897308293e-01	9.850127114844568e-01	6.920775210913632e-01	8.838296802173506e-01	1.300798226753621e-01	9.327229992173254e-01 
12428	2.474711920355778e-01	7.297659575612125e-01	5.594097718407446e-01	9.581654397575955e-01	6.708307371804634e-01	4.577838259086869e-02 
12429	9.779181750388435e-01	4.144107012145271e-01	1.228496931134023e-01	3.942683964941038e-01	4.279186052400240e-01	4.366127799435578e-01 
12430	9.296809862971683e-01	8.291878345558363e-01	4.744745062079628e-01	5.930062814583100e-01	4.789168669278347e-02	7.548347221477119e-01 
12431	9.682869445384885e-01	1.411913955310320e-01	4.696679368939567e-01	6.680362758543511e-01	2.464870606765557e-01	8.568981005143831e-01 
12432	6.332484780034277e-01	1.687916499417236e-01	8.419108115331786e-01	3.253259986291295e-01	5.262133015907432e-02	9.719906346742020e-01 
12433	2.580489973807936e-01	3.000925221946522e-01	7.017565917697532e-01	8.174587696871994e-01	2.582579614865864e-01	3.725873289502167e-01 
12434	8.632371522780681e-01	2.361761360597686e-01	7.869980301647438e-01	9.860868453914704e-01	6.304445325538723e-01	2.149166354047678e-01 
12435	4.226996253350282e-01	5.601255188510407e-01	4.410446949494280e-02	8.971741315429910e-01	1.531317998436893e-01	9.199615618772626e-02 
12436	6.520088532250415e-01	1.214187439165165e-01	2.331875521844195e-01	1.216767901189983e-01	7.894550197708676e-01	4.796746128609751e-01 
12437	9.785748906333814e-01	4.227034977742953e-01	6.484662628026988e-01	8.204857021665599e-01	7.480294964034248e-01	7.010875929617730e-01 
12438	7.924763363751007e-01	6.078493784218326e-03	1.180114690763929e-03	4.942329276791927e-01	8.235372634714178e-01	2.594380761773503e-01 
12439	8.668202566294094e-01	6.867744152838245e-01	4.956142127027801e-01	6.538182867941532e-01	6.728612606752949e-01	1.260587447909912e-01 
12440	8.687349221989209e-01	9.556088554466184e-02	6.861842636420318e-01	9.128393916938637e-01	9.927350170876528e-01	8.393160639513825e-01 
12441	4.835547881589992e-03	6.447438698470331e-01	9.607348078678990e-01	2.380231000660095e-01	7.664206599660314e-01	7.501898276387666e-01 
12442	7.176977129269846e-01	7.449955505994128e-01	1.728933249474006e-01	3.661639752640221e-01	5.654812523003114e-01	9.209228213508254e-01 
12443	6.725156822579520e-02	3.579575882097509e-01	9.270013151350437e-01	6.843168291655913e-02	8.521905158889436e-01	7.505385781408002e-01 
12444	3.278697595595707e-01	7.190107725183530e-01	4.373129934246247e-01	8.234839722623508e-01	3.728290588468449e-01	1.101742536342583e-01 
12445	9.495427170533420e-01	2.415639805801045e-01	2.057351391789201e-01	6.357269806953738e-01	1.544033718083070e-01	1.984701558009117e-01 
12446	4.750430441810950e-01	1.592389196898970e-01	8.432140256479448e-01	4.357778515833327e-01	3.972620197559064e-01	6.096346856139762e-01 
12447	1.859676787564380e-01	1.149597322172298e-01	3.546302357477277e-01	3.588610037038387e-01	4.811237079469132e-01	9.201114880480391e-01 
12448	2.797838250546641e-01	5.483752761727084e-01	2.780690757921287e-01	2.067851397240465e-01	6.168069590892675e-01	1.302595912154110e-01 
12449	9.573237183305080e-01	9.446767186488382e-01	8.492703637337640e-01	3.946367112894714e-01	7.681606904455277e-01	2.220994221149475e-01 
12450	5.048109649237297e-01	7.177034074988697e-01	4.636634026950521e-01	7.105461041026497e-01	3.534303877285823e-01	6.180667749690203e-01 
12451	9.090162599035615e-01	8.284734319096773e-01	7.773056946589172e-01	7.522302850858449e-01	2.642512830273487e-01	1.745677144148237e-01 
12452	3.618649702341598e-01	4.502189622494480e-01	2.895274466320534e-01	7.164952059818875e-01	8.090799659532867e-01	7.706511545789666e-01 
12453	6.366066935642654e-01	8.886379054228952e-02	3.190264302860137e-01	9.146757693563941e-01	2.956489307319973e-01	9.358333898409426e-01 
12454	4.493536057180509e-02	2.529726485968440e-01	8.805101080241194e-01	8.942057243055691e-01	6.476093598863154e-01	6.486707984696473e-01 
12455	1.163051464205166e-01	1.524203243443837e-01	3.663742055028557e-01	5.799685491155686e-01	8.629664284470335e-01	7.198045932314380e-01 
12456	1.980353236189276e-01	7.719826878849336e-01	5.482780246754541e-01	9.753410187435062e-01	5.242129725051173e-01	8.125293077028027e-01 
12457	1.499087326926686e-01	8.860779432049384e-01	2.627482694865895e-01	4.394361793247220e-01	6.025731487211646e-01	7.182823543987621e-02 
12458	2.100873339036886e-01	2.391798422854300e-01	1.606920259821657e-01	5.291137641897024e-01	1.538556111761628e-01	4.563409567141630e-01 
12459	4.649471535649836e-01	1.987909717479679e-01	7.093136053110071e-01	3.454572615891031e-01	9.299669605353693e-02	3.569229647316611e-01 
12460	9.941280600587502e-01	2.093018424740535e-01	5.093432890760449e-01	3.605022650959446e-01	7.892703915896222e-01	3.723097170574170e-01 
12461	8.030685786172136e-02	9.873057156742111e-01	1.442924044766894e-01	6.285848825371754e-01	9.626467339520560e-01	6.685053774474680e-01 
12462	4.411141897743168e-01	1.125554661790633e-01	5.545833201867451e-01	7.038624597265676e-01	5.519916455037853e-01	1.571564684422484e-01 
12463	7.756906951664438e-01	7.620789794074739e-01	3.963363107276784e-01	9.363827211486095e-01	2.911927435971763e-01	5.501919223695024e-01 
12464	3.927236778627726e-01	7.561398971621599e-01	7.489828941174703e-01	1.020372827081183e-01	1.015971582856016e-01	8.419795901710072e-01 
12465	4.589602479054408e-01	9.572521787869055e-02	5.128143217939950e-02	9.683035369814855e-01	4.562274829746352e-01	8.405518242346830e-01 
12466	3.406132540389026e-01	5.365343408363565e-01	8.278575394432328e-01	4.849056585155919e-01	1.651192229078706e-01	7.905042729296275e-01 
12467	1.534110354973986e-01	6.062334131478487e-01	9.030597391086909e-01	7.079943556841437e-01	3.100958724087551e-01	4.550513841468149e-01 
12468	8.651508245920534e-01	8.578656710953758e-02	2.171303635542888e-01	2.614871348540704e-01	2.216928779248581e-02	5.083231071514651e-01 
12469	8.116790572235729e-01	4.148929656552584e-01	2.644630038479636e-01	5.606619513410432e-01	5.169302488290380e-01	3.660601625992265e-01 
12470	4.026415410463892e-01	9.758904967344787e-01	4.617853804779171e-01	4.539229736914500e-01	9.441940332503030e-01	9.180128639182136e-01 
12471	2.944747974604717e-01	2.848072868235443e-01	4.545472042889088e-01	1.223323364380432e-01	7.697129458047975e-01	6.196664276624407e-01 
12472	9.128366093676707e-01	9.231239813021962e-01	2.258998403446282e-01	8.158963480107003e-01	6.311183369863398e-01	5.359957127533833e-01 
12473	2.709477316918539e-01	4.962691611127318e-01	6.217822798629209e-01	4.880780952461428e-01	7.577562959668023e-01	6.439515676554067e-01 
12474	9.964012023976079e-01	5.694353531903752e-01	5.884453331066507e-02	2.608642062455715e-01	1.300973040657571e-01	5.757747821397030e-01 
12475	6.269243688447980e-01	5.327388451121463e-01	5.516652784085205e-01	8.870974885705381e-02	9.866618188035963e-01	4.958593111931622e-01 
12476	6.722612309606100e-03	2.811366157984066e-01	7.806665984823679e-01	4.612698170641762e-01	4.034689522364498e-01	5.503795438215041e-01 
12477	8.093624426095572e-02	3.163055611384593e-01	4.735035246580390e-01	3.068360846055840e-01	1.322019086834983e-01	1.046218611787175e-01 
12478	8.428317973589673e-01	4.031496408410136e-01	6.008910222914494e-01	4.646140767562268e-01	8.912277360871563e-01	3.586473182582517e-01 
12479	1.085656439459723e-01	8.876289384847642e-01	9.280826714486269e-01	1.674101772566373e-01	1.484931442646744e-01	5.817997504872269e-02 
12480	7.431849593963404e-01	7.754175131094724e-01	5.909188201608689e-01	2.948502373391996e-01	8.641272619665261e-01	5.775806389644652e-01 
12481	7.907095489980231e-01	8.708498747417935e-01	8.587172547628718e-01	5.713761470147297e-01	3.321196913403085e-01	2.621862069993215e-01 
12482	1.217556903705726e-01	4.130559356012642e-01	5.784917681377808e-01	5.952592150286116e-01	7.198920202068482e-01	7.106936772869404e-01 
12483	6.998810766729904e-01	5.627238171001542e-01	1.138433176622928e-01	3.007720984987785e-01	2.733789339071973e-02	5.071053283787823e-03 
12484	6.594194167570301e-01	1.359035373366920e-01	8.926999917685520e-01	5.875020877399957e-01	3.033137150589906e-01	4.119313556756505e-02 
12485	6.456820627887184e-01	4.649867398966973e-02	8.166106486770374e-01	2.366008829495874e-01	3.413489117945306e-01	6.807379106435636e-01 
12486	8.141815219140526e-01	1.320584603268925e-01	5.515877849196958e-01	6.728987762112630e-01	7.034346073416223e-01	8.837074762600043e-01 
12487	9.350849832105846e-01	8.251902977121949e-01	2.967634113956072e-01	5.135767513483654e-01	4.204495122751452e-01	1.665543113679412e-02 
12488	2.242704281696446e-01	1.203305884824743e-01	5.793792482369483e-01	3.381137458319374e-01	4.211026874469140e-01	6.067171416276680e-01 
12489	3.431847991157252e-01	8.052210373828285e-02	7.426206789643600e-01	2.358847908842772e-01	6.680241919439399e-01	4.593439355768934e-02 
12490	2.770779264518423e-01	3.137062542669970e-01	9.243306801302036e-02	9.368857512887967e-02	5.503071372165843e-01	4.337819798075510e-01 
12491	7.744264857724432e-01	3.644886586649756e-01	5.658404401344436e-01	3.260142702264778e-01	3.738743487623866e-02	2.692750470104046e-01 
12492	2.097217460208208e-01	9.724724180868233e-01	9.446534425693813e-02	5.064851574164281e-01	4.860491689695274e-01	5.149148565320832e-01 
12493	5.231405885532222e-01	7.103195971391720e-01	6.352454454802189e-01	1.025198363245092e-01	4.843334250544819e-02	5.634813246147154e-02 
12494	7.092369779521771e-01	3.916181420868347e-01	1.368702361997544e-01	4.518576564508759e-01	6.275029329711119e-01	8.048944281436943e-01 
12495	4.977920504742265e-01	9.045808594229542e-01	1.186006824106913e-01	5.902251184872469e-01	9.982694345518338e-01	6.689078196272756e-01 
12496	2.400709782913658e-02	7.726959198586159e-01	3.339647829225123e-02	5.898475379635801e-01	9.871018961943229e-02	7.078391316848989e-02 
12497	8.591225849739846e-01	3.084319356402531e-01	4.325633078965187e-02	9.535879292309228e-01	8.149170930566811e-01	5.293055002248406e-01 
12498	4.685027852973448e-01	3.380576811442420e-01	2.396250968983514e-01	1.037482303119023e-01	4.405775174687512e-01	2.880584398694608e-01 
12499	1.600963627733739e-01	1.498144949552671e-01	6.796765819562955e-01	2.969665994387896e-01	6.016721518718042e-01	3.071795144617462e-01 
12500	1.018610271168226e-01	9.946420188036943e-02	2.117603734190391e-01	2.204617095275138e-01	6.896893203676163e-01	2.100298079708730e-01 
12501	8.893695296204507e-01	7.136964181967529e-01	9.827257278294887e-01	9.227660079127019e-01	3.035439556946717e-01	8.143591744892109e-02 
12502	9.935499210811918e-01	1.626665402029951e-01	3.898678530891742e-01	3.680625140518241e-02	1.162544689682566e-01	2.047849461458553e-01 
12503	5.661117516300230e-01	5.847572542656014e-01	5.428426272900974e-01	8.057368489940356e-01	6.885054850431650e-01	9.834201452245098e-01 
12504	9.379528839783524e-02	8.486018478165389e-01	1.332346397141156e-01	7.734718703541308e-01	1.455684467896672e-01	7.349067915859198e-01 
12505	8.065138435021572e-02	2.474294743721511e-01	8.343709934662893e-01	2.924117577692549e-01	4.678911838996649e-01	5.240603133682442e-01 
12506	5.024415657401279e-01	3.572607130544543e-01	2.377567310993358e-01	4.851672935696166e-01	2.800267205014949e-01	5.413006867940076e-01 
12507	5.666032110185377e-01	2.735766411170255e-01	7.039672269970026e-01	9.564710641077119e-01	3.103828929878691e-01	8.202216959652592e-01 
12508	1.612560097879060e-01	8.764946446178922e-01	4.049789502308606e-01	7.040986375436646e-01	6.822314931462665e-01	9.348443480836434e-02 
12509	6.875187823025132e-01	7.760267815441018e-01	9.420862826249032e-01	8.207534220166287e-01	5.494986514325713e-01	8.765472941457049e-02 
12510	5.556602136025486e-01	6.301500357827871e-01	3.350842037867215e-01	3.900312066031765e-01	9.225617940177032e-01	8.029753876863864e-01 
12511	9.140915204370821e-01	4.250033592921698e-01	1.602361007408407e-01	1.518482510707566e-01	9.101706528617863e-01	4.402628212423356e-01 
12512	6.931489383304253e-01	4.767738634146628e-01	7.138394628250224e-01	3.971161648617667e-01	4.332449275223748e-01	2.422235534723027e-02 
12513	2.173378608270259e-01	5.945009373102808e-01	9.007169999651224e-01	6.223168110578865e-01	2.985995743882841e-01	5.829484931113890e-01 
12514	7.158012458662508e-01	9.861183566907972e-01	3.589752741898295e-01	6.578875280254928e-01	8.068717787074260e-01	9.084739260880621e-01 
12515	7.455422574400633e-01	3.625319918443132e-01	5.386239614051879e-01	8.062646076112355e-02	7.525631984474898e-01	4.611857549572297e-01 
12516	8.836018489131713e-01	6.666547184189106e-01	8.861891147150608e-01	4.383794918835068e-02	8.185029699553283e-01	7.963597671111858e-01 
12517	4.841007704306863e-01	5.116519078200925e-01	2.731336305258487e-01	1.979402327900474e-01	9.087680726818592e-01	7.063785580482234e-01 
12518	2.221625881372777e-01	1.261059330432238e-01	3.008794948928428e-01	1.228795881024001e-01	7.484227441011103e-01	5.994790697467881e-01 
12519	7.058280812137891e-01	4.642239895016998e-01	5.855974259719241e-01	6.480335493795730e-02	1.221115175271926e-01	3.924692042136887e-01 
12520	9.732772810260194e-01	8.676537749672559e-01	7.550011960580020e-01	5.119012424312072e-01	9.482802361940408e-01	5.075643945054916e-01 
12521	9.730869973884370e-01	8.318820846415507e-01	1.742191124587409e-01	8.592761116378363e-01	8.757200338299014e-01	9.927220824140692e-01 
12522	6.556358787490222e-01	3.598208037949264e-01	5.043739897685005e-01	9.287695092748709e-01	5.577610370506351e-01	4.131420624503596e-01 
12523	6.351480668574330e-01	7.799236251879128e-01	5.392479954935834e-01	9.360275617502758e-01	9.028032132903129e-01	2.876707395946936e-01 
12524	5.355066310314027e-01	6.086312940384407e-01	7.518947290963934e-01	1.211040570033267e-01	6.734346494420593e-01	8.740062466235861e-01 
12525	5.135732612170154e-01	6.467119300024173e-01	7.416600215908420e-01	2.685744572750174e-01	1.586131719679633e-01	6.899402573192214e-01 
12526	7.761388517805090e-01	1.317001693564002e-01	5.218223414951109e-01	9.503579642392499e-01	9.909762809942366e-01	3.975423748593509e-01 
12527	9.430800466533191e-01	6.466121592775975e-01	7.573631786542773e-01	4.474540359561583e-01	5.753816680868071e-01	3.151242152392512e-01 
12528	8.605960984065180e-01	2.105297344785788e-01	9.504784042716391e-02	3.998440939001013e-01	1.465572962288546e-01	9.978510537174768e-01 
12529	6.875148334947949e-01	6.820639272602572e-01	6.064823477559175e-01	4.394095621255271e-01	8.031679842635840e-01	2.799169967323155e-01 
12530	3.134158087491131e-01	3.167412454805995e-01	9.266289267347328e-01	5.507582987429380e-02	5.853157027556168e-01	8.524209870269620e-02 
12531	7.450160871935152e-01	3.614545540704646e-01	2.169422680590964e-01	2.668384282229647e-01	3.118125178440532e-01	2.079185485876717e-01 
12532	6.643808030823156e-01	2.548925640317111e-01	8.545307083309306e-01	4.217439812709317e-01	7.023466004535307e-01	4.299123759520763e-01 
12533	7.368681969758440e-01	5.629426983943874e-01	6.404421108963164e-01	8.319160374030080e-01	9.627867922944886e-01	7.869994071251710e-01 
12534	8.297670906548235e-01	6.503016253236223e-01	4.690633339197670e-01	4.362494379450798e-01	8.971118744914941e-02	2.722313181833510e-01 
12535	7.161664346773953e-01	4.031269961982625e-01	5.889725636639505e-01	6.427953614121281e-01	4.582028260725564e-01	1.742882659539060e-01 
12536	7.280374601148243e-01	2.032189128004103e-01	5.357428200243706e-01	9.449797281739207e-01	4.700573410233750e-01	8.475553378684239e-01 
12537	1.528982762959312e-01	1.344381436400293e-01	1.024479019001349e-01	7.428984161200461e-03	5.561821249109610e-01	8.047945023536657e-01 
12538	4.373413605789381e-01	2.930503214211437e-01	3.677372002823917e-01	7.778347100959321e-02	1.249663583584904e-01	3.305239925768804e-01 
12539	8.647828781347642e-01	9.547334494789752e-01	9.808256179005027e-01	3.338462115888699e-01	3.909828869583937e-01	7.053680488399081e-02 
12540	6.060775297722208e-01	1.071493216357889e-01	4.736638010822534e-01	1.950500929705101e-01	7.499446830479171e-01	9.318666271548097e-01 
12541	3.693383589244161e-01	4.779821426970801e-01	1.350855394895587e-01	9.050811789487867e-01	4.229618704053396e-01	6.051428805129336e-01 
12542	7.526365168172104e-01	5.758601467012708e-01	7.395810241529630e-01	8.550844187173454e-01	5.832891313281325e-01	2.957631490639239e-01 
12543	6.598789206053498e-01	2.063049144140933e-02	5.888134704850677e-01	2.761612042208022e-02	9.841396245100255e-02	7.137798293092195e-01 
12544	3.581401129989606e-01	9.631968405857667e-01	6.685132783225334e-01	3.389657308994633e-01	2.970430517089754e-01	5.949616481526576e-02 
12545	4.095025357834541e-01	9.031205819468575e-01	1.666454864510547e-01	8.831663373313687e-01	9.817067445170631e-02	9.165901694989718e-01 
12546	8.150329640205172e-01	4.675090338417837e-01	3.945723117303905e-01	9.501185039757372e-01	3.725902123249090e-01	8.175341821357301e-01 
12547	5.552613840230095e-01	1.252267286764582e-01	3.933943288370009e-01	2.948424081759725e-01	9.803111473938037e-01	9.766834601651334e-01 
12548	5.906055572398964e-01	6.401900675334922e-01	9.973139516065428e-01	1.794190272593028e-01	6.678061884212336e-01	9.572791359188404e-02 
12549	8.931988565685223e-01	2.594630095453295e-02	5.892475371198950e-02	5.617121344253942e-01	3.649120318539962e-01	3.559678054209648e-01 
12550	6.212082997063213e-01	7.744145681031116e-01	2.590883869021611e-01	7.878537861573760e-01	6.575809049688190e-01	3.572590618195287e-01 
12551	7.044439556563478e-01	4.726138685236749e-01	8.247680956613124e-01	9.901626692107705e-02	4.227323720337508e-01	1.973583075205601e-01 
12552	9.165504495224684e-01	9.779937565224216e-01	3.225850366626796e-01	3.099447778938081e-01	2.728361642327328e-01	3.028961835908220e-01 
12553	2.866282375932803e-01	8.634417214726292e-01	9.430862515899754e-01	2.839421887341618e-01	4.286074826627073e-02	6.108924395455478e-01 
12554	3.796701023260458e-01	9.360596053004543e-01	6.368387405000807e-01	4.385948560380353e-01	4.977717392601873e-01	1.750772354076976e-03 
12555	7.945626614590001e-01	1.189800385008473e-01	7.761653404571885e-01	5.365104836116128e-02	9.068338251238847e-01	4.337462449603464e-01 
12556	4.109101101806900e-01	6.112777803145711e-01	9.063601134840213e-01	2.356782053763411e-01	7.102940472356482e-01	3.290924855177721e-01 
12557	4.330365128969013e-01	6.268444962924553e-01	3.070862415745325e-01	7.556215495595808e-01	9.367892741862635e-01	5.799224058072653e-01 
12558	5.851773315040289e-02	2.234175113138824e-01	4.433641268142332e-01	1.603984274717040e-03	5.073597000480442e-01	4.862248750805039e-01 
12559	6.124964238202648e-01	8.870298023740900e-01	4.222844799152969e-01	2.493351638546843e-01	3.256246579464640e-01	9.200562196411454e-01 
12560	2.510859362087612e-01	1.201873194054641e-01	3.903625767633145e-02	2.725127620028857e-02	1.738383677666254e-01	9.458700828002161e-01 
12561	4.609975211606349e-01	5.847484779473154e-01	5.571478626491260e-01	3.673576346446563e-01	8.204266833236565e-01	2.674419098847741e-01 
12562	6.964501201624285e-01	2.534631957548965e-01	8.942864061772294e-01	3.536361271299590e-03	9.084745314477359e-03	8.310756803634929e-01 
12563	5.834587670785648e-01	6.760247846488025e-02	5.449319121171403e-02	2.682289342713677e-02	6.920646273959730e-02	5.618528917254195e-01 
12564	5.130477685076407e-01	6.817028865598621e-01	4.488826936338482e-01	9.353322488885989e-01	9.310380504145465e-01	7.745073520459734e-01 
12565	8.553884680640830e-01	1.821239866233077e-01	8.946946714514376e-01	8.944247257404144e-01	2.093752628235963e-01	6.853303875240173e-02 
12566	8.402948085406305e-01	6.703727844498925e-01	6.532815166997171e-01	3.974426707240952e-01	3.773041862888747e-02	4.737081995577124e-01 
12567	6.648845806088692e-01	7.341805387913158e-01	7.271713953126089e-01	5.591709867860987e-01	7.377169000626155e-01	7.362561406270862e-01 
12568	3.902466666839303e-01	3.211756666755191e-01	8.038586190919664e-01	4.447398578956443e-01	3.479985601026558e-01	8.730650818315637e-01 
12569	6.592749155402532e-03	8.610463286102965e-01	5.547679679257647e-01	4.554754432549120e-01	7.963785770332341e-01	4.858060183403110e-01 
12570	2.299827948352242e-01	6.517670446316558e-01	6.679300049636187e-01	1.246774658210005e-01	5.461917703720702e-01	8.773052677872150e-01 
12571	1.932105045734022e-01	3.864865784470395e-01	5.476780517714461e-01	8.464920212731194e-01	7.839292491711347e-01	5.854084704003336e-01 
12572	3.202002203651705e-01	4.488138297800039e-01	3.195890087259882e-01	4.737161521211807e-02	7.984816100441300e-03	5.730590832294240e-02 
12573	7.836277563048656e-01	3.982314827843716e-01	3.784815749984615e-01	5.874863749311707e-01	8.429713406800159e-01	7.264801351011173e-01 
12574	4.605514567627346e-01	8.495640903010797e-01	5.875264637114138e-01	1.531942422283787e-02	3.050395330903304e-01	3.839050402789866e-01 
12575	5.011254425631488e-01	5.350223279255546e-01	3.567208491064239e-02	1.690554470611063e-01	6.596997937465551e-01	5.818638552827127e-01 
12576	4.636071484832126e-02	8.529102983199573e-01	9.683504337297522e-01	5.940387666197674e-01	6.994023191274155e-01	7.522796824352256e-01 
12577	1.794472370201010e-01	1.960253902692466e-02	2.010935117495682e-01	4.990362457460892e-01	6.697415423904274e-02	2.090783278500095e-01 
12578	5.563421545346929e-01	8.506019105439083e-01	6.073098106343811e-01	9.348237295331544e-01	4.380882854750791e-01	4.502811513143969e-01 
12579	6.613038646342716e-01	8.986397422378136e-01	2.998452411498154e-01	2.488303278800241e-01	9.139591664606516e-01	6.048847742401459e-01 
12580	6.327353681590107e-01	4.150846090238004e-01	1.399071017000392e-01	6.684074530696531e-01	5.841400560849067e-01	7.996068954465942e-01 
12581	2.502713078867045e-01	6.305007709332280e-01	6.525171933008903e-01	2.186217411507954e-01	2.245395375529954e-01	3.519195119626445e-01 
12582	9.709014240516822e-01	4.039867745730965e-01	3.715220509895692e-01	1.719949353355891e-01	9.030230203191857e-01	4.384962052286119e-01 
12583	3.810732636512598e-01	4.593651743882173e-01	2.890981157725203e-01	9.883830742856409e-01	3.941889039213717e-01	7.271864012475994e-01 
12584	4.386642251343765e-01	5.549276808998211e-02	6.258261430197517e-01	7.385094662841919e-01	3.043230959700062e-01	5.397853090147420e-01 
12585	3.433942400586765e-01	9.370584641290169e-01	9.548699180385424e-01	4.833013417587156e-01	6.054659171986700e-01	5.390099741234491e-01 
12586	2.829082367396486e-01	8.557372250853745e-01	1.695107445910157e-01	9.354254300405390e-01	7.435896623616990e-02	3.940502821440111e-01 
12587	2.873449415375222e-01	4.526038982219081e-02	7.980370567171076e-01	6.588669925270914e-01	2.172553251577799e-01	7.010600770362932e-01 
12588	9.736319775570333e-02	5.983285888090397e-01	1.604252509588493e-01	3.864613135282235e-01	5.867116630946806e-01	5.546141548802210e-01 
12589	1.136477143101616e-01	2.537588776339585e-02	6.101069229702032e-01	7.394738573299133e-01	7.638853545132490e-01	9.144300189402094e-01 
12590	2.792591658789940e-01	1.072795941062642e-01	8.514884830692264e-01	2.341290839175363e-01	5.905809363306411e-01	4.569543998022351e-01 
12591	7.731390580409854e-01	8.734891730702897e-01	3.126916244219484e-01	9.426498026320012e-01	8.089146031108287e-01	3.870505906581183e-01 
12592	3.367000847760123e-01	9.625954418268964e-02	4.323109804803091e-01	1.347371410274585e-01	7.551265371754423e-01	6.495663061037503e-01 
12593	8.357972180637518e-01	8.524897349311457e-01	2.478948944471287e-01	9.962224694882624e-01	2.389510479937079e-01	8.346065575418093e-01 
12594	5.508366239028222e-01	3.525987623038696e-01	8.599824457708665e-01	1.609435468730254e-01	9.207261916812165e-02	6.238677998184542e-01 
12595	7.537356534757352e-02	3.713317850471157e-01	7.311473939247184e-01	9.268620484167999e-01	6.054608689646520e-01	3.217283297896983e-01 
12596	3.838164477533738e-01	3.785999265399761e-01	1.952175028599880e-01	6.965080726409835e-01	3.212497291719772e-01	4.132105505155448e-03 
12597	8.355866283344042e-02	6.579498139479896e-01	1.003916496878451e-01	5.158696437794108e-01	7.926869549754481e-01	8.555181868632874e-01 
12598	1.654359494174998e-01	6.284841730391999e-01	7.080079213287718e-01	4.133308438646285e-01	6.247066420618010e-01	9.469589693224798e-01 
12599	2.479374014064378e-01	1.755432654989619e-01	2.995577311606881e-01	1.079198467116430e-01	3.364868123719873e-01	3.916303503288097e-01 
12600	7.317876465300972e-01	4.118603781852221e-01	7.629621358415867e-01	4.629350399891544e-01	3.387224261363607e-01	3.684230043405774e-01 
