30601	8.191593949772229e-01	7.364649645688315e-01	9.565060878901305e-01	6.442761745510046e-01	7.363266566471787e-01	4.110974713280320e-01 
30602	9.264818676405036e-02	7.611978234542524e-01	1.202813210525929e-02	6.162894333788610e-02	4.333432034744616e-01	4.193811977372417e-01 
30603	9.094970034945277e-01	9.432565332126136e-02	9.095626356590365e-01	4.458829678808725e-01	8.055288734871563e-01	7.116016837356620e-01 
30604	5.127650771815168e-01	4.503617610085577e-01	8.219677870264127e-01	6.807249615344800e-01	1.816263986665878e-01	8.413021871081098e-01 
30605	2.479940542243393e-01	9.250401141704246e-01	6.792958912808894e-01	2.595413505376975e-01	6.591725659832230e-01	6.516627271900245e-02 
30606	8.041644835864028e-01	4.783319604947846e-01	8.016312377534952e-01	7.606705710108721e-01	1.226081345801280e-01	5.379578939350126e-01 
30607	1.717680418732427e-01	2.152563218098396e-01	2.991557169236037e-01	1.837961744441633e-01	2.768852651477257e-01	7.324989203980653e-01 
30608	6.031773721814050e-01	1.863822681765921e-01	8.268245737193267e-01	5.127400073747802e-01	6.322652360574647e-01	6.323534467408217e-01 
30609	2.243416906447810e-01	1.450303127733200e-01	8.271520774937943e-02	4.630947720553236e-02	8.257552743078002e-01	2.643416064159673e-01 
30610	8.876116647793034e-01	7.374932853213946e-02	1.893817205863920e-01	5.669075555945317e-01	3.332906790698369e-01	8.485542865696151e-01 
30611	6.320738283135341e-01	1.374551621905785e-01	3.268862465987384e-01	4.337050656013680e-01	8.981257332014505e-01	4.494943816445276e-01 
30612	9.716629595363806e-01	6.989377507469327e-02	6.647507034543673e-01	2.708186759943230e-01	2.536899495188566e-01	9.416359686020930e-01 
30613	3.317595926726980e-03	8.568673217002616e-01	1.280182363130237e-01	8.301421696460537e-01	3.696073286093806e-01	7.602834723704883e-01 
30614	4.624956163868753e-01	5.939490192541615e-01	9.053137851438083e-01	5.452108241362548e-01	6.402584969253552e-01	7.310690594516085e-01 
30615	8.095524305522220e-01	5.278701612389973e-01	8.048183879837479e-01	9.989341511386141e-01	9.477771636786764e-02	1.381090665879236e-01 
30616	8.474884372425677e-01	7.268515446814017e-01	2.755642287785021e-01	1.743746838413061e-01	1.605566102827697e-01	1.736899615142913e-01 
30617	6.238690654858338e-01	1.322195693534890e-01	2.435837365889846e-01	2.886197684745396e-01	4.030382458134733e-01	4.972736861078412e-01 
30618	2.302557366109713e-01	4.063558417402002e-01	3.541410073424415e-01	3.582739729239950e-01	2.364980113862539e-01	7.237483359518221e-01 
30619	1.185574448288220e-01	6.989936277731292e-01	3.176973552059836e-01	2.387122950696909e-02	2.442044514437227e-01	9.579558521313387e-01 
30620	7.549402889585776e-01	5.375688153028343e-02	4.858260129046748e-01	5.597586764766642e-01	5.269103266889743e-02	5.806037292725424e-01 
30621	6.978677430645878e-01	9.001794699114651e-01	3.074552734882828e-01	9.734319718430899e-01	7.455415328710999e-02	4.680118837710525e-01 
30622	1.471219333573812e-01	6.984232187729437e-01	6.002314535902028e-01	3.907056699463659e-01	9.870429872474833e-01	3.269698938014777e-03 
30623	8.879793565198683e-01	2.172987233927933e-01	4.096255406782150e-01	2.421203633966485e-01	5.755726963167883e-01	6.461235520644689e-01 
30624	9.658686998141318e-01	6.941301411456103e-01	3.451171793719368e-01	2.835660545544541e-01	7.180013711182407e-01	5.893216308156595e-01 
30625	2.415219062201315e-01	4.729416596111570e-01	6.430785128116042e-01	7.273479191248062e-01	3.270033608782121e-02	6.957695454805016e-01 
30626	3.079516479316874e-01	7.305680791524091e-01	5.959490149263055e-01	6.154069214199702e-01	7.040000509954989e-01	6.705031686790768e-01 
30627	8.341880519102272e-02	8.511219843528801e-01	3.689263869863592e-01	6.836502587812255e-01	2.418276538335847e-01	3.559693742338426e-01 
30628	6.869199577192403e-01	1.298070098877917e-01	5.732680976266359e-01	9.654549793179402e-02	3.719273737501015e-01	1.488407939434241e-01 
30629	7.426690504619242e-01	3.377960730985720e-01	8.429709350890344e-01	8.778622936819970e-02	6.213621276530261e-01	5.609723057416138e-01 
30630	6.771078606495204e-01	8.628840338731576e-01	3.391396535277086e-02	3.201863729954634e-01	5.902319525323025e-01	6.661430144059206e-02 
30631	1.595591801030371e-02	8.981836004639899e-01	7.971823805930011e-01	6.119049329366092e-01	5.135905214182989e-01	5.011824311228387e-01 
30632	2.824081011500247e-01	5.970093266093216e-01	3.523044150100576e-01	6.513344886020452e-01	2.806595849248858e-01	5.941320693093036e-01 
30633	7.303862370226468e-03	9.675795426441262e-01	7.239390791970953e-01	5.805719599968623e-01	6.412504057592015e-02	9.586645248153547e-02 
30634	7.294127539402865e-01	8.067940910378444e-01	4.336625255801075e-01	5.723836890293209e-01	8.945803204060441e-01	5.502465276747227e-02 
30635	1.333559943052735e-01	5.716881805899032e-01	9.179086866406299e-01	1.672699596580444e-01	8.918745535853666e-01	5.081406387072711e-01 
30636	2.338842610986364e-01	9.078304715956703e-01	4.063242387055998e-01	3.106664169163752e-02	5.197354045322795e-01	9.199147605895599e-01 
30637	5.322490728144762e-01	8.021435056823043e-01	5.169240867332202e-01	8.845534882901951e-01	4.534779938186882e-01	7.975836721237672e-01 
30638	4.786855571338374e-01	4.607818561889147e-01	7.651632143022321e-01	2.026246358652714e-01	4.135381618577699e-02	8.292882548781523e-01 
30639	2.984910888124682e-01	7.707665701260634e-01	6.360823454503354e-01	7.321536143925756e-01	3.431502586897231e-01	5.306626658563794e-01 
30640	7.871782676257092e-01	4.765062534606579e-01	1.023508459806213e-01	7.050869538006778e-01	6.437762131187023e-01	9.942254000316493e-01 
30641	2.132275925079489e-01	8.776604746830000e-01	9.020558711616583e-01	6.195518312135487e-01	9.087271163746375e-01	4.217912752282765e-01 
30642	5.394665913374473e-01	4.409761887234525e-01	2.239347809105808e-01	5.639067807066751e-02	3.255296765479863e-01	6.774127747292690e-01 
30643	8.539743501944348e-01	8.042152336818237e-01	1.381946309181837e-01	6.191375640310056e-01	6.839869547095089e-03	1.795484471039606e-01 
30644	4.484258189091579e-01	3.053309583595633e-01	9.503150172300241e-01	8.450816389383196e-02	3.748457228647758e-02	2.934652759197472e-01 
30645	6.151708297502113e-01	8.246628399121868e-01	7.699715293804051e-01	7.175216761964940e-01	5.297497937128646e-01	4.137477420334461e-01 
30646	7.117470757624820e-01	7.429773862208134e-01	2.914082162507848e-01	6.138029464584789e-01	3.625292169687008e-01	2.001353321597610e-01 
30647	3.559422168675541e-02	9.019958087718095e-01	6.411115213488748e-01	2.595290025973362e-01	9.583864868424770e-01	9.666411978968611e-01 
30648	9.369417773266052e-01	8.123608365712505e-01	7.708564315786848e-01	7.513640777912754e-02	4.314984001365949e-01	7.776963011257799e-01 
30649	2.546848548830882e-01	8.799242190457528e-01	8.302725901968185e-02	2.049998721131123e-01	9.644323834052461e-01	1.205118313061594e-01 
30650	4.984651480328595e-01	5.796032126897961e-01	9.451746716840075e-01	2.684366769476033e-01	2.971248884206288e-01	4.749244649312107e-01 
30651	6.821844189810494e-01	8.871963717449440e-03	2.179018506863629e-01	9.735926356974954e-01	6.226749106415896e-01	5.804310676550637e-01 
30652	1.737279673915952e-01	6.582691323283451e-01	4.824268759612119e-01	8.148394887404701e-01	9.177981349256812e-01	4.408133623380276e-01 
30653	7.814806866373312e-01	8.547399117866251e-01	2.531741984436168e-01	5.523371177503547e-01	9.298763200314140e-01	6.846725990458730e-01 
30654	3.300334184104732e-01	1.845611744488409e-01	5.645968176259645e-01	4.130606774301551e-01	3.895610465619532e-01	5.290292005655491e-01 
30655	5.335725087363145e-01	8.880261945948127e-01	1.086324132553453e-01	4.787471799546607e-01	1.564628710767547e-01	4.057573016759741e-01 
30656	9.536716448858714e-01	8.386472905234654e-01	4.146292658590848e-01	1.715734951065730e-01	8.122399257552996e-01	3.730417603501313e-02 
30657	7.520045632272980e-01	9.859678931468948e-01	6.955733083633582e-01	2.344314387228486e-01	8.008073818873649e-01	6.133714428233781e-01 
30658	6.752448015265375e-01	5.822880680590347e-01	4.681113541443420e-01	9.284189999701544e-01	1.346251853437280e-01	3.979876737100946e-01 
30659	6.130915985503661e-01	4.646586037542013e-01	5.825488486245968e-01	1.776884161763305e-01	8.777192811843563e-01	9.721098951865499e-01 
30660	7.067176167418797e-01	4.112917894550095e-01	8.601360897813626e-01	8.153500299972249e-01	8.900389698753315e-01	1.659896039245602e-02 
30661	2.211073316731990e-01	8.437106142955416e-01	8.552462509159214e-01	6.357365975322838e-01	1.528410940211458e-02	6.674861762055597e-01 
30662	6.730407735672970e-01	7.672886726294126e-01	6.534540693524545e-01	3.686140814649938e-01	1.720110886599920e-03	4.542614507741581e-01 
30663	9.819855242883719e-01	6.769649124131375e-01	3.654951836753149e-02	4.500968779670526e-01	6.053839123832918e-01	1.711747037112595e-01 
30664	8.480845521428084e-01	2.184755104679966e-01	6.358333074654607e-01	4.306334003017440e-01	3.961639266443271e-01	5.135525881841558e-01 
30665	4.027432950226326e-01	1.028815433862068e-01	9.248443776391653e-01	2.628793843383339e-01	9.182315733834316e-01	8.148833470488355e-01 
30666	2.794783451964512e-01	1.393389045909694e-01	6.585939613443771e-01	1.347245956467114e-01	7.750755021232532e-01	6.738780707464916e-01 
30667	8.022107723179324e-01	4.481162752248888e-01	4.411667429102430e-01	4.556648412047256e-01	8.167303566898826e-01	4.428868537968429e-01 
30668	9.099262919788836e-01	7.987158805125932e-01	1.198517662099804e-01	9.464758103464151e-01	2.488127584796458e-01	7.252356785932722e-01 
30669	1.176505135920134e-01	9.689731015679301e-02	9.437111890612688e-01	7.534838210574741e-01	5.275307104585369e-01	3.398751157055959e-01 
30670	2.670364087759687e-01	9.302740054811696e-01	4.427566590918026e-01	1.918807859494727e-01	1.931533898195035e-01	3.609882320095730e-01 
30671	6.764132998308229e-03	4.726317350159547e-01	5.003271370662037e-01	6.653580943426853e-01	6.073563306626660e-01	2.754026387237956e-01 
30672	3.392361646235157e-01	4.095671025149371e-01	7.235189144143457e-01	7.804029075337587e-01	8.652319437196627e-01	5.402492706385671e-01 
30673	2.232897608649404e-01	7.751582352328851e-01	3.389651511511603e-01	3.431415270749207e-01	7.216340451136390e-01	5.877779096308061e-01 
30674	6.837720520253163e-02	8.392845587056524e-01	6.846752197875992e-01	1.208839426380042e-02	5.927683792974653e-01	2.122059297804748e-01 
30675	3.519635099693963e-01	8.598047880734340e-01	1.424799347959831e-01	7.947201690611989e-01	5.168557402290663e-02	3.356333246154866e-01 
30676	1.557084006051106e-01	5.844970702121486e-02	8.082650596314412e-01	6.560355376713143e-01	7.238078013639002e-01	4.156213902941073e-01 
30677	9.314381768607712e-01	6.304396552175467e-02	8.251884928090444e-01	6.549570908094556e-01	8.434468730555135e-01	6.904204365287071e-01 
30678	1.952063609823614e-01	6.673663345479250e-02	4.655786712959309e-01	5.341715121335218e-01	4.098781609953745e-01	1.872127164095699e-01 
30679	1.219494212986666e-01	4.782553661979062e-01	2.649727464956105e-02	8.066246410862657e-01	4.903437604617066e-01	6.192656544126875e-01 
30680	1.883057040107929e-02	8.423072704311029e-01	4.790704420204602e-01	1.613105056627237e-01	6.370274390266405e-01	5.307560160433669e-01 
30681	4.969438302782103e-01	7.927358400974124e-01	5.892057230645817e-01	3.052088899096516e-01	4.487713773030654e-01	3.130135239628207e-01 
30682	7.208302802037588e-01	3.802095536981754e-01	3.760574894845753e-01	5.460187725471420e-01	3.516664404196974e-02	2.195043620744275e-01 
30683	2.364392086101879e-01	2.303730054899925e-01	2.862409959948813e-01	7.020178803717800e-01	7.645445176235142e-01	6.961191569902557e-01 
30684	8.892305967813500e-01	8.864939393878420e-01	1.743745227225006e-01	9.157278714309111e-01	6.931185800084465e-01	6.647182836498685e-01 
30685	5.349935253779373e-01	7.119491508751871e-01	5.070255536153100e-01	1.406396739839761e-02	8.732596565379107e-01	1.440529926419505e-01 
30686	5.448199834417645e-01	3.702034863504597e-01	9.367888327393629e-01	1.340257065063462e-01	6.754123762601113e-01	3.855602095767670e-01 
30687	4.470392304691669e-01	3.962426559982088e-01	7.657697637406037e-01	8.230967204194035e-01	9.422614290110122e-01	8.009364077825735e-01 
30688	4.260108202816969e-02	1.787006371555387e-01	3.130941280690460e-02	3.288420780230509e-01	8.807185175273188e-01	7.958539308960800e-01 
30689	2.496123454764543e-02	7.699491138430076e-01	6.823478698182608e-01	1.993357577358073e-01	6.856769852739186e-01	3.754664493610461e-01 
30690	8.640540413856758e-01	2.206705101861947e-01	8.741559977057185e-02	3.710795945353245e-01	2.347344775845923e-01	9.606752563084826e-01 
30691	5.151325871772751e-01	7.795544614920180e-01	3.308787426589423e-01	4.519214194509766e-01	9.135801679983643e-01	6.291118453392349e-03 
30692	8.374816294934050e-01	3.606193980018699e-01	4.025337749172625e-01	6.032513927683474e-01	1.837161179556121e-01	3.447952034626134e-01 
30693	4.041878000852595e-01	2.263172004494431e-01	5.234958406181521e-01	4.354972133578254e-01	5.551592784724940e-01	4.042143581454709e-01 
30694	2.313511437882442e-01	5.801205134858007e-01	1.741634715228171e-01	9.136990136065050e-01	7.794562712216081e-01	8.598404567967357e-01 
30695	2.891654625018898e-01	6.435103121416226e-01	8.051096698293042e-02	3.765810627381229e-01	1.458990621128581e-02	3.152454445675227e-01 
30696	3.372563185809442e-01	5.297224938542221e-01	9.479990559387948e-02	6.681350612398866e-01	9.816439133051987e-01	8.380073126582463e-03 
30697	6.744261801589402e-01	8.191255423329424e-01	3.689994715941136e-01	7.695995461054145e-02	4.223769346356285e-01	5.527155895497257e-01 
30698	4.217551580731548e-01	8.265647351865493e-01	7.790327899991687e-01	9.452509986913069e-01	2.620619480787134e-01	3.341920684716627e-01 
30699	3.494653563711165e-01	4.934130918669575e-01	9.143125819574635e-01	5.236288283595949e-01	4.071121050078013e-01	6.937688527134102e-01 
30700	3.834692846906694e-01	6.962775675096911e-01	3.372791643893715e-01	4.639802516735998e-01	7.285862978215266e-02	3.518690706006573e-01 
30701	7.792256967067838e-01	4.101149488287582e-01	8.815915644548794e-01	8.740256023006633e-01	7.825000960298349e-02	8.632354777600781e-01 
30702	8.824056758929071e-01	7.526761897619237e-01	6.823610196273593e-01	2.514051470213594e-01	8.296361443724651e-01	1.047379542629877e-01 
30703	8.041207365710851e-01	2.513913019799587e-01	9.313026894495370e-01	5.831535265702538e-01	1.966423006712656e-01	1.933646370625890e-01 
30704	9.173455950419165e-01	5.461076570423822e-01	6.867777289295466e-01	8.316581765337187e-01	6.973648493631579e-02	9.388983347168650e-02 
30705	5.254270287814676e-01	4.532057700926465e-01	7.901674009813775e-01	8.627061931708391e-01	9.171860217662463e-01	8.630260312291915e-01 
30706	2.145752633058351e-01	6.964117180073688e-01	2.731409795922884e-01	9.616682776071449e-02	5.704373203080322e-01	3.513909891952718e-01 
30707	9.594023055207926e-01	4.528429957352779e-01	1.040671789571956e-01	6.417633246824905e-01	7.042481427566373e-01	9.337033233296608e-01 
30708	7.465012789454782e-01	5.083688788620611e-01	1.850946253096194e-01	6.778039679293539e-01	9.152240496665351e-02	3.817369259808850e-01 
30709	8.711686049919429e-01	8.867999542908744e-03	9.278445830232671e-01	5.579463334558282e-01	8.405261760766274e-01	9.975810684252442e-01 
30710	6.518361669275147e-01	3.659532043924337e-01	4.507868380522294e-01	4.420035679088922e-01	2.286593970976115e-01	3.679728593528144e-01 
30711	3.050295986724224e-01	4.432346608691079e-01	6.438457736018327e-02	5.781705782647107e-01	5.394014886298224e-01	6.348218976682154e-01 
30712	9.295615674599826e-01	4.988037936849537e-01	8.766489293783200e-02	3.362874595151690e-02	1.405671179017830e-01	7.919130356944692e-01 
30713	9.673320697468389e-01	8.870683973129226e-01	3.002819140908690e-01	1.524266945907971e-01	5.648723647766152e-01	3.918043195231838e-01 
30714	5.341636205716821e-01	4.360409697685582e-01	4.006723190660925e-01	4.620082031292879e-01	9.939873032243863e-01	2.411984951427199e-01 
30715	4.595892710888708e-01	6.458234701519010e-01	6.071516995351537e-01	9.103761091411002e-01	8.782703759513191e-02	8.358110970984265e-01 
30716	2.783489684939147e-01	3.928566362675543e-01	2.790457575018730e-01	3.427335458540979e-01	9.710272145322650e-01	8.184472461316955e-01 
30717	9.775554435223134e-01	9.005887815265864e-01	3.172510393509879e-01	6.522033599448405e-02	9.342175279437646e-01	4.578181572527709e-01 
30718	8.571333716889533e-01	9.015495972249422e-01	3.448865541000322e-01	1.574152853141610e-01	5.397629135007798e-02	9.097589193423087e-01 
30719	5.492196048373448e-01	5.881399119217601e-01	3.457998886452056e-01	9.498919243690985e-01	5.014811458538664e-02	3.397871914039307e-01 
30720	1.910904190461572e-01	5.097373861399188e-01	9.856106615558317e-01	7.982421185813109e-01	4.201134948153577e-01	7.343769868530226e-02 
30721	6.340532152140761e-01	6.984624633092724e-01	4.662943349528565e-01	9.130989727159492e-01	4.119600869770907e-02	4.373215490194604e-01 
30722	7.315462183819833e-01	1.875145175436113e-02	3.379103305460467e-01	4.879725726730994e-02	8.397178774884520e-02	2.721278580241501e-01 
30723	5.066154149857421e-01	9.411051594377985e-01	1.736774547834310e-01	8.515019690857744e-01	9.852044475195951e-02	2.276537461335090e-01 
30724	7.612608879624219e-01	6.477400495893043e-01	8.157936580552690e-01	1.070607761419661e-01	5.976319734927416e-01	8.659417726406556e-01 
30725	4.468479680115580e-01	7.887223925388988e-01	3.756791583149131e-01	4.324586291017284e-01	5.869645111202098e-01	7.957926535959321e-01 
30726	5.058963282526919e-01	2.210177258686245e-01	4.942551164395432e-01	9.721906632055485e-01	1.341166985845737e-01	5.354511256029136e-01 
30727	4.095122122250088e-01	8.656629169665570e-01	5.542025773572747e-01	7.474225427710556e-01	9.144601746995282e-01	6.381743655717812e-01 
30728	1.955040032954439e-02	4.210755892196091e-01	5.792795245439184e-01	1.932278551129754e-01	2.725775578397222e-01	6.777999692958779e-01 
30729	4.208816012464844e-01	3.383844580214398e-02	3.255400188851822e-01	2.366752588360921e-01	1.408992219441101e-01	9.231719923779238e-01 
30730	1.026170310110864e-01	5.877471899556681e-01	7.118943849168226e-01	4.782961897916608e-01	2.020581905739653e-02	2.988588955713710e-01 
30731	2.740888429219317e-01	5.261021473100884e-01	5.198766214399956e-01	7.683439593614749e-01	4.982928100499757e-01	6.539933200245692e-01 
30732	3.037950844987273e-01	9.078050222749845e-01	5.196562369911262e-01	8.579976623216633e-01	6.552275645803789e-01	4.341164112249931e-01 
30733	4.961720274277833e-01	6.747779649099233e-01	8.551920004446022e-01	7.545155150604041e-02	8.680058200228986e-01	1.277695578186631e-01 
30734	7.532515212675797e-01	2.888874208037217e-01	1.616080036208071e-01	7.879153968710058e-02	5.255626796398138e-01	3.025072260305785e-01 
30735	1.963531599363094e-03	6.281797111165616e-01	8.902544159862467e-01	7.138579165161857e-01	1.064759004425611e-01	9.104602350436432e-01 
30736	1.271681162189544e-02	3.805647433644928e-01	4.365623818880703e-01	5.325934335275523e-01	1.489087022603064e-01	9.348551924037073e-01 
30737	1.865867530864602e-01	4.527037872246950e-01	8.426602142130305e-01	7.062429900775864e-01	3.107014490806970e-01	4.978877787934093e-01 
30738	1.403594008369182e-01	8.068734765084803e-01	1.726657432376713e-01	9.955514012815204e-01	8.823250280145206e-01	4.067156326056996e-02 
30739	1.233209591001835e-01	6.355765488164390e-01	3.295589840642917e-01	2.849289627209906e-01	7.143680885035396e-01	8.551216641697668e-01 
30740	5.874361887515691e-01	7.163316205685640e-01	4.833013748206670e-01	4.776906047378157e-01	4.301895366190884e-01	5.897772752632281e-01 
30741	3.881508393157976e-01	4.429063487066451e-01	9.703420186277208e-01	8.247132216695292e-01	9.754997822341974e-01	1.192507204223660e-01 
30742	7.595684136075752e-01	1.620865348549963e-01	5.719545076470610e-01	6.022286273549444e-01	8.683295253982439e-01	8.826559567277580e-01 
30743	1.001164056826925e-01	8.688925769500866e-03	6.895294327705770e-01	2.727821493860251e-01	4.240327051021311e-03	5.718544607850976e-01 
30744	3.134537126465951e-01	1.275612861512049e-01	2.074310091358754e-01	6.430126967108868e-01	4.124902488721955e-01	9.217990981050763e-01 
30745	4.981343604149923e-01	9.999264380894258e-01	6.381307182079790e-01	9.814357352356593e-01	4.776170423615803e-01	6.832025436140608e-02 
30746	5.712130100332261e-01	8.657678816773779e-01	5.112266030680512e-01	5.415550281952857e-01	6.904811028812459e-01	4.867263848365873e-01 
30747	6.608057490833130e-01	4.500495160231597e-01	6.488129201572449e-01	2.327602562647128e-01	5.227814337810415e-02	5.171424450898275e-01 
30748	1.154162129924708e-01	1.523945490607966e-01	5.258313708593284e-01	8.049456457630478e-01	4.251766984468218e-01	5.300716979103497e-01 
30749	3.768001060824842e-01	7.386304110934168e-01	6.576329840615546e-01	5.842311156840209e-01	3.816431078043035e-01	7.012323293375002e-02 
30750	5.060302133234359e-01	8.797774682192958e-01	7.004967055751461e-02	1.441609310657535e-01	8.612132034549551e-01	5.476667129190950e-01 
30751	2.124811854271596e-01	4.324262130225199e-01	4.134345941308116e-01	7.237077889608721e-01	9.739812416834669e-01	1.039156970120574e-01 
30752	2.104341733317981e-01	6.347869903011187e-01	5.539652130352172e-01	8.592470934890430e-01	8.675472465658315e-01	6.062433564133213e-01 
30753	3.763895381132092e-01	9.829634595583023e-01	7.586379059397792e-01	9.022209094381989e-01	7.879091053213501e-01	1.838146039209397e-01 
30754	4.322926068828872e-01	1.647092109381730e-01	9.224450154800178e-01	8.992559094444177e-02	7.489403266221938e-01	3.040881228186600e-01 
30755	1.600488238781918e-01	2.549705394799684e-01	1.838655905722946e-01	2.300984944357064e-01	3.991314705457219e-01	4.507879356158841e-02 
30756	7.777652073548014e-01	6.116126564385428e-01	4.775050070497696e-01	1.911998010199516e-01	3.353204449337537e-01	4.514862482675753e-01 
30757	2.951154980320090e-01	5.457546182655518e-01	8.627323810303270e-02	8.490807115328874e-01	4.050017117545948e-01	9.538204846688642e-01 
30758	4.553240674805474e-01	7.813912498678039e-01	9.367839442271665e-01	2.139619729546653e-01	6.836121588403415e-01	7.246930490828553e-01 
30759	3.977765773412663e-01	1.159047657232288e-01	8.894022600210282e-01	3.202215923556227e-01	2.058303566676706e-01	6.383425866432221e-01 
30760	6.243097151742828e-01	3.658791805458624e-01	8.933131261231905e-01	8.081753057465774e-01	5.959776749815688e-01	2.924445966689124e-01 
30761	8.532540997738270e-01	3.737428818707089e-01	9.040572531074552e-01	3.307591063579354e-01	5.649426828906604e-01	2.393776975755476e-01 
30762	7.822453546255107e-01	8.600581813883307e-01	7.851323158410994e-01	8.685185927285434e-01	7.091388924555568e-01	1.901340271300329e-01 
30763	8.223390769317462e-01	1.644629594704430e-01	9.715252774634981e-01	7.591230206932514e-01	3.784249328907695e-01	6.551374358381785e-01 
30764	4.838160693104454e-01	7.762015102320358e-01	7.710422015614072e-01	3.732183293314736e-01	9.642310212199720e-02	9.768725582290778e-01 
30765	1.156091550903438e-02	7.207328172962800e-01	3.427517383092790e-01	9.048740416322248e-01	5.289081225771960e-01	9.387294132908478e-01 
30766	1.973186378354759e-01	3.821622218853618e-01	3.124722946958953e-01	1.013758904772698e-01	7.129213282432972e-01	8.774149780522170e-01 
30767	3.407535880528174e-01	4.951666824031466e-01	7.374731589748865e-01	1.258859038939168e-01	3.636852746660287e-01	4.466120509647820e-01 
30768	3.160199310239497e-01	1.860243515977749e-01	6.110750104352249e-01	2.875452080217866e-01	9.451473722910263e-01	9.894999433259946e-01 
30769	9.426826443256264e-01	4.289634416014717e-01	7.657014530923690e-01	7.137248454213724e-01	8.021817709329453e-01	8.621245552143662e-01 
30770	6.905974036504502e-01	8.137426864419797e-01	5.828573720449849e-01	3.334914149406792e-02	7.186167276085432e-01	1.117654946221809e-01 
30771	9.720785552505770e-01	9.159353659096804e-01	4.939277165075427e-01	2.845508494808110e-01	1.731125592128898e-02	2.068490447508400e-01 
30772	1.619658270673667e-01	3.580648444397677e-01	7.020157271539865e-01	8.994389860422533e-01	4.839507483336845e-01	6.570100182001526e-02 
30773	3.460510365413739e-01	7.999706793576342e-01	2.517253534177902e-01	9.571260474422603e-01	8.751588737942087e-02	1.968727252431552e-01 
30774	9.466259903025934e-01	3.019853123938596e-02	6.258361668446270e-01	7.123274433949625e-01	7.439233766607584e-01	4.280179373119110e-01 
30775	5.744519981436673e-01	4.345207798455473e-01	2.417606232882294e-01	1.573093701886522e-01	4.678699218052765e-01	9.603773513624340e-01 
30776	2.690748648108332e-01	4.399484765901922e-01	8.763127168064531e-01	7.630025813183759e-01	7.244993260710031e-01	8.936239727277421e-01 
30777	9.698516260692159e-01	8.864651536040311e-01	2.516888167018485e-01	6.718673532232025e-01	7.859041391806231e-01	7.356395650355330e-01 
30778	7.375683550432177e-01	1.319551757219970e-01	5.356102443931672e-01	9.892937084610079e-01	8.908122269859595e-02	6.231261317725880e-01 
30779	1.861664332385018e-01	3.570721253552810e-02	6.533246630119740e-01	8.120026005487901e-01	7.480346559304906e-01	3.972480392070711e-01 
30780	2.400205373950398e-01	3.224866540741579e-01	8.317688195182796e-01	4.817811611489305e-01	4.797960242628102e-01	2.996387408578949e-01 
30781	4.421585120457031e-01	7.488708890736433e-01	7.395872174480871e-01	3.184712283864949e-01	5.118734699263580e-01	4.640865430534289e-01 
30782	2.120952006485756e-01	4.817250959955738e-01	3.505516961917988e-01	4.637840178160854e-01	1.535924487531150e-01	1.364558353724218e-01 
30783	1.994235823859571e-01	8.911608037963327e-01	2.684110110944188e-01	7.350338267791242e-01	8.804545117916793e-01	3.574922337930148e-01 
30784	3.581599580860510e-01	6.662094456451989e-02	3.931994463285429e-01	1.148462063236377e-02	8.786235451133100e-01	1.412341022590334e-01 
30785	4.087326603050961e-01	1.186440825083498e-01	4.637207563331913e-01	2.405014793577145e-01	6.004252436572803e-01	9.435167805960014e-01 
30786	5.401402202156094e-01	4.258375523732218e-02	6.923876692039834e-01	2.797274371980352e-01	3.610549836238171e-01	2.042611386646801e-01 
30787	7.438139802514641e-01	5.731501842723927e-01	6.859862346602540e-01	9.436567644326281e-02	3.693420162281683e-02	8.395786834133689e-01 
30788	2.308215118156846e-01	2.363577844744352e-01	7.307394867440404e-01	4.992325229101034e-01	9.713916112535594e-01	6.111939980700584e-01 
30789	8.567247567031182e-01	3.295515693396104e-01	6.778149431002396e-01	2.499242025659998e-01	3.410361899719742e-01	5.564384877478883e-01 
30790	3.911583048250332e-01	7.497688502770703e-01	6.750825702562382e-01	8.548790611582245e-01	9.902703296347849e-01	2.755078134478572e-01 
30791	7.983958412885647e-01	5.304105493847330e-01	3.180915686851793e-01	4.907835100268868e-01	8.101379865827681e-01	6.791465523089965e-01 
30792	6.950446491572283e-01	5.539519668342322e-01	2.522967365813892e-01	3.810308833518209e-01	6.483176432774950e-01	2.892309382042060e-01 
30793	2.206095667651899e-01	8.791391550931796e-01	5.255887226786412e-01	9.513490535092303e-01	3.783716775376218e-01	4.969803339322006e-01 
30794	5.625430515792887e-01	2.350964337750787e-01	8.265319032718110e-01	2.403579942138670e-01	4.850206363410785e-01	1.675680927781240e-01 
30795	7.967964819617553e-01	8.761789416317730e-01	9.173369435208556e-01	4.718790522179934e-01	7.310580023243363e-01	9.076072726899792e-01 
30796	7.473868656658507e-01	5.294538436129008e-01	4.380178220747122e-01	6.547843435103001e-02	2.023735317412641e-02	2.481558081918190e-01 
30797	7.446249866600265e-01	7.152820023313546e-01	8.021077750260512e-01	9.969217232414157e-01	9.631288568317559e-02	4.504254178378849e-01 
30798	2.861526614456217e-01	3.169224524483655e-01	3.295645724654033e-01	8.117413841242629e-01	2.682715054919345e-01	7.079362500030251e-01 
30799	3.087217175908022e-01	8.308145570712232e-01	9.430326837781038e-01	1.352536203969520e-01	7.117255081942890e-02	4.280533201191823e-01 
30800	3.028217136407372e-01	8.679690332468455e-01	3.042322612852940e-01	2.201586566959315e-01	3.398480849991776e-01	3.529026314396889e-02 
