51001	4.619535959614225e-01	6.319236977174523e-01	7.746112671562523e-01	1.512280549626928e-01	2.597529535460067e-02	4.528209382914104e-01 
51002	2.200591872539647e-01	7.025373376452072e-01	7.991665251549177e-01	9.270191359925173e-01	9.258676888075973e-01	2.108835541693883e-01 
51003	8.506672055696450e-01	3.453750425695326e-01	5.870164514458814e-01	5.549411729699658e-01	9.035046104823726e-01	3.595533870903558e-01 
51004	3.567742162182807e-01	2.156138812264492e-01	5.850618004729328e-01	3.313957715087551e-04	7.793632842504249e-01	4.297181602705820e-01 
51005	6.097147979818819e-01	8.565240199009534e-01	8.908776537938405e-01	1.403772906122623e-01	9.251664462150849e-01	8.847996578015386e-01 
51006	4.062046904145762e-02	3.871200417108461e-01	5.167233550533296e-01	8.152317361977099e-01	5.383480966735390e-01	5.426986504079302e-01 
51007	2.680526744891203e-01	7.584072843931650e-01	2.452359875874761e-01	6.721919917837679e-02	6.854264199200210e-01	1.711036759294121e-01 
51008	2.781027533477651e-01	5.360936250240047e-01	5.164787184989447e-01	8.651192047936466e-01	9.103479752830919e-02	4.199833289813173e-01 
51009	2.246725914183411e-01	4.478090142122512e-01	6.355972102077665e-01	8.097343918912738e-01	4.481404099837599e-01	4.149604944581913e-01 
51010	2.394525521618559e-01	5.785520796564184e-02	2.714845138934834e-01	1.303302054900351e-01	1.982324985779042e-01	1.966509596429071e-01 
51011	1.512986282591236e-02	2.388529676193618e-01	5.837710018194145e-01	5.318532178792419e-01	5.408470381707172e-02	1.221190980272922e-01 
51012	7.455186828717211e-02	3.221373783061920e-01	8.805263824204571e-01	3.197878558746483e-01	3.893565774845689e-01	5.659528023404781e-01 
51013	4.908915322697217e-01	6.674593308323339e-01	1.020464268988215e-01	7.370250303004985e-03	5.325785351603192e-01	1.930812248927919e-01 
51014	4.273535792843223e-01	7.572511270443215e-01	6.408902391050431e-01	6.295078949208874e-02	5.669855184699342e-01	8.903064862314176e-02 
51015	4.779112839502800e-01	8.064380706317900e-01	1.468858565887836e-01	7.493957978437635e-01	9.367682761218251e-01	3.451183556323491e-01 
51016	9.460467579523320e-01	9.518981389477374e-01	5.839713232517109e-01	5.298177593060852e-01	4.837513568269794e-01	6.380560270687826e-01 
51017	6.519368573333774e-01	5.583032251141514e-01	9.601934053749747e-01	5.324632397538346e-01	8.780910809887997e-01	3.495499823938822e-01 
51018	9.841604162865134e-02	3.689826127928600e-01	1.700931276055486e-02	2.004624685274728e-01	3.763528635615264e-01	5.495878483865354e-01 
51019	3.935436934202647e-01	8.037064428458486e-01	3.068389749651956e-01	3.443393205964655e-02	8.666572323379373e-01	8.738244934351298e-01 
51020	1.234645811484496e-01	3.445685158225561e-01	6.802625640669198e-01	2.703504377372332e-01	9.396431366631962e-02	6.170308397230836e-01 
51021	6.154687933695823e-01	4.001107115299025e-02	5.689289786708210e-01	1.994401166212932e-01	5.698288304590754e-01	5.268033503213913e-02 
51022	8.374961436900757e-01	2.217656873267916e-01	6.109835601462906e-01	7.976895490650504e-01	7.542289270806261e-01	4.890746406694290e-01 
51023	1.472395309932714e-01	8.526449687092774e-01	8.580572539279504e-01	1.642488442194875e-01	5.310743723675024e-02	2.344101170238155e-01 
51024	7.138366926060229e-01	4.466511306570149e-01	3.811655940400276e-02	2.067566710555724e-02	4.810850631823228e-01	9.047737922076013e-01 
51025	8.945001605406870e-01	6.045496443307724e-01	2.493423075644962e-01	5.747627241419455e-01	8.749000820680056e-01	3.433066212308158e-01 
51026	1.917935638650290e-01	4.903688754375879e-01	3.833176923838061e-01	7.607225425358501e-01	6.898089920588811e-01	9.531465228428815e-01 
51027	8.134028775679892e-01	5.273051352832956e-01	1.749122101696731e-01	4.243864372486185e-01	3.249946838826848e-01	9.291411372502991e-01 
51028	9.134610779180475e-01	4.722342153416175e-01	7.817861059595766e-01	7.715183313803367e-01	6.364830595611050e-01	8.348935431963268e-01 
51029	5.928447938490867e-03	3.503197517014666e-01	2.815446733876805e-01	4.404500780815492e-02	3.709954188070239e-01	7.626297365700033e-01 
51030	9.488188000157562e-01	2.654955788820496e-01	3.671793804351144e-01	1.981611071145912e-01	8.402583034896564e-01	2.420794625031200e-01 
51031	5.414677288110683e-01	3.205186688902409e-02	7.324483379407080e-01	9.247854211948744e-01	7.927744094248742e-01	4.222573295339277e-01 
51032	8.779319440377559e-01	6.061772865272022e-01	9.495624648172234e-01	5.284415374176770e-02	3.056372331015939e-02	2.745571486999081e-01 
51033	9.819852909920669e-01	9.440248012282070e-01	7.467913640415256e-01	7.637713964859821e-01	7.155431326085436e-01	3.832744231369693e-01 
51034	5.986649392166478e-01	7.214715805470345e-01	7.335941748384359e-01	8.802096130699896e-01	7.655165883551894e-01	1.045895931797985e-01 
51035	6.428393491743316e-01	7.143353879052845e-01	3.700851720618480e-01	1.001872960944601e-02	9.124964954855370e-01	2.103434750858431e-01 
51036	2.520981921125661e-01	4.539642238309440e-01	2.423953419748672e-01	9.845465300532740e-01	3.787496445601571e-01	3.516975093408010e-02 
51037	4.068038591215405e-01	2.566815881322518e-01	6.413470374612822e-01	3.563663234731025e-01	3.095257418740195e-01	6.719107607714416e-01 
51038	6.309234721730107e-01	2.915110328660864e-01	6.159355619996486e-01	3.777148357488750e-01	5.528242888640725e-02	3.314786941425310e-01 
51039	7.609892588858442e-01	6.539473685687163e-01	5.295027422390425e-02	4.945834332586189e-01	5.341569811730446e-01	8.184668630447550e-01 
51040	5.991730264384174e-01	1.769963298817148e-01	5.328022504843782e-01	9.692581989659268e-01	1.870150594911608e-01	4.452987455042539e-01 
51041	1.796016735861086e-01	4.391132516037269e-01	8.992629693351979e-01	4.219970160266371e-01	4.236597811913396e-01	2.780126138953551e-01 
51042	4.571667669607172e-01	8.304636403128801e-01	5.346942020276069e-01	9.851380442199940e-02	1.868299637859827e-01	8.442199443672876e-01 
51043	7.704245651934410e-01	8.177534359589934e-01	1.357309767677127e-01	3.863601267274284e-01	1.954682717078683e-01	1.910134056541200e-01 
51044	7.178388208699593e-01	9.564575305937126e-01	8.449607742228362e-01	7.707890955595249e-01	4.510409638523315e-01	3.791177549302195e-01 
51045	5.892559581386186e-01	5.021398982508760e-02	5.561140852775956e-01	1.220582081573355e-01	1.947218832535305e-02	7.431291447687565e-01 
51046	5.673569541272507e-01	1.990738623771229e-01	1.822423963724833e-01	4.666199229967873e-01	6.210708784037600e-01	6.059021775638229e-01 
51047	7.446325368921424e-01	7.823764489881585e-02	4.363658178767030e-01	2.793267389197493e-01	1.767514493208152e-01	6.231957816626857e-01 
51048	1.235466828213756e-01	9.471760149799175e-01	4.409492171560178e-01	2.592776595890884e-01	3.335361412416846e-01	6.364174888638860e-01 
51049	4.502910652432083e-01	5.137496211164396e-02	5.928750194575987e-01	2.952518394660446e-01	8.221640576711688e-01	4.391598284426890e-02 
51050	6.743695943962641e-01	4.114200153441261e-01	9.412997266935649e-02	2.304836792081984e-01	5.334782235014617e-01	1.136021614603708e-01 
51051	9.736128244426161e-01	1.008351771630511e-01	3.126760238374938e-01	1.558552203494381e-01	5.674551006254996e-01	9.337469022412537e-01 
51052	7.617573979132610e-01	3.120876370519808e-01	1.198454667440827e-02	1.981232153243028e-01	5.914143759717301e-01	1.887359964608848e-01 
51053	8.213189969869885e-01	7.149610587931057e-01	1.359120109751411e-01	2.622682141430062e-01	9.742387183821940e-01	4.694481522168257e-01 
51054	8.986857030068923e-01	4.245297836254024e-01	5.208231143284696e-01	4.915607219988297e-01	7.197816230914470e-01	3.429871715339772e-01 
51055	5.354767048430986e-01	3.941512170220498e-01	7.544071868781034e-01	6.296066779781164e-01	6.246348966959095e-01	2.878854103795651e-01 
51056	7.432088394384873e-01	5.982477206728644e-01	3.887205875426161e-01	5.588486281031969e-02	7.541029410223025e-01	9.561756881681158e-01 
51057	9.896317650515734e-01	5.158603384699022e-01	2.682633252200965e-01	1.616311260320391e-03	7.139835542598663e-01	8.596777011918266e-01 
51058	1.903523077212052e-01	5.353025507811935e-01	5.746387599849323e-01	3.262643186963463e-01	7.975707649241996e-01	5.488774779014650e-01 
51059	7.957124713788333e-01	6.962564679310920e-01	9.734072615268674e-01	3.165355852416417e-01	1.878171894642605e-01	6.931888841526531e-01 
51060	6.595227572412802e-01	7.232938947730203e-01	8.734010117470291e-02	4.139299436537223e-01	3.529005722854755e-01	7.119749978706125e-01 
51061	7.018153540332873e-01	9.610941125830143e-02	3.102227180778155e-01	9.053594157590342e-02	1.519942740686211e-01	6.432565863445665e-02 
51062	4.671162927835790e-02	1.416260386545332e-01	5.801859971043588e-01	3.149749544984544e-01	1.432423499148536e-01	2.941695508985638e-01 
51063	1.746526556902810e-01	3.335946581017201e-01	8.294721021454186e-01	7.492914156752133e-01	6.598589767980664e-01	6.270428666039569e-01 
51064	2.981688931110170e-01	4.555714477112384e-01	3.232993340693877e-01	2.715761546378844e-01	7.721070334185414e-01	5.111165239993094e-01 
51065	9.647650387905375e-01	4.316297901941602e-01	2.344104183066685e-01	5.210513949957916e-02	8.455597338478825e-01	5.873109905921440e-01 
51066	7.640801373701915e-01	5.473750878811698e-01	6.834204018504454e-01	7.430285498234576e-02	6.379110294570732e-01	8.354146759190665e-01 
51067	1.386285136168024e-01	6.846226587354312e-01	9.770407145735998e-01	7.188145111868226e-01	9.995976136995468e-01	1.202830640227921e-01 
51068	1.298406161972511e-02	1.742502689241666e-01	4.538777221245122e-01	8.424561637651437e-01	9.235416845993799e-01	1.137366989225786e-01 
51069	4.694990303691006e-01	2.217105772447356e-01	5.693081466338169e-01	7.927983644384883e-01	4.932867318826200e-01	3.414151795866970e-01 
51070	3.039148879721364e-01	4.580517706731576e-01	7.730449697808572e-01	5.383253062788049e-01	5.101569101727367e-01	6.186047036287396e-01 
51071	1.256362964052876e-01	2.742370475429283e-01	1.659797910442482e-01	8.090566982557330e-01	3.485399025252741e-01	8.038908205013213e-01 
51072	6.444713737091382e-01	4.871684166077377e-01	4.885134787710912e-01	6.215120878170767e-01	2.059829273288990e-01	4.881110920049768e-01 
51073	7.417951523055299e-01	2.189669889486241e-01	6.623613609291433e-01	1.956728739643809e-01	6.142315271376779e-02	5.859030450628618e-01 
51074	3.094095728869595e-01	5.309221830828684e-01	8.076136227732588e-01	8.787177199864377e-01	3.237205470556955e-01	3.009003541902175e-01 
51075	2.201328991074734e-01	6.276354354934932e-01	7.589521248633750e-01	9.931778693539919e-01	1.659607413066368e-01	2.691090350361117e-01 
51076	6.117825725170702e-01	2.915970381775857e-01	5.433460825790400e-01	7.777623635613184e-01	1.006537359676574e-01	8.918859851043140e-01 
51077	5.816531835969785e-01	7.451251101424569e-01	3.790544012463905e-01	7.016666190240842e-02	3.666371974938722e-01	5.850373285752895e-01 
51078	5.582777543730465e-01	1.084323493337409e-01	8.040043179895749e-01	2.206391148365285e-01	3.041052237637831e-01	8.654274707033427e-01 
51079	8.065421603650517e-01	6.135147966507426e-01	3.963496533205498e-01	6.141557826726491e-01	4.922325161715190e-01	7.200702003762453e-01 
51080	9.150561368628667e-01	7.123654157446536e-01	3.477056354040772e-01	6.740082617262417e-01	7.055432846329842e-01	5.136663771763753e-01 
51081	9.431172967623535e-01	3.173258566843932e-01	8.052634153539611e-01	4.864633788757322e-01	9.508821978005032e-02	9.059171513216184e-01 
51082	3.783493635143849e-01	6.767414033770288e-01	6.510422609984140e-01	7.574037652264367e-01	7.469080652794372e-01	1.767945849228625e-02 
51083	3.424410933360649e-01	3.051858191868224e-01	1.261118078260272e-01	1.464454108599785e-01	5.258249344890122e-01	4.302170315898103e-01 
51084	1.187288109765988e-02	3.323670943884026e-01	4.373182824055283e-02	4.082225344182097e-01	9.465228770610518e-01	5.359643444120717e-01 
51085	1.282927347944550e-01	8.615790134582570e-01	2.483297596910641e-01	4.759983701985322e-01	5.355872747188375e-01	9.538730443240484e-01 
51086	9.896647473749075e-01	4.787045710155296e-01	2.711989005427802e-01	7.949281622632072e-01	9.651679498912618e-01	3.662871203228306e-01 
51087	7.008453135848256e-01	3.435173134056466e-01	4.302852323419811e-02	3.518875741175784e-01	1.009210781664220e-01	7.899365889792966e-01 
51088	3.695670326098646e-01	4.433621715024869e-01	9.512240770045780e-02	4.956788409015531e-01	5.898075828281266e-01	6.209473421894700e-01 
51089	9.258958724913634e-01	6.016804639257866e-01	9.533144365778726e-01	9.696277007319162e-01	9.902998343996237e-03	8.998373131732630e-01 
51090	5.055920451439880e-01	1.381957331384512e-01	7.614163266315201e-01	7.539218048350521e-01	6.141941033369834e-01	2.970036008846963e-01 
51091	7.077948491591005e-01	6.038588507118909e-01	7.757081723658872e-01	9.789937497018807e-01	3.987870125094368e-01	7.408761217914877e-01 
51092	3.452808700247113e-01	9.963232562860116e-02	8.439343473147295e-02	3.883093932589094e-01	4.515199002118408e-01	1.853145128978950e-01 
51093	1.782459817725448e-01	8.210869328217054e-01	6.286766848660431e-01	2.733683899386639e-01	3.167657732575972e-01	2.184842672285085e-01 
51094	8.943157321281339e-01	2.426616457489606e-01	8.201647311542950e-01	8.476301687060065e-01	2.122893460152155e-01	8.300677294982912e-01 
51095	7.474674814136082e-01	7.178813911592036e-01	9.682634626367425e-01	5.088838075794669e-01	4.718031959942557e-01	5.824575659737259e-01 
51096	8.058874089298246e-01	1.795980446876949e-01	1.863164162199555e-01	5.815955808300505e-01	1.585917939239143e-01	5.851034287293924e-01 
51097	3.224717021558768e-01	5.038726639486256e-01	6.847357548236548e-01	4.068651373530110e-01	8.921820576731964e-01	1.362556545698343e-01 
51098	5.921796502509059e-01	7.042803898007984e-02	9.573425873915398e-01	2.208563346512878e-01	3.437964289187437e-01	2.741083606491370e-01 
51099	4.393406018797963e-01	2.381121610468776e-01	5.167700063980977e-01	2.595053330340913e-01	8.574232928722274e-02	7.290593524133132e-01 
51100	8.957306206672129e-02	8.332098107008309e-01	4.469407435725167e-01	5.783652470346378e-02	3.420936182802979e-01	9.187439395667724e-01 
51101	6.402940906771897e-01	1.479810267444612e-01	9.834198378880600e-02	8.266105068971452e-01	7.295766075745116e-01	2.569337777127204e-01 
51102	4.117139351608762e-01	5.204830926472708e-02	7.608064421270073e-01	9.644968951886972e-02	4.589134466177381e-01	6.529884993345423e-01 
51103	2.327053440887040e-01	5.109309686864405e-02	7.234165383146222e-01	1.900479314802438e-01	2.719494315199318e-01	6.721296723336585e-02 
51104	4.641562921293808e-01	7.112900338653895e-01	3.053251282802434e-01	9.809262985274784e-01	9.707953668994808e-01	3.910674575674662e-01 
51105	7.099856504751303e-01	6.036842850054076e-02	2.242772678026358e-01	1.569263935819857e-01	1.182049532040045e-01	5.663708860829337e-01 
51106	7.567033268309679e-02	7.584990438811943e-01	7.143519128273949e-01	1.740123164719028e-01	5.851095503126781e-01	4.439285199362452e-01 
51107	4.309460946502844e-01	9.968234859392157e-01	4.959768296666335e-01	1.917525363116304e-01	9.327317499242405e-02	9.548902762843716e-01 
51108	8.447410356461728e-01	3.259785195467894e-01	5.983372687354392e-03	5.681575734951336e-01	5.160264510270332e-01	2.779328046729475e-01 
51109	6.353705407284994e-01	9.801827431564138e-01	9.892228385383369e-01	9.406956690087429e-01	9.611090412182309e-01	9.600182049721564e-01 
51110	3.317631261105478e-01	6.710946912276999e-01	2.038663300703589e-02	5.560403943788448e-01	8.280210852753469e-01	1.385915866767017e-01 
51111	1.224112799961172e-01	9.036914179584438e-01	8.970906305578960e-01	8.367631932891734e-01	7.770373443034652e-02	4.822001808705740e-01 
51112	2.806917127597573e-01	5.086498290806309e-01	4.790236663441284e-01	7.766685424263908e-01	7.004023653922613e-01	5.722968413365525e-01 
51113	7.315588187107624e-01	5.451434005727728e-01	8.982753608833418e-01	7.375421913981168e-01	1.133009736022451e-01	4.143018114447136e-01 
51114	1.547499560540309e-02	7.486715147964058e-01	3.944845541354662e-01	4.697833678078760e-03	6.893671833394874e-01	3.555935948880359e-01 
51115	9.647160386502351e-01	2.113030945003513e-02	2.668828611573590e-02	9.851026721229323e-01	5.771707038288799e-01	8.547093713910828e-01 
51116	1.236942583339728e-01	6.995819838249973e-01	7.584007888838652e-01	2.078488842620742e-02	5.363451766485093e-01	8.361045233142118e-01 
51117	5.029850692967814e-01	8.170368898739279e-01	3.447543519291814e-01	9.820087356409098e-01	5.937054318346574e-01	4.515671685578149e-02 
51118	5.543055769774623e-01	3.252642500797586e-01	5.903001174285543e-01	4.525809373951428e-01	6.280644147787542e-02	7.036010914964607e-01 
51119	8.668827493055178e-01	7.828143708327852e-02	4.522726058272052e-01	2.613673029753227e-01	8.297927122701856e-02	1.416397887010312e-01 
51120	6.169608983290200e-01	4.769530941159246e-02	1.627700981510664e-01	6.436491844447558e-01	3.279798106886352e-02	7.399408019799464e-01 
51121	4.983585553701774e-01	1.564922394028363e-01	4.395227858049435e-01	2.567593437883813e-01	1.772771282947050e-01	9.758679624534529e-01 
51122	9.286386710259312e-02	6.802621975914864e-01	7.929048518617194e-01	4.376182190317746e-01	6.622709332323964e-01	3.866102836963768e-01 
51123	4.827749363532173e-01	2.165765097441974e-01	7.118745337761354e-01	7.307505331611031e-02	6.691574471393402e-01	7.746809752540109e-01 
51124	7.766761448125710e-01	5.360401959791967e-01	8.529624128029507e-01	2.289487501741148e-01	7.974074994201806e-01	9.359416840299692e-01 
51125	3.705885393408074e-01	4.143683972835394e-01	9.836369934415617e-01	5.333586374918737e-01	5.801758126263394e-02	1.643497451042522e-02 
51126	2.732994394718201e-01	5.563761366328114e-01	1.729272139132615e-01	7.128222252767636e-01	8.131354804211927e-01	3.502043422079665e-01 
51127	6.886901872645552e-01	9.059993475237859e-01	3.046653979945301e-02	4.815950391262747e-01	3.436175665555604e-01	6.927374730318494e-01 
51128	8.682053228226515e-01	8.263925029087776e-01	9.093139827760467e-01	5.800798561331256e-01	8.994675562248879e-01	5.784714294497256e-01 
51129	3.547608313871365e-01	6.761437010374589e-01	1.145116254289223e-01	2.077232437244259e-01	9.050924512115738e-01	9.119191248491030e-01 
51130	1.436649272887339e-01	2.756809900867199e-01	3.262875216669811e-01	1.273019202646343e-01	8.090396280442549e-01	3.843051029296150e-01 
51131	1.437368947750595e-01	8.233906705041373e-02	9.406812395624263e-01	3.166641091539823e-01	7.951612923271774e-01	7.538167195179577e-01 
51132	6.668684513619488e-01	4.838514791260713e-01	6.598160670417436e-01	6.973349911614019e-01	9.654465182523460e-01	3.433633131642655e-03 
51133	3.900724637275899e-01	8.336518406093362e-01	8.298261360404203e-01	2.993864460379754e-01	4.137316967424619e-01	7.292936917996470e-01 
51134	8.778578759533623e-01	7.684925281295983e-01	4.054373923714447e-01	9.923695013822845e-01	9.762157718540243e-01	3.105298435830184e-01 
51135	9.042886257657262e-01	1.198806986770968e-01	5.862108336697383e-01	2.305761469670460e-01	2.471826189417311e-01	3.952504612483319e-01 
51136	6.148812498966610e-01	3.909195141824519e-01	4.775895282987456e-01	5.555624889934261e-01	7.075836233364342e-01	2.727508201602618e-01 
51137	3.093792080457226e-01	3.744520742327218e-01	7.566022997519943e-01	9.691952750874662e-01	7.178706539412358e-02	7.220488175386790e-01 
51138	9.726289082191087e-01	4.618595291217135e-01	5.557006581480152e-01	8.024550437938678e-01	7.612459756253501e-01	9.694323548904771e-01 
51139	5.317487355935149e-01	6.391038511130511e-01	7.379248825544141e-01	9.371861279649596e-01	6.314733520296744e-01	7.141406539427771e-01 
51140	2.477159710823167e-01	5.357619773297394e-01	8.340213526198740e-01	8.339268052177163e-01	7.663381242967854e-01	8.120397109594381e-02 
51141	2.291772660003869e-01	3.812193737277851e-01	4.721234852783957e-01	7.067667947647939e-01	9.367818627212112e-01	1.797071081491686e-01 
51142	9.795176149250556e-01	2.461610703012725e-01	5.541591828475516e-01	7.361199142113887e-01	2.153563453887386e-01	6.259462482416752e-01 
51143	4.581687317500677e-01	1.879852531421861e-01	8.780577689772741e-02	1.386938943242160e-02	9.904402974017152e-01	8.490517525230775e-01 
51144	9.833017443228986e-01	5.221890325295688e-01	4.881556031704674e-01	7.212266264116516e-01	4.593751600288670e-01	1.196289547344805e-01 
51145	4.353672798887674e-01	7.070911315768450e-01	6.553909320642198e-01	2.693886320429801e-01	5.410179363289001e-01	4.217290558953439e-01 
51146	3.505926031389239e-01	7.701952023292870e-01	8.029484296231291e-01	8.227160888829809e-01	4.769619966284195e-01	7.397302918786790e-01 
51147	2.423196566488220e-03	4.564796115534751e-01	9.858913626456127e-01	5.565823794140399e-01	1.925995252992024e-01	2.012477075686900e-01 
51148	1.825286271900537e-01	6.507682570492701e-01	3.892329607108762e-01	2.703344045534424e-01	6.646376464816917e-01	3.796732576469301e-01 
51149	1.193861566108587e-01	6.479393903389291e-01	9.018622901764989e-01	6.075417602469874e-01	3.691660162849194e-01	3.612374502053659e-01 
51150	7.271707149814678e-01	8.045332961736867e-01	6.832858131654961e-02	3.825616470456876e-01	7.392192775100559e-02	6.093465176454497e-01 
51151	8.042907029410316e-01	4.245145313555908e-01	3.795417195090753e-01	6.072391325641606e-01	2.472306197729104e-01	8.565037166031561e-01 
51152	3.469694239771782e-01	2.496538163393986e-01	3.129833276909698e-01	3.328607861571297e-01	8.062361962190998e-01	5.055828529901722e-01 
51153	5.341084937258197e-01	9.887648234091535e-01	1.563511100394424e-01	9.233414549023572e-01	2.590992274969347e-01	8.209887565211340e-01 
51154	3.030147120836260e-01	3.784853845734547e-01	4.689281468600631e-01	2.048770022601248e-01	9.860271448204421e-01	8.380941631449825e-01 
51155	5.661144524654906e-01	7.131978593362486e-01	6.426274593186693e-01	6.344430337820403e-01	9.575950591627486e-02	7.165493870696749e-01 
51156	2.437895509618286e-01	9.000502093229676e-01	1.410639179596044e-01	6.233312704709039e-01	5.072893414214670e-01	3.882945377325148e-01 
51157	4.798349866083986e-01	8.542587653986452e-01	6.379483545375747e-01	7.928183142993684e-01	1.871195515557749e-01	4.441845502910132e-01 
51158	2.984011672895407e-01	7.212280452815947e-01	4.329493732345055e-01	4.547522773289831e-01	6.445694997182905e-01	6.920486011971014e-01 
51159	2.757410333844558e-01	9.475842122675777e-01	7.053398530489485e-02	7.446691802445190e-01	1.524612140620412e-01	5.656112965967559e-02 
51160	5.827633433895015e-01	7.185756665275319e-01	7.697589889959241e-01	2.253908022425095e-01	3.530186998439108e-01	8.655184953778603e-01 
51161	9.419401893121844e-01	5.968082508057394e-01	7.655687042351667e-01	8.300410727178870e-02	2.201395208109820e-01	2.728580451909723e-01 
51162	4.712986450043035e-01	6.999745078850419e-01	1.271168101239562e-01	1.092469990762169e-01	4.927928217187491e-01	3.142363616797311e-01 
51163	5.534315493672302e-01	7.911939890082897e-01	3.546440696132575e-02	9.863809230673969e-01	2.459462658716116e-01	6.800339066796163e-01 
51164	6.784295237988371e-01	5.216872997217287e-01	6.276181184815327e-01	7.489635091037320e-01	2.663564795005864e-01	7.800793325435740e-01 
51165	8.055246387634075e-01	8.491198228900879e-01	4.986549986054445e-01	5.752836272936703e-01	7.451062466693606e-02	8.516736984493554e-01 
51166	4.408021222058693e-01	1.645081397912037e-02	4.484819487894335e-01	2.063708259753747e-01	9.945492125090906e-02	6.686214700660769e-01 
51167	4.792288711663470e-01	5.707535662552126e-01	3.685959774854574e-01	6.063456817559645e-01	6.800005657970908e-01	8.613887992042064e-01 
51168	9.205820434356956e-01	2.334321146986597e-01	6.525827882124963e-01	9.560464503970213e-01	2.198130373003953e-01	8.985290540841078e-01 
51169	6.360803570766376e-01	8.982425610992324e-01	4.202163533401752e-01	2.636984750925090e-01	6.472060697373031e-01	6.865728333064228e-01 
51170	4.377780763608301e-02	4.527307080350493e-01	5.356926557308495e-01	5.424328062415276e-01	2.801433532871973e-02	6.102032808634468e-01 
51171	3.941065046908830e-01	4.688164575345891e-01	6.266540948425672e-01	8.425884534803165e-01	6.751872839756251e-01	7.261090160934762e-01 
51172	5.112099230807321e-01	1.544161546763108e-01	2.968625818830275e-01	8.798059005661895e-01	7.607618364322752e-01	9.768631476801183e-01 
51173	7.411946997703960e-01	6.813438798679708e-01	2.102952623787780e-01	3.937774875172309e-01	6.373903297993310e-01	4.301082996791733e-01 
51174	2.923065411356774e-01	2.734706864103073e-01	3.283508607784058e-01	7.125228949415139e-01	5.371691619684776e-01	9.755569305157088e-01 
51175	3.990957277822754e-01	5.809469696045606e-01	4.282876385507582e-01	9.347883835131249e-01	1.233797753804269e-01	4.563019738794779e-01 
51176	5.449916639109104e-01	5.174862800713099e-01	9.251184314140670e-01	1.716457582878162e-01	3.600747335516264e-01	6.003057149240308e-01 
51177	8.977547743812924e-01	8.712846566323585e-01	7.547218700660029e-01	1.946173562643199e-01	7.510905571985480e-01	5.154837060326168e-01 
51178	1.714805034787769e-01	4.922852565032827e-01	1.968275854349265e-01	3.817757658575548e-01	8.860627440205137e-01	8.342179156999188e-01 
51179	8.118840660023895e-01	1.783692846905297e-01	1.076886016445647e-01	1.402349263151339e-01	8.908921796320436e-01	6.448577636130423e-01 
51180	1.157918563651814e-01	2.899879069486577e-01	2.258047327519417e-01	5.440794949159397e-01	2.247762904617825e-01	3.491845085980299e-01 
51181	3.814683297562731e-04	7.697679543726929e-01	8.666707886693398e-01	9.254999002094846e-01	9.414137131261703e-01	2.267455217553049e-01 
51182	5.258056146678541e-01	8.391684870418015e-01	9.803017838766341e-02	2.805274842681957e-01	3.378584284046006e-02	8.491207355862114e-01 
51183	7.960111907664739e-01	2.052663467848982e-01	3.414059916238328e-01	9.928387762014004e-01	5.870421126424531e-01	2.274687351786852e-01 
51184	8.270566914356577e-01	3.989261781791812e-01	4.058380198692149e-01	9.347452935458838e-01	5.391611044943152e-01	2.967301995012584e-01 
51185	5.796030566932647e-01	6.549529613251579e-01	5.867181064499161e-01	8.054077899108677e-01	1.990324557754362e-01	8.114943969116986e-01 
51186	1.545922980432363e-01	1.994139245708538e-01	5.812623512843914e-01	2.126308624691474e-02	1.249138243146771e-01	5.226760639449004e-01 
51187	2.480086084678809e-01	6.507194389825312e-01	3.618445505210406e-01	3.460387868555443e-01	9.312469237163882e-01	3.956303938271619e-01 
51188	1.951595219760945e-01	7.272581140172008e-01	6.008967406120602e-01	5.365655135999273e-01	7.200968897529397e-01	1.879388527888520e-01 
51189	7.640342487786125e-01	5.471535811885975e-01	5.868650314336945e-01	1.698722681821661e-01	4.818988742688200e-01	1.260261354623484e-01 
51190	4.666024676834244e-01	6.150193049642348e-02	7.809790967875063e-01	5.332057413334054e-02	8.669097204072912e-01	9.800115530286038e-01 
51191	8.648149710450391e-01	2.150201798486617e-02	1.794254771337963e-01	4.460773218637692e-01	4.276510469744220e-02	3.043393014484734e-01 
51192	9.687533858086697e-01	2.907737131653231e-01	9.550587404310046e-01	3.305979363297102e-01	6.368125000208674e-01	8.863056636817314e-01 
51193	7.262283301568722e-01	8.319720219969620e-01	6.135637772332708e-01	3.271250703032711e-01	3.685375351312279e-01	3.336606669862106e-01 
51194	5.150639230921231e-01	1.325717834441791e-01	8.808142481748081e-01	1.019289540601563e-01	3.024440516263452e-01	3.627131219779668e-01 
51195	2.279550899881660e-01	7.690465197754309e-01	4.242150524743903e-01	8.934186310011048e-03	8.223670939087715e-01	2.911247728816815e-01 
51196	9.889457393386148e-01	6.871820644881492e-01	3.126267908665477e-01	1.683712160067499e-01	1.332593863519185e-01	3.553918955639898e-01 
51197	4.727105174552232e-01	1.020127716949269e-01	6.461656087293129e-01	4.277692578862278e-01	4.326107080246372e-01	2.829781082845191e-01 
51198	3.140749211022979e-01	1.588390377158481e-01	1.149501298158197e-01	9.276386988012301e-01	4.859641080191192e-01	4.834876649470476e-01 
51199	2.612993653217793e-01	1.028031111242264e-03	6.160594483912268e-01	1.421136130309262e-01	1.029569851713986e-01	9.185035004832333e-01 
51200	5.048267350088930e-01	3.309120751595647e-01	6.875500197930029e-01	9.290417874832833e-01	3.398462619352370e-01	5.099171132361130e-01 
