85601	8.131561581106652e-01	4.607939466185840e-01	6.129667761795999e-01	2.244875217901950e-01	3.273061040450382e-01	3.790612539178977e-01 
85602	6.523529066016678e-01	8.339129028999772e-01	7.155332657115223e-01	2.210132857882480e-01	4.370539451190522e-03	9.753326363746695e-01 
85603	4.637586844450602e-01	6.447732018515343e-01	2.496364234246483e-01	9.912870447110790e-01	3.994197474789898e-01	4.648396826651132e-01 
85604	8.942186827278783e-01	8.962176450976252e-01	3.951987537533039e-01	4.144867534816669e-01	1.425233036943354e-01	7.381618259186679e-01 
85605	7.455263523131266e-01	3.953415534437362e-01	6.209970934414292e-01	3.929842293229812e-01	7.061626462760208e-01	9.746463461660995e-02 
85606	5.443440887817853e-01	5.193188039210247e-01	5.582585812351939e-01	1.573108644957239e-01	7.438063261768810e-01	8.855646852802321e-01 
85607	5.363721184136216e-01	3.961592323128876e-01	7.194775877145481e-01	2.519053841251440e-01	6.171725181011355e-01	7.238481276313998e-01 
85608	2.272380200341521e-01	8.093120208053441e-02	3.686213290172728e-01	4.768744434588004e-01	7.221824632595211e-02	7.680410764962626e-01 
85609	9.417141265895749e-01	9.664369295194917e-01	6.642587215938879e-01	3.369128798772175e-01	3.809236825354973e-01	8.067820252882233e-01 
85610	7.507470579588539e-02	1.264500348486239e-01	2.021235782662982e-01	6.960717992373145e-01	5.194342641716051e-01	9.082862245423190e-01 
85611	7.935364338539245e-01	6.377835248772909e-02	4.276050279976824e-01	3.517950146234571e-01	2.210892169834530e-01	1.714113537089021e-01 
85612	2.373596994380279e-01	7.574613358627359e-01	5.675705864874510e-01	9.568372876182372e-01	9.366719522218556e-03	1.847431041229251e-01 
85613	6.806854147839758e-01	2.366047395563707e-01	2.656743066691208e-01	4.930674333558732e-02	7.134791830151711e-01	3.378925529950729e-01 
85614	8.173478202975112e-01	6.551933091390847e-01	3.043294820489034e-01	4.816065414257378e-01	9.921061894819635e-01	6.852531650500620e-01 
85615	2.883885662482998e-01	6.718089481218760e-02	8.117031998986859e-01	4.905121445145980e-01	7.632526940495021e-01	3.311374636046297e-01 
85616	3.987983685912557e-01	5.567891279034266e-01	3.949158160923588e-01	8.264033965889380e-01	9.085841425268837e-01	6.160050330758118e-01 
85617	9.978147507635013e-01	1.459438419649116e-01	3.734663684728864e-01	5.653853367852910e-01	1.027811291174875e-01	3.828330879951050e-01 
85618	7.501284409082162e-01	7.834665439014633e-01	6.194378275514757e-01	1.580274711167568e-02	8.327732872370506e-01	3.329170105666467e-01 
85619	3.536953005724099e-01	6.501211070689006e-01	9.881103197057314e-01	6.580247826213133e-01	1.317276480289770e-01	9.802165087220336e-01 
85620	3.432779472057139e-01	4.201162142772769e-01	4.739740306855990e-02	1.549811466387385e-01	9.106283587918749e-01	8.106500975837233e-01 
85621	4.861186102433682e-01	3.094267269174693e-01	3.674392250214886e-01	8.810344263357270e-01	1.358301235064073e-01	2.760233670827110e-01 
85622	4.970394594115389e-01	1.336448738042474e-01	4.219672090476226e-01	8.705058278844253e-01	6.990302105895384e-01	5.247483381651101e-01 
85623	2.533389158795303e-01	4.491586510320933e-01	3.082148816009121e-01	8.727767434310060e-01	4.649613986094303e-01	1.409881688379628e-01 
85624	2.056937535319914e-01	8.186566991818401e-01	7.911092759068633e-01	1.938040732377228e-01	4.766814813374921e-01	9.228369244015017e-01 
85625	1.740205814940951e-01	8.199594290088673e-01	3.429531382131172e-01	2.214179850283162e-01	9.749405756476058e-01	2.535814970049921e-01 
85626	3.206808214637828e-02	4.610591858909741e-01	5.630082239224614e-01	3.995073071678669e-01	3.420936117610399e-01	6.988383474288686e-01 
85627	6.755306742505779e-01	8.391330711725787e-01	8.324832212331161e-01	9.749788329820050e-02	7.096388990570041e-01	5.315134313569932e-01 
85628	6.222462214633107e-01	9.629778149365344e-01	9.806720828547478e-01	9.304611035298841e-01	8.357545579018791e-01	4.456334809985168e-01 
85629	7.144927190218553e-02	4.144831143387049e-02	2.642901797146956e-01	8.625585478090488e-01	2.352523846715933e-01	7.409716610521877e-01 
85630	7.853954717448891e-01	4.092729661656883e-01	5.609310895953938e-01	1.283486099580063e-01	6.306909511940046e-01	5.358716652429997e-01 
85631	3.819301069629985e-01	6.627590333403829e-01	9.969308511339737e-01	9.449383308854599e-01	6.226634004258846e-02	3.390244624293523e-01 
85632	6.437766783143285e-01	7.377970147588276e-01	1.781575336019311e-01	4.762598990817833e-01	8.352948980570282e-01	8.877964326589352e-01 
85633	7.773330438776561e-03	4.575411190546775e-01	8.507742471298083e-01	9.884454132935244e-01	3.880022221189003e-01	6.865288045660262e-01 
85634	4.340788938263799e-01	4.594514940210858e-01	7.279771159998966e-01	6.983690735410755e-01	3.220100418301346e-01	9.632295006714898e-01 
85635	4.393407341276019e-01	1.074055131093625e-01	3.725024668371782e-01	2.718237229957356e-04	2.357541230673688e-01	3.193417565521513e-03 
85636	5.361434889659954e-01	6.176842300303672e-01	6.659524513715657e-01	5.330743396343078e-01	5.626225609158271e-01	7.282187914141541e-01 
85637	8.720988020636601e-01	2.063992387644943e-01	4.660158057073205e-01	5.025633519992993e-02	6.826591378462776e-01	3.013107032986873e-01 
85638	9.380527678588650e-01	6.904324682850542e-01	7.588518228190261e-01	7.888270145230121e-01	6.788778811129172e-01	1.468540444722651e-01 
85639	4.753558190890382e-01	1.129567744736358e-01	6.063055389590122e-01	2.033329346232735e-01	8.113258480147113e-01	9.283155807891468e-01 
85640	1.665624352947634e-01	2.506665821423133e-01	3.572109343284792e-02	5.390649021319416e-01	2.509384058653090e-01	2.714752169658780e-01 
85641	5.422583196974631e-01	7.870818948313044e-01	8.891594469962453e-01	2.082107706033675e-01	3.201562339999509e-01	4.517820074464111e-01 
85642	9.364295624831829e-01	1.922550355979498e-01	6.581812462109053e-01	4.024453677248421e-01	2.425113712635410e-01	3.408403840571830e-01 
85643	7.037560714891907e-01	1.805641386567448e-01	3.127285187657590e-02	4.626078938425555e-01	9.693911536454182e-01	7.101507334551544e-01 
85644	6.094619383148207e-01	4.447469722687951e-01	8.231075079287903e-01	2.157674768081715e-01	6.480799068920686e-01	6.344333559435016e-01 
85645	1.440830571316569e-01	8.146423421868321e-01	8.850999380858149e-01	1.798041510301661e-01	3.537072438531123e-01	1.360383434854626e-01 
85646	4.512793679960442e-01	8.959655640162367e-01	9.231202383167670e-01	3.404388145266282e-01	1.041763341539429e-01	2.432764718510567e-01 
85647	7.922208224387005e-01	4.060589617146454e-02	4.355315074490064e-01	4.504020681839446e-01	4.430512643619679e-01	6.780428787125474e-01 
85648	7.912424522411275e-01	1.468073353854973e-01	8.586070178349535e-01	8.225153045833647e-01	6.094152292280529e-01	8.279981710147104e-01 
85649	5.326660375728579e-01	2.188771670772122e-01	2.727451428178442e-01	3.557735450359870e-01	4.346446443510450e-01	9.208250497099129e-01 
85650	9.902069009794886e-01	5.787277014827019e-01	7.354673918967449e-01	8.753068385996422e-01	7.585318525128680e-01	8.917463528419595e-02 
85651	1.134518161944355e-02	2.098112200432509e-01	9.851401993004326e-01	9.344654199362106e-01	5.502500350355404e-01	8.931653345437560e-02 
85652	1.777418913216059e-01	3.424708570085796e-01	1.299224296258401e-01	6.132733992362737e-01	7.928729251925242e-01	5.729736939878081e-01 
85653	2.913162774831598e-01	5.841153774336517e-01	7.197810293733053e-01	1.499232948524520e-01	4.066306815513552e-01	3.291962581356970e-01 
85654	9.779214658671624e-01	9.392967191242132e-01	5.480734256785705e-01	2.506666082193454e-01	2.950702636945389e-01	9.827180700296154e-01 
85655	1.714916579292583e-01	2.852771646740274e-01	5.614457710466561e-01	9.069590498260032e-01	1.605840028080084e-01	3.199776235595241e-01 
85656	9.961336851101991e-01	1.719291848931132e-01	5.297888436027750e-01	9.812738844106318e-01	1.063946043636625e-01	8.003887817265413e-02 
85657	7.059041739934609e-02	2.841364961509297e-01	4.225097351812337e-01	2.005128470251862e-01	8.974098953872034e-01	2.153826603737579e-01 
85658	7.734865414786556e-01	1.887261724047019e-01	7.994980378074097e-01	4.932675703862996e-01	3.386494677228152e-01	2.061287188931036e-01 
85659	8.224638289876579e-01	3.165709331243163e-01	1.454254375516555e-01	3.705372542005672e-01	5.672375418093231e-01	4.404957012461944e-01 
85660	3.532553237645213e-01	7.387291997385813e-01	7.257728659202218e-01	9.147010948111773e-01	6.456882490989232e-01	8.863568691938915e-01 
85661	2.346787179050402e-01	6.418219337434610e-01	5.828605362134336e-02	7.644675619734765e-01	6.230958176884315e-01	1.646806579850058e-01 
85662	8.445064401461307e-01	6.936862350877776e-01	4.488171541359355e-01	2.670161753273644e-01	8.941990825786251e-01	3.462270490574776e-01 
85663	4.823988357011224e-01	6.676856235916193e-01	5.349532219278408e-01	2.818968730428707e-01	1.609531935122577e-01	8.736026896506560e-01 
85664	4.880255919359743e-01	9.834170224999157e-01	1.901736223093111e-01	6.334510294876299e-01	3.539542762348216e-01	7.574111641186342e-01 
85665	7.394673026816302e-02	7.072095999993429e-01	4.961403633915542e-01	7.997195966540461e-01	6.219106948105203e-01	1.418286120248160e-01 
85666	6.860764653822763e-01	8.565894127155604e-01	7.836505462339384e-01	7.443625190036197e-01	6.210569742233758e-01	4.067463634567086e-01 
85667	9.090431769886255e-01	4.655634143695065e-01	1.004325985444861e-01	3.578603311245611e-01	7.325795896968710e-01	9.946316811231113e-01 
85668	7.040873801820388e-01	2.149784249323320e-01	6.623173042490693e-01	2.390406016442183e-01	4.968752979752027e-01	8.232704977613271e-01 
85669	1.126432908292130e-01	9.849008899111771e-01	8.066875202612428e-01	3.028169136041854e-01	6.183519189331457e-01	1.606417960304030e-01 
85670	6.022807725715827e-02	6.922986492013087e-01	8.678513964954072e-01	5.563684411143737e-01	4.920182453896935e-01	4.897620908402661e-01 
85671	6.981970531391898e-01	1.780947103063086e-01	3.463515030901653e-01	4.818475989074668e-01	9.224572293099282e-01	9.674084777792024e-01 
85672	8.885939628298366e-01	8.315004062985537e-01	4.329718916830476e-01	9.890265613743228e-01	1.893607369574535e-01	1.655514809142572e-01 
85673	9.836582420317728e-01	8.934481171394922e-01	3.805299058465892e-01	6.459755458151808e-01	1.324887187837105e-01	8.774052038217919e-01 
85674	4.692460431108466e-01	2.451320096129235e-01	8.623060932673077e-01	2.759335629064280e-01	5.479489232171089e-01	4.806580117347921e-01 
85675	4.365753594024924e-01	6.081770009399284e-01	1.729566604704394e-01	3.044267554322382e-01	1.645454415886409e-01	6.649749063257943e-01 
85676	7.941888462725043e-01	8.627424947278306e-01	8.430696166321028e-01	1.405403488970084e-01	3.445900936352974e-01	7.655268459420310e-01 
85677	1.079488262105495e-01	2.331840559994728e-01	5.970272517749236e-01	5.409207178935971e-01	2.222106169081343e-01	7.863879887323770e-01 
85678	7.064721988078543e-01	2.058688584742457e-01	6.798361054062080e-01	8.700210418878221e-02	8.518444042894264e-01	8.123248241899185e-01 
85679	9.644073080105741e-01	3.210904469346118e-01	5.745683380284199e-02	8.267134008122204e-01	5.970240103067010e-01	6.054057570199509e-01 
85680	3.073714120813512e-01	3.359936924353213e-02	2.135827574942181e-01	4.803280730174520e-01	3.380261246757704e-01	3.781281990828589e-01 
85681	1.453029788775849e-01	1.322149704826134e-01	2.408706938106896e-01	9.883725955096877e-01	2.727553193796218e-01	5.854607874459871e-01 
85682	7.538994409860574e-01	3.807041460558326e-01	8.186448434454597e-01	3.509266922953197e-01	9.216248639494297e-01	4.085545988793274e-02 
85683	1.373146805620355e-01	6.280970627572839e-01	2.467243183621784e-01	8.171507864339048e-01	7.150991669460661e-01	9.856872218594361e-02 
85684	6.294756101581620e-01	6.795064749566403e-01	4.196591691205553e-01	6.869324439610039e-01	5.062198753031995e-01	1.668317896159514e-02 
85685	2.923382009809549e-01	8.135912878502120e-01	5.028254820512727e-02	5.059209584751729e-01	2.939193604020026e-01	3.883086728808976e-01 
85686	8.840491580236932e-01	4.392223392795875e-01	5.205236433635110e-01	1.249198513687215e-01	4.275949343236140e-01	7.932789632087941e-01 
85687	7.103806388147085e-01	1.814943753096714e-01	1.739831087989654e-01	5.290254817945070e-01	5.324210676049912e-01	9.560797228273375e-02 
85688	5.698809416824397e-01	6.697357486326879e-01	7.237050350400177e-01	8.166052600446182e-01	4.868865346009315e-01	4.388042019860838e-01 
85689	9.151739822305618e-01	1.163621442934322e-01	1.183106764770628e-01	3.348331508854558e-01	8.032945887200975e-01	6.245305517802623e-01 
85690	3.515163303127123e-01	9.563278923539109e-02	4.381218391648130e-01	4.017988785178395e-01	6.015537477105640e-01	7.320411995668156e-01 
85691	7.901075518643984e-01	4.856029052685960e-01	1.712635383807418e-01	3.106311947622482e-01	6.105227566373175e-01	5.988584731700171e-01 
85692	1.039101575053810e-01	3.209033949863647e-01	7.803528484796886e-01	2.778932663043464e-01	8.499288767808717e-01	3.127739156190185e-01 
85693	3.735012390527414e-01	4.198098179976502e-01	9.825096642517064e-01	9.720627362709784e-02	2.364150775766070e-01	4.693961983869766e-01 
85694	5.360104756131817e-01	1.515890593415075e-01	5.857583431460701e-01	6.543211520902446e-01	4.864222106926246e-01	3.890529314005063e-01 
85695	2.788517038705068e-01	8.379385410053369e-01	4.846857206358974e-01	7.169735430353198e-01	2.397374190575152e-01	8.623946788080011e-02 
85696	4.490147426021354e-01	2.984497045625233e-02	5.718423736150574e-01	6.202782809828773e-01	3.404761656841618e-01	1.823651297867136e-01 
85697	2.191367536872331e-01	4.443863231895428e-01	5.032685252387396e-01	9.994896021669216e-01	7.222795899595504e-01	3.531974015539500e-01 
85698	3.122635177859401e-01	9.578082854663060e-02	7.730072200172614e-01	2.947731815719852e-01	1.929871021737284e-01	9.422297128207189e-03 
85699	7.641693804246231e-01	7.289975782525714e-01	1.610113569353760e-01	3.499277231050318e-01	3.833187298771547e-01	6.474335676280006e-01 
85700	7.389806545055382e-01	6.621704337476615e-01	4.853721081676763e-01	2.236663746757742e-01	3.791439767829813e-01	7.251095272251915e-01 
85701	3.099058425565743e-01	8.281587193851166e-01	7.549544981471051e-01	8.817482161716317e-01	4.484369999023327e-01	9.543066336560560e-02 
85702	6.411334595834527e-02	6.675737540552270e-01	5.398169865551484e-01	5.673818711970848e-01	6.670633557564875e-01	2.620965760490375e-01 
85703	9.205792727510348e-01	9.793268735424275e-01	3.578774045956681e-01	6.935864923026350e-01	2.741000551144127e-01	5.508645072350579e-01 
85704	7.030087898965035e-01	3.826943507337451e-02	2.798620850219680e-01	8.640201468318794e-01	3.881971581784064e-01	6.631808148991227e-01 
85705	5.114537139942188e-01	1.271778122182832e-01	3.253512486467842e-01	9.968258221618952e-01	3.508441868940574e-01	7.044952254297655e-01 
85706	7.219353489214253e-01	6.607500294506317e-01	5.326539443492210e-01	4.768898466028691e-01	5.424982456222635e-01	9.810909442515536e-01 
85707	5.723205099684747e-01	6.066115915806086e-01	6.486646978411194e-01	1.121374965236231e-01	1.739934623120322e-01	3.157280535976068e-01 
85708	3.742340725726607e-01	9.457273459740576e-02	2.950549266743729e-01	7.321114776339901e-01	7.881592273657020e-01	5.691549817887857e-01 
85709	2.829759844033867e-01	4.911680167965442e-01	6.074244168621602e-01	5.628380694253547e-01	3.551881631627624e-01	9.956215750405666e-01 
85710	2.260188838588162e-01	8.666418771569812e-01	1.227993867931885e-01	5.513701325056004e-01	8.634676988532151e-01	4.736435736872459e-01 
85711	2.558653574697046e-01	5.854030473089791e-01	1.343936031378776e-01	7.885193018189256e-01	6.229289391184826e-02	6.768918487601410e-01 
85712	7.696102460704791e-01	6.346134038803231e-01	2.835034398750884e-01	4.182749434459372e-01	7.467509004039461e-01	4.574969021871206e-01 
85713	7.340029970435440e-01	1.209849729766068e-01	5.520696367845264e-01	2.905792371791691e-02	8.530964506105969e-01	3.402288636845671e-01 
85714	5.982129055067026e-01	1.360724345483223e-01	8.313968804811113e-01	2.056373223688627e-01	6.989105039736770e-01	1.865850431782124e-01 
85715	2.012588969437680e-01	9.249293878324932e-01	5.322691986953230e-02	3.240582842026177e-01	4.762995203380936e-01	9.166946187227474e-01 
85716	7.977018578898636e-01	7.321648778077983e-01	5.020976660317265e-01	9.320954610277412e-01	5.206841796267239e-01	5.643905599435748e-01 
85717	6.089873093222209e-01	2.902944252315417e-01	1.990039633582364e-01	8.924907491973093e-01	7.085693686774789e-01	9.457548642278438e-01 
85718	3.499876509187685e-01	4.425723657210229e-01	6.673983673878937e-02	9.020572881689561e-01	4.716302894389398e-01	9.198362873493863e-01 
85719	2.422861513878620e-01	6.984319447998107e-02	5.590872143204730e-02	7.368303186897329e-02	2.754805168488438e-01	7.548192254057243e-01 
85720	2.602680750471857e-01	4.767394142582730e-01	6.797486127725563e-01	3.134949953823793e-01	8.007976984608908e-01	1.560481326449887e-01 
85721	2.301896136394654e-01	5.984995558850931e-01	8.882130109184482e-01	7.322872796711918e-01	5.305950169128343e-01	4.088971900795108e-01 
85722	2.966778391491053e-01	1.395823257693939e-01	6.991916153110525e-01	4.956818029730030e-01	3.207307496670311e-02	4.077609835228701e-01 
85723	4.414366667351856e-01	3.820607258854717e-01	8.503333492438930e-01	5.081765034739750e-01	2.841180135887666e-01	3.219636382171715e-01 
85724	4.280127903577000e-01	5.264041654422899e-01	3.918068331628138e-01	4.839215117897473e-01	6.000871973112631e-01	6.672873500116576e-01 
85725	2.387407367298104e-01	8.603552723584489e-01	1.440267638042694e-01	9.184893495023667e-01	1.738502672751668e-01	9.448244622651601e-01 
85726	7.453748214735532e-02	4.040398813802935e-01	5.433240181502532e-01	9.627504930658035e-01	1.363271605858240e-01	7.391903459742620e-02 
85727	3.716476826796530e-01	4.330050002005906e-01	2.135013603668200e-01	7.083929752504420e-02	9.286868031735936e-01	2.455744353335232e-01 
85728	4.786002810479143e-01	3.701234694431180e-01	6.276351616846562e-01	3.289336302918073e-01	8.782999729170929e-01	9.117531752734227e-01 
85729	6.508972685089788e-01	3.063127628091317e-01	4.381573402500513e-01	4.270410120613133e-02	7.902342745988790e-01	3.824453709565314e-02 
85730	7.099914516834502e-01	2.897501086302801e-02	8.985998099197633e-01	8.540182154877196e-01	9.474643603653947e-01	7.245007672926880e-02 
85731	7.988426777528798e-01	2.200184204708871e-02	4.764899581095622e-01	3.421666954374717e-01	9.847523351128923e-01	6.128171191610475e-01 
85732	4.160857300348979e-01	3.564000173268840e-01	4.582211889597686e-02	6.295870904017180e-01	4.272393148519282e-01	9.745089220695705e-01 
85733	8.751615262009024e-01	9.058395963655038e-01	3.446323910470271e-01	5.027966874198972e-01	2.347732261916498e-01	2.229323634984588e-01 
85734	4.145498622276587e-01	8.856704947006285e-01	5.292451263075905e-01	8.527072029433712e-01	9.283745963724211e-01	3.194794004408081e-01 
85735	8.909517400390243e-01	6.383660475902101e-01	3.484544113038361e-01	7.895515494931263e-01	4.923842626122685e-01	2.959187712035695e-01 
85736	8.620016266880565e-01	2.912269398994869e-01	3.179206137163195e-01	3.384915843319574e-01	6.333936353369586e-01	3.026729483635505e-01 
85737	9.513087034930050e-01	4.947936490619526e-02	6.590729661560957e-01	9.971308223889819e-01	6.790664557735745e-01	8.631228054236262e-02 
85738	9.716397439928910e-01	5.542279815088157e-01	9.921518769078664e-01	3.162721345742569e-01	5.702466846305163e-02	2.269251026338549e-01 
85739	5.392044980727158e-01	4.715745306907103e-01	1.125955973344834e-01	6.844962391464487e-02	3.242817331684202e-01	4.097019324124334e-02 
85740	3.879290243554530e-01	2.152334732074446e-01	6.793362408314535e-01	7.363834356592891e-01	4.785022234909712e-03	1.717205029780606e-01 
85741	3.230220686285859e-02	8.667866489229662e-01	4.629474433432089e-01	3.502228205791781e-01	2.052782332549236e-01	9.634107821450619e-02 
85742	6.528957689427285e-01	1.565869362822673e-01	1.458204435863627e-01	3.119687346331629e-01	1.537177586712491e-01	8.248868993599372e-01 
85743	3.982810156411868e-01	1.253575021984789e-01	3.791148804030916e-01	3.904328920833919e-01	4.416296372383971e-01	4.361395488661433e-01 
85744	6.173579951829081e-01	9.808341353111129e-01	9.077140795568536e-01	7.299535925173916e-01	4.928375922575768e-02	2.319958127252738e-01 
85745	7.709237857586350e-01	4.372127835812107e-01	4.472292859327184e-01	4.502600261244271e-01	1.735962192404998e-01	4.520143081676282e-01 
85746	6.219805291024877e-01	2.058984261033583e-01	3.188009570905943e-01	8.492797198003529e-02	5.561212466825365e-01	5.240791903455179e-01 
85747	1.812690506602028e-01	2.090170151596037e-01	6.806661266277853e-01	3.270894942465655e-01	5.209857502584280e-01	8.343838852990344e-01 
85748	1.519763931408415e-01	9.192667658996148e-01	9.597413879631745e-01	5.310912735439330e-01	3.096996575173455e-01	4.013710247359104e-01 
85749	9.672308224100763e-01	9.270576527002536e-01	3.822051595813619e-01	8.749449015012686e-01	6.570112447519839e-01	4.314889188071195e-01 
85750	1.069407137608811e-01	4.279350300449575e-01	8.687017028539915e-01	5.541699996935995e-01	8.781950561693846e-01	4.229792162882998e-02 
85751	6.184307861227686e-03	5.001755852718723e-01	2.481963477321883e-01	3.249852649518220e-01	5.851035572519077e-01	8.043175944147248e-01 
85752	8.490644552973399e-01	7.663726079121105e-01	1.333460910866717e-02	5.297305814594638e-01	9.346210169301467e-02	5.343203593670951e-01 
85753	3.641144667584982e-01	2.454384948338561e-01	4.535871248010486e-01	3.238558542560115e-01	7.765297683777892e-01	7.632867827840554e-01 
85754	7.252268789919218e-01	7.437605903222042e-01	6.903444350186476e-01	1.074320381076224e-01	6.187054918234728e-01	3.473556797706316e-01 
85755	5.389209573804032e-01	7.256462055843539e-01	7.752907098155891e-01	4.076226597687335e-01	2.798162052779534e-01	6.534857659849738e-01 
85756	4.499205813975635e-01	2.860005131391811e-01	1.536613507911849e-01	6.981169291297519e-01	6.109857780910031e-01	7.387649080430926e-01 
85757	5.024345230788153e-01	4.600502329226817e-01	5.051375159552030e-01	5.157691321874825e-01	9.897808143821456e-01	5.985996176482177e-01 
85758	5.008949155457760e-02	3.538952806749825e-01	8.440381129477350e-01	5.036766163556262e-01	6.777511349309939e-01	6.205678808598629e-01 
85759	2.669633986740202e-01	4.029780134572545e-01	3.643284711820672e-01	9.573078341583292e-01	5.104100520305382e-01	9.830339630055399e-01 
85760	3.046635134632995e-01	4.933100894528022e-02	7.086801681242325e-01	7.995422281322732e-02	4.569536687140137e-01	9.884963734021859e-01 
85761	7.334399887982010e-01	9.068742501115772e-01	2.744968860757057e-01	8.871013395893860e-01	6.049911787756678e-01	8.854826641667087e-01 
85762	6.258662476324784e-01	1.074257013888218e-01	3.455328966237292e-01	1.310037631220202e-01	6.231948335763043e-01	3.353137110058748e-01 
85763	7.296033807702378e-01	6.732843251308819e-01	6.892089916808573e-01	5.736414932523116e-01	1.769609414865081e-01	3.669601266118512e-01 
85764	1.942093741121746e-01	4.439243401605283e-01	7.699381400691058e-01	5.585378452942418e-01	4.012321738531963e-01	2.803481916339827e-01 
85765	5.415718078341204e-01	7.058956873164958e-01	3.296792005792629e-01	2.502519754926916e-01	7.858499105953843e-01	7.866328692932766e-01 
85766	2.387483488948775e-01	5.192898989279242e-01	6.935071189391926e-01	5.132452349705833e-01	4.063912385173101e-01	2.984982972491990e-01 
85767	3.987278991372920e-01	3.225748568412731e-02	4.059239986380208e-01	7.442607957610212e-01	1.632612488061475e-01	2.911883221432512e-02 
85768	7.957450630123471e-02	8.928646295763853e-01	7.024031573452070e-01	7.687834984477533e-01	4.665061228286969e-01	8.793640988317151e-01 
85769	1.357436245939432e-01	6.607154969408715e-01	3.232884389922435e-01	9.056817646630489e-01	2.192533417694519e-01	7.245206128454398e-01 
85770	1.860299562970316e-01	7.608251496035723e-01	4.304163001619355e-01	5.157091568762945e-01	1.107712463060260e-02	2.162662102916586e-01 
85771	3.023420261695711e-01	2.498254735254801e-01	7.355561092195828e-01	9.958491451087637e-01	7.630707089617247e-01	1.419473472712316e-01 
85772	2.943474423579627e-01	1.617986076333554e-01	1.742048329553589e-01	7.002714409959835e-01	9.060594033943766e-01	3.374660817615064e-01 
85773	7.293902732103087e-01	9.856339101612726e-01	2.303307113378917e-01	4.317934305555157e-01	7.544174081433646e-01	6.968368341665887e-01 
85774	3.111575289215695e-01	8.901610327373077e-01	3.575523306417988e-01	6.344459679138129e-01	7.958427969346954e-01	5.768056724112507e-01 
85775	3.589665807592527e-01	9.818727532317270e-01	3.376308215491617e-01	7.893828809211882e-01	4.975819101080214e-01	3.487079461797643e-01 
85776	5.649090747185560e-03	7.999239362775925e-01	5.985334201709057e-01	7.412051999667684e-01	7.957730809206949e-01	3.616041286669691e-01 
85777	8.831525477036613e-01	9.012052281299630e-02	5.234027363003244e-01	5.735738019335893e-02	7.903919642746411e-01	4.294621392290398e-01 
85778	3.948234624205266e-01	5.197822370192885e-01	4.150960489246510e-01	6.251541737584184e-01	9.515756675748042e-01	1.695134566023543e-01 
85779	3.219910074593457e-01	2.627331964963736e-01	5.967448887400072e-02	6.795433381011445e-01	8.971791644101865e-01	8.555172862743574e-01 
85780	2.563490100467340e-01	2.561457447037779e-01	8.373900390404230e-01	5.939798315958957e-01	4.552862515930488e-02	3.349719486827831e-01 
85781	9.426877777756600e-01	5.117771590649044e-02	1.348958844947144e-01	5.412211974809045e-01	7.923829163389201e-01	9.306689658810706e-01 
85782	9.028253261478736e-01	6.755354635769201e-01	2.078948822840559e-02	4.262280619825367e-01	7.328928437702790e-01	8.111814525030467e-01 
85783	8.556902016772377e-01	1.277163057251444e-01	3.309636895223352e-01	2.707862501362275e-01	7.528704794835628e-01	2.825393566314780e-01 
85784	4.402997072042431e-01	7.486148647724720e-02	5.452725531278516e-01	4.999741960782438e-01	7.544048245783918e-01	4.424517175380381e-01 
85785	3.554914818869399e-01	1.075383415946450e-02	6.985974622418161e-01	1.928815209273629e-01	6.047336657553603e-01	7.441260878667822e-01 
85786	5.278534696101460e-01	5.474214435310203e-01	7.953038037732727e-01	6.627493545705216e-01	8.864264054626349e-02	5.876867196465315e-01 
85787	5.934183199859310e-01	9.914679671597983e-01	2.632221827577903e-01	6.142078082143365e-01	4.176960286766738e-01	9.961150269937306e-01 
85788	4.253892607173833e-01	2.733862298882502e-01	1.238313322532137e-01	7.563529502397184e-01	5.441724804901390e-01	8.767018122024377e-01 
85789	3.889230640553511e-02	9.844721876943821e-01	9.515632986796849e-01	5.841648599990480e-01	4.844463833069645e-01	7.059681232580767e-01 
85790	2.661657707142484e-02	8.399378656595656e-01	7.167219574175412e-01	7.252140393132409e-01	3.281938612126717e-02	3.214556231729014e-01 
85791	4.693401267143619e-01	5.606728557314131e-01	8.688770667039217e-01	2.646439304876346e-01	2.234222098362736e-01	9.575197072501852e-01 
85792	8.523306501341661e-01	8.168405298222046e-01	9.489876739443223e-01	1.155528328919564e-01	4.310483380365411e-01	3.666837026209960e-01 
85793	1.116678594200257e-01	8.564375987539243e-01	6.400699325092463e-01	2.354991916732393e-01	6.127905485279814e-01	1.842424125337239e-01 
85794	1.122010034100157e-01	6.516828549335165e-01	1.687145997624447e-01	6.376430208970062e-02	2.358477144669032e-01	6.531609835350705e-01 
85795	7.697324253477773e-01	2.624642915383281e-01	4.930988487289747e-01	4.864543822996572e-01	9.876783313172303e-01	5.259182348502419e-01 
85796	8.079100054725585e-01	4.570184575659309e-01	8.659109011599379e-02	6.767870717108190e-01	7.216623880535654e-01	3.100133004179286e-01 
85797	6.343067789610041e-01	5.739930381877315e-01	1.268538297744718e-01	5.832944524396650e-01	6.895458710796879e-01	5.579021678110129e-01 
85798	9.499781550606611e-01	8.012137304997136e-01	4.143397660992759e-01	5.900480875699073e-01	3.671292170729158e-02	2.713031416159603e-02 
85799	7.742905001036313e-01	1.489139255829686e-01	6.788131695607739e-01	9.430051003317372e-01	2.126782276726692e-01	9.146608840276771e-01 
85800	5.961660834011464e-01	9.824106530204465e-01	1.771251755660051e-01	8.926493166445984e-02	4.688650348544424e-01	1.648035064175741e-01 
