15201	4.066903593049805e-01	9.547320175705161e-01	1.443743664512291e-01	8.639655606187719e-01	6.607836916394456e-01	2.949843692104259e-01 
15202	6.445885145313053e-01	7.119717820137608e-01	6.579055267655783e-02	7.776732113108380e-01	7.096390704203579e-01	6.198742248210470e-01 
15203	5.231238759696130e-01	7.866250890244847e-01	1.858489504949418e-01	9.558191643822096e-01	3.546644148205707e-01	7.118752746432438e-01 
15204	7.111463699076075e-01	1.016834616203250e-01	6.295748639989527e-01	7.618493418031602e-01	4.374990325595713e-01	6.646721673499197e-01 
15205	9.619986275034019e-01	7.929296310958125e-01	7.003379183357292e-01	5.498003068146298e-01	8.656863034077391e-01	6.714064970945038e-01 
15206	5.090058452957337e-01	2.723766622470583e-01	6.261385146650199e-01	6.533802122126241e-01	1.363422224001690e-01	2.869222058388042e-01 
15207	9.483645814230500e-01	7.809307369314743e-01	9.988939878525650e-01	1.415513409960788e-02	5.586039482423123e-01	7.085330582729229e-01 
15208	6.340293589206549e-01	8.172782374626390e-02	4.951581468317463e-01	8.198783094155967e-01	3.754698766281223e-02	8.498225621179782e-01 
15209	5.317535835931793e-01	7.486933580360811e-01	9.515060237383033e-01	1.613284475921320e-01	5.105426993735799e-01	3.890050558322133e-01 
15210	8.260006149420518e-01	4.725413264113205e-01	1.819346864623645e-01	5.263385332777810e-01	2.234163276028895e-02	4.762098940444225e-02 
15211	1.977450299066235e-01	5.313474785216840e-01	3.199976521171619e-01	8.238835445716435e-01	1.847276902686468e-01	4.563398745173308e-01 
15212	1.108057504104477e-01	1.330922712260356e-01	2.372706114488051e-01	1.096997377973514e-01	1.472474053256435e-01	7.958745596911174e-01 
15213	8.182327960702743e-01	7.812767647119596e-01	8.776023834373813e-01	3.133909429020206e-01	6.011550736618950e-01	9.151493711001936e-01 
15214	1.632135045543376e-01	1.329086572550743e-01	6.638427286706132e-01	1.147195278269795e-01	2.942371048472063e-01	1.743854275785319e-01 
15215	5.037245841248541e-01	1.202377193235968e-01	6.469267544555136e-01	6.856592705872185e-01	6.465762526013777e-01	6.692683872158026e-01 
15216	7.332802604573221e-01	8.443212829736626e-01	2.006158652718253e-01	5.327791210882268e-02	6.682048270796448e-01	3.853435555404721e-01 
15217	5.096177866261535e-01	7.790105774900925e-01	5.184358272321689e-01	7.468883980749587e-01	8.887103157531052e-01	6.656832325578124e-01 
15218	5.427629573004148e-01	7.069431113577183e-01	4.469599968041107e-01	4.203653402721348e-01	2.033405379407762e-02	4.811507046600574e-02 
15219	3.355147113723283e-01	1.835475583484152e-01	1.810237277210801e-01	9.993574400429416e-01	2.982670866410561e-01	4.752608325682864e-01 
15220	1.737428676214735e-01	8.019916707659102e-01	5.954985518918832e-01	8.206696220769871e-01	4.876509408874675e-01	2.420748044932609e-01 
15221	4.899380088271285e-01	2.209312008791283e-01	8.639608700126228e-02	6.905538745646150e-01	2.742091129879510e-01	7.546009140809071e-01 
15222	7.589742963942579e-02	7.838269000797657e-01	5.336114915709996e-01	5.943332568715947e-01	5.307152976890631e-01	4.223218068584436e-01 
15223	2.600164894294070e-01	7.347825498947792e-02	1.292649177505006e-01	7.069764862335177e-01	4.938435952616127e-01	1.495989720102395e-01 
15224	7.550915566995235e-01	8.293583066339411e-01	3.331465303586547e-01	9.361152844206035e-01	8.287157466768826e-01	6.314136169997108e-01 
15225	4.113761165232286e-01	2.458613832694764e-03	4.334052872999596e-01	6.874668415111801e-03	8.231282359096819e-01	9.210562286530883e-01 
15226	2.489494729083727e-01	3.130662442711490e-01	1.419874290665553e-01	3.353455599096350e-01	3.620118370102774e-03	4.161965425201676e-01 
15227	8.994647352488082e-02	7.951754847518985e-02	2.000234421342720e-01	6.235579650958805e-01	6.738508053467845e-01	7.307387398233351e-01 
15228	4.587977148866270e-02	9.338672947761916e-01	8.042169948128132e-01	1.751446897048246e-01	6.408437810097094e-01	2.980605900744258e-01 
15229	3.247436617150640e-01	3.959353372435716e-01	1.274188962427056e-01	6.578901920737187e-01	3.320506216641751e-01	9.561346429195882e-01 
15230	2.893038090734295e-01	7.434267381874038e-01	9.585932567522830e-01	7.227090963733891e-01	7.503014066025155e-01	7.817214921963036e-01 
15231	6.437653245608160e-01	9.992508795108883e-01	9.478773646745260e-02	7.857527540930327e-01	3.345964389548620e-01	9.840785483755538e-02 
15232	2.019492961475390e-01	4.245429129454041e-01	1.779254033127452e-01	4.019727382818110e-01	4.810087757562328e-02	8.517762091251910e-01 
15233	1.327114776394849e-01	9.398064952994727e-02	7.856435034357214e-01	9.369284729179593e-01	2.691253392347718e-01	4.264872839797695e-01 
15234	2.349890625267239e-01	5.938690009498359e-01	8.224226216890023e-01	3.624079587694294e-01	2.517591925578933e-01	1.544732428875162e-01 
15235	3.185426016890177e-01	5.410630016313228e-01	8.978999810749199e-01	2.771358579756393e-01	2.637720980047119e-01	6.482013876774355e-01 
15236	5.885735017194289e-02	9.075374225655279e-01	6.474522667226625e-01	1.536450866393955e-01	6.932901761928993e-01	9.820487061431858e-01 
15237	2.520529414769508e-01	8.952394723404382e-01	4.065916186229287e-01	4.299783452553574e-01	2.972122101565880e-01	4.546924961985520e-01 
15238	2.817545539148872e-01	4.299236882617342e-01	5.486731457284992e-01	6.739805688494727e-02	3.668521607140322e-01	8.177984849632710e-01 
15239	4.938853413303780e-01	6.018412232407561e-01	4.116674854474456e-01	3.163079625537191e-01	9.642491820101855e-01	6.634266784710002e-01 
15240	4.707812054412352e-01	2.827917832335419e-01	2.044896796366618e-01	3.686811860504938e-01	5.599276416748425e-01	4.682617776413736e-01 
15241	1.688257326226801e-02	6.187849918467854e-01	3.757992002069015e-01	6.643348404505918e-01	7.724300784861809e-01	6.908937593413954e-02 
15242	6.463835461281163e-01	2.448301949747047e-02	9.643288487402391e-01	5.297516428538373e-02	4.544613647528278e-01	2.615410584311658e-01 
15243	5.076676604839356e-01	7.362159186677150e-01	6.914647466928999e-01	5.634080621243492e-02	8.036139760183235e-01	5.831690694127088e-02 
15244	8.741392911757060e-01	2.974993168830403e-01	6.601581301820270e-01	2.858067766231516e-01	6.138072794367593e-01	6.244073121922125e-01 
15245	9.492334550941519e-01	8.458848441233323e-02	9.071990954257544e-01	1.537231342651523e-01	4.532696704628271e-01	4.671267366349356e-01 
15246	6.219849123721872e-01	4.701522441907564e-01	8.591172801605972e-02	9.977841125790887e-01	1.344870841756869e-01	8.583418065022406e-01 
15247	6.687348804756696e-02	7.808706303038032e-01	8.828248264653724e-01	3.120233632214476e-02	8.338457945891870e-01	3.372861907525390e-01 
15248	2.927433952189719e-01	3.415134546074613e-01	7.350210942025395e-02	9.842081419118718e-01	3.978542608198962e-01	8.771160854385776e-01 
15249	4.252504885314268e-02	2.719935519956022e-01	1.746154018559565e-01	7.026831790351696e-01	5.578003286187538e-01	7.884226812927158e-01 
15250	3.270904907617208e-01	5.070337832472445e-01	8.730111657050490e-01	2.342895861874752e-01	6.607569175123967e-01	3.262808357022148e-01 
15251	7.014163228224107e-01	2.827418294189227e-01	7.964330798929711e-01	7.873280513041317e-01	2.805259415323501e-01	9.309201640686580e-01 
15252	6.456698573407111e-01	3.473994300455784e-01	7.117907939067999e-01	5.284946833404222e-01	3.786017663677231e-01	5.456365880303256e-01 
15253	8.657808745586224e-01	6.713451615866950e-01	8.871500431034481e-01	9.392829839788763e-01	6.555533034985668e-01	2.850043034576831e-01 
15254	8.163990689517926e-01	6.980783523517095e-01	5.569978554532853e-01	9.910144708077491e-01	4.007615309212177e-01	1.147981836063779e-01 
15255	7.794371516348035e-01	7.278520221485999e-01	6.218319668536223e-01	6.524483168741914e-01	9.621416083360750e-01	2.825888843660191e-01 
15256	9.787291525764061e-01	6.635579306928245e-01	5.653307137849418e-01	7.751622324693772e-01	4.508859815312950e-01	8.458566557829532e-01 
15257	7.060823960723739e-01	9.655583887200608e-02	1.932560853628703e-01	4.178731899791738e-01	6.250505222124283e-01	5.718578517305934e-01 
15258	9.635097780094993e-01	4.908313963053894e-01	2.432030133172884e-01	8.506598206472862e-01	4.301143798186045e-01	8.987563168158551e-01 
15259	1.356641241049693e-01	2.465134483047358e-01	5.968346687019033e-01	6.926619795582546e-01	2.375279186468236e-01	9.975961996231211e-01 
15260	8.074601636302937e-01	1.696506981596587e-02	7.254482213060596e-01	4.292921300182548e-01	6.694133866901572e-01	6.875898291764734e-01 
15261	7.118810143842739e-01	6.481425392665633e-01	3.511477598692979e-01	2.772117281692157e-01	4.233047712702792e-01	8.020337414005928e-01 
15262	1.230683834865076e-01	1.293871668769918e-01	8.985895802725989e-01	3.163244688493779e-01	5.472603568561656e-01	5.236401024850272e-01 
15263	8.881823205799714e-01	5.107701348656649e-01	1.447149832475535e-02	1.313853334315984e-01	3.614299550472898e-01	4.445858786090212e-01 
15264	3.014164978179226e-02	4.970940791522591e-01	6.910993269137570e-01	6.269763184836955e-01	1.897560587105137e-01	9.286272460262418e-01 
15265	6.245725181068166e-01	9.972162223408074e-01	9.455923158422077e-01	3.500207389472149e-01	4.265083518934009e-01	6.150057025323649e-01 
15266	3.761056812368826e-02	1.383893662776748e-01	2.631482413332668e-01	3.887583279929861e-01	4.156010944468906e-01	6.864530126035461e-01 
15267	1.907920689279177e-01	5.386694779333983e-01	8.158401794805379e-01	8.938164920051658e-02	8.549939467827762e-01	3.631005363367035e-01 
15268	6.130217516855438e-01	7.431762668970862e-01	8.738706712023684e-01	6.274932500102991e-01	8.745616007943459e-01	2.353006257839969e-01 
15269	7.207912815365899e-02	9.047032505761381e-01	7.323947054019173e-01	7.631784555330772e-01	5.316795690598337e-01	9.221507641124310e-01 
15270	6.918057010936577e-01	1.562520867009890e-01	9.193669859875772e-01	6.373980164702041e-01	5.062728256482039e-01	3.458753374153168e-01 
15271	2.524037185369077e-01	5.438833937718921e-01	4.842647036929916e-01	5.155519598701745e-01	9.326417217648783e-01	8.998657981398822e-01 
15272	2.020049720080593e-01	1.234337906927959e-01	4.385352756076191e-01	1.784515148859711e-02	2.128154398933125e-01	2.935292219247340e-01 
15273	3.809456878253006e-01	8.258371915788563e-01	3.670548882182012e-02	2.548163585620077e-01	4.533304411234941e-01	9.112670896161660e-01 
15274	4.901169843460046e-01	5.254095697428144e-01	8.159703397266429e-01	2.225116892822607e-01	2.885880248102304e-01	3.476499083208153e-01 
15275	1.446624529290304e-01	9.803937259038881e-01	5.039019950218042e-01	6.402943845094621e-02	6.177917419084309e-01	1.017482067000811e-02 
15276	4.099047763319242e-01	8.701954609109999e-01	5.540582144419003e-01	8.941694800249159e-01	3.857474203155131e-01	4.866999362067785e-01 
15277	7.940352781647980e-01	5.877523927892336e-01	6.101337268995743e-01	2.325705533067559e-01	6.055975442778307e-01	8.229491667928869e-01 
15278	5.260997756971511e-01	9.865432321031313e-01	6.487863579060819e-01	5.628052645189712e-01	2.413595901994778e-01	1.021167985639147e-01 
15279	4.740723536694759e-01	7.314765745454824e-01	6.275263683067291e-01	2.900426929304575e-01	9.539882642934044e-01	9.161143931169595e-01 
15280	6.376926017169341e-01	9.865071675677352e-02	8.965081185551864e-01	1.415945962730770e-01	1.626801556733810e-01	5.142998604636173e-01 
15281	1.517694169430851e-01	5.725849320053052e-01	3.844953209089559e-01	7.058276318506467e-01	4.667544115645599e-01	7.702427412244690e-01 
15282	1.925275675917638e-01	2.607896892636966e-01	3.579951335480414e-01	8.026612944913382e-01	4.933602430361138e-01	9.635926778258722e-01 
15283	6.256104608185638e-01	1.946001826760360e-02	9.501359094633423e-01	2.743968182589844e-01	5.822652827865749e-01	1.914954991971587e-01 
15284	3.765136168228991e-01	5.633763599038945e-02	9.229720742083024e-01	4.039985129628324e-03	3.463803289208470e-01	8.769603380360456e-01 
15285	9.201543782465879e-01	9.840729306377810e-01	9.756110547928191e-01	8.166624968017743e-01	1.256675269108580e-01	1.382912100005388e-01 
15286	3.309623567997302e-01	2.774369438539431e-01	7.108761420058441e-01	7.154576777086862e-01	9.832645757045898e-01	1.776305535704040e-01 
15287	4.857004184674939e-01	1.757921428306923e-01	4.384202428341006e-01	8.436955524811967e-01	9.784534373220305e-01	9.317804858702144e-01 
15288	8.072882298414075e-01	6.040638976749331e-01	9.512405041378180e-01	7.574241393047497e-01	8.784607159339174e-01	5.335057864587315e-01 
15289	9.489196385019084e-01	2.549743327568166e-01	5.898434224491210e-01	8.718917122445496e-01	2.590143178864449e-01	9.362237518356292e-01 
15290	7.488520498149339e-01	1.791686956673715e-01	9.202966820077489e-01	7.244631046077530e-01	9.958311924691458e-01	4.596420845294567e-02 
15291	8.627543146082919e-01	3.267935488032147e-01	3.234011527725500e-01	5.736304566141360e-01	4.225122604623960e-02	3.066657280114786e-01 
15292	7.512610101845399e-01	5.279516449793948e-01	4.824578713078321e-01	1.896812525529793e-01	3.716471969949302e-01	4.609113081642013e-01 
15293	1.214617384231937e-01	1.789354263706763e-01	6.497520583913438e-02	7.270224209535039e-02	9.363595656754261e-01	9.434359217730518e-01 
15294	6.062080290197432e-01	8.852792041773345e-01	1.984102540642071e-01	1.960514510032029e-01	7.571709159562229e-01	4.574245719506519e-01 
15295	1.322752023731709e-01	5.060229657711568e-01	6.365932680836848e-01	5.257188438091980e-02	2.304860699132486e-01	6.324244600871691e-01 
15296	9.853609283386548e-02	9.324038405587914e-02	9.592180093560452e-01	4.219372456064155e-01	6.668708406700151e-01	1.469234936623478e-03 
15297	7.286029740835553e-01	4.181318503888938e-01	5.294208799160183e-01	2.110608449257262e-01	6.078131034075344e-01	9.010680769109484e-01 
15298	6.719721530899275e-01	7.292748418307280e-01	8.000350328162475e-02	7.369473589290619e-01	8.019770839260785e-01	1.636306849138954e-02 
15299	6.803832807021137e-01	4.081851124801604e-01	9.016422726687241e-01	8.787935347663208e-01	6.042365639490246e-01	6.588131886249470e-01 
15300	3.362181067169728e-01	7.365117663221954e-01	1.648361539304425e-01	9.728113748006576e-01	7.890836507031153e-01	3.953222238436910e-01 
15301	6.052358344221654e-01	8.876197440026420e-01	4.885626078995702e-01	5.644538433125493e-01	3.095569891433962e-01	1.554334485695853e-01 
15302	5.659230787148340e-01	3.815996276129036e-02	5.735652989584791e-01	9.534395816519109e-02	2.492208076870166e-01	1.813784019003522e-01 
15303	9.964120355418008e-01	9.211929612426054e-01	9.106532437310803e-01	7.641553835776427e-02	6.581403197060062e-01	7.126303276571586e-01 
15304	9.277860684915380e-02	3.385235999424586e-01	1.208154396716577e-01	9.944208799835391e-01	2.173171347087795e-01	7.250520036206823e-01 
15305	6.532340681428248e-01	5.535352414257523e-01	4.615637699428777e-01	8.180702220732673e-01	5.263466157607486e-01	2.506474201803316e-01 
15306	2.133924454512971e-01	1.315824497172527e-01	1.382671637173123e-01	7.019550533508673e-01	6.960362934954634e-01	4.478241533263699e-01 
15307	8.573885019204526e-01	2.619593717446361e-01	4.859841160876602e-01	4.309538008789317e-01	3.573033299098273e-01	7.352049242403381e-01 
15308	6.123322027792838e-01	3.537153649859668e-01	6.563978850172822e-01	5.229854465103640e-01	4.301309033437311e-01	3.145382042576271e-01 
15309	2.356157737018614e-01	5.229095106585461e-01	6.530618046657470e-01	3.564312133735191e-01	5.173303901764240e-01	8.703789393745265e-01 
15310	8.148321699420140e-02	1.705644578535876e-01	4.239141803346175e-01	5.430469869370791e-01	9.886346799268548e-01	9.502607960953661e-01 
15311	7.936944071174108e-01	2.020271249124907e-01	8.184324534695747e-02	9.319615713003844e-01	9.039821782633579e-01	7.778795388424208e-01 
15312	3.797857241610930e-01	7.613706801838105e-01	3.983891012139568e-02	8.657698402487533e-01	1.923244805970809e-01	3.971422404968842e-01 
15313	6.009747640234301e-01	8.046566833763648e-01	7.508576054828510e-01	2.573726485750510e-01	3.276421294210675e-01	1.809885088265820e-01 
15314	5.719108532983395e-01	5.632579031229289e-01	7.038980194851281e-01	2.249726574984252e-01	9.196891169621093e-01	2.212284091958908e-01 
15315	9.535159640729036e-02	1.172333490649394e-03	3.917928670494784e-01	5.192657767419079e-01	5.442193204277285e-01	3.804275465106720e-01 
15316	4.695265723716125e-01	3.379137270794780e-01	5.824546714231627e-01	5.513698177185701e-01	2.698752979142011e-01	4.864368492208593e-01 
15317	3.292493565609909e-01	6.496610220752941e-01	2.478075289390085e-01	3.690882666823865e-01	5.154308623240473e-01	4.401320095360894e-01 
15318	7.662305071792708e-01	1.164056258818161e-01	2.447886929124541e-01	5.170881126621217e-01	3.737782749225284e-01	5.724308223335216e-01 
15319	6.980766214887038e-01	9.456891282208679e-01	1.356887254564505e-01	4.019746405081706e-01	1.706617852536318e-01	5.537784195289847e-02 
15320	6.232030497040614e-01	2.660133816609221e-01	5.655017544354786e-02	1.499591628787849e-02	7.852791584028300e-01	6.007694958712764e-01 
15321	3.954234627985505e-01	2.548057303087812e-01	9.386832229507543e-01	9.778781342217131e-01	8.061755480273513e-01	2.085585208649554e-01 
15322	4.643149829769111e-01	1.354249041226809e-01	8.582195429402495e-01	7.121225123815809e-01	5.045131712707287e-01	3.736504047986355e-01 
15323	1.522545214520090e-01	2.707436779843381e-01	4.900560311461128e-01	3.970432143644631e-01	7.878317906464598e-01	8.638343060686413e-01 
15324	9.694740371636460e-01	4.859084116695022e-01	8.095234338238478e-01	1.051627621544352e-01	8.878830521776727e-01	9.801852190774797e-01 
15325	1.605406041073336e-01	5.110861014160728e-01	2.461986002727405e-01	2.170907795508815e-01	5.260820177039514e-01	3.147775820990920e-02 
15326	8.178602754221579e-01	9.215054805025018e-01	2.862834885186905e-01	7.565434979072508e-01	8.993836142585536e-01	9.245903608038045e-02 
15327	9.651020187722062e-01	3.636985972354648e-01	2.278839406687226e-01	8.233215617124557e-01	7.582110915138437e-02	7.323971119394512e-01 
15328	1.969719660454299e-01	2.280756306033934e-01	3.140789458128060e-03	6.870279971915427e-01	6.251188454335177e-01	7.909725805702491e-01 
15329	5.508623027945228e-01	5.945928821315024e-01	2.768809917740901e-01	3.603857361527094e-01	6.997556442859376e-01	1.647640439517629e-01 
15330	3.405709547645277e-01	8.602962483932712e-01	6.758501453678357e-01	5.867695550372682e-01	7.738702747849144e-02	2.019321630717871e-01 
15331	6.182473132471774e-01	8.952473029006492e-01	1.234376431086276e-01	9.045308017658679e-01	6.517908003422389e-01	2.282125736718124e-02 
15332	9.969898383119096e-01	6.168928191144452e-01	3.865198546026460e-01	2.248737785149709e-01	4.402143803612396e-01	4.623409637540304e-01 
15333	9.572708904544222e-01	6.371863464066695e-01	6.904165943574238e-01	9.604116799125503e-01	3.242143435982123e-01	3.155354393252802e-01 
15334	7.513842600171381e-01	8.750766463927350e-01	9.101283214567827e-01	2.826525179122819e-02	2.354623825454444e-01	6.098839652770590e-01 
15335	1.930292957429910e-01	5.760333373099721e-01	4.701802132046689e-01	8.688794411108268e-01	1.628028923472403e-01	5.475672406831603e-01 
15336	7.081160371695254e-02	7.810502055944177e-01	4.428145431181484e-01	1.942492472912414e-01	6.855810073602856e-01	9.460534346038725e-02 
15337	2.170705046584227e-01	6.825708452065340e-01	7.114981625748324e-01	6.035903592610686e-01	9.074446237215049e-01	1.517125424704107e-01 
15338	6.593132254943779e-02	8.647155137102658e-01	7.888988888770803e-01	7.563479169068615e-01	8.251271931571547e-01	1.131132320096312e-01 
15339	7.188335623214177e-02	5.765114531742928e-01	9.881898788680276e-01	9.820116776889245e-01	6.047767049655209e-01	2.236522609478106e-01 
15340	5.918956429659834e-01	7.978060007085120e-01	7.996855982577827e-01	6.207585570499108e-02	6.666854413536775e-01	9.624884906050230e-01 
15341	6.096430968538127e-01	7.374970455362914e-01	7.435386961994407e-01	5.245763950629981e-02	9.317462928275327e-01	4.291197030940651e-01 
15342	1.470629829666870e-01	1.488167970202942e-01	1.116905478349377e-01	8.585611455415194e-01	7.524071562813628e-01	1.913517109078130e-02 
15343	1.027368754626889e-02	8.183384788308006e-01	8.838506848010470e-01	7.991725768890104e-01	5.746863952720008e-01	7.089778774925405e-01 
15344	9.122858088986416e-01	6.465697515041426e-01	2.854893302011720e-01	9.004756873010079e-01	6.285814291930671e-01	8.902660351666929e-01 
15345	1.241279477831572e-01	2.204770716933892e-01	6.880720354095436e-01	9.238135465066012e-01	2.825529273983803e-01	3.547574767632212e-01 
15346	8.863020366459629e-01	8.921960242521930e-01	9.225452183385124e-02	6.298407323797424e-01	9.446536642241542e-01	2.400081419572272e-02 
15347	5.896043500814607e-02	9.171664672517993e-02	1.728176112160169e-01	1.706509828430838e-01	9.502777927323607e-01	9.252247674973797e-01 
15348	1.897861539338651e-01	9.605514802786296e-01	7.435632458625190e-01	7.363683826925085e-02	7.597240567019787e-01	3.182496406688586e-01 
15349	7.826147162274526e-01	6.720098656006204e-01	9.648193926386626e-01	6.810404596296328e-02	5.724855524359669e-01	5.934008213660683e-01 
15350	9.583700815953174e-01	6.966135006847854e-01	8.138778930594576e-01	6.464421165391999e-01	6.204270467257254e-01	9.643081999217663e-02 
15351	1.199592836759795e-03	5.067290829060269e-01	9.886268447100310e-01	9.345411467061104e-02	1.365698152857692e-01	9.332805084685238e-01 
15352	1.174549288663338e-01	1.955302502939153e-01	2.499715472804250e-02	2.902725400823506e-01	3.661812336026604e-01	9.752749474604032e-01 
15353	2.154973071140690e-01	5.559673875365254e-01	9.358264277390328e-01	9.590605529765881e-01	6.296042262714376e-01	6.955504839753501e-01 
15354	2.773101936454467e-01	4.122189420332289e-01	3.675603491103092e-01	2.421295858184479e-01	4.803229879961922e-01	9.400459020119374e-01 
15355	8.355304071845163e-01	4.386930691258484e-01	6.366594022310615e-01	6.494082997783126e-01	8.513518566504828e-02	2.570864484911256e-01 
15356	7.458391197704892e-01	8.633477850180807e-02	7.638155313971525e-01	7.344659640148590e-01	1.797888936380804e-01	9.003853466829217e-01 
15357	6.677464720177215e-01	2.972438225044142e-01	9.591559697683695e-02	6.927436272114252e-01	5.875163630524260e-01	4.620968305794973e-01 
15358	6.680185742061672e-01	8.030136701664951e-01	1.806421765036146e-02	6.038450014795387e-01	7.620742231430832e-01	6.476684439217990e-01 
15359	2.993954854548888e-01	3.938441632286851e-02	5.988738548936666e-02	6.669558345651980e-01	2.815140021413164e-01	5.402103739512202e-01 
15360	6.070017361114741e-01	1.170444088601714e-01	9.789034430770686e-01	2.436611378768744e-01	7.664527086384840e-01	6.403862827645551e-02 
15361	5.007475863680000e-01	5.122918279433120e-01	1.503734072439249e-01	2.645631177651524e-01	2.467577919581709e-01	3.301623008820053e-01 
15362	1.649484639824128e-01	9.145042639758924e-01	6.274061233864194e-01	2.608640609592497e-01	6.072478907216563e-01	2.149224859731842e-01 
15363	7.229608915387471e-01	2.752664649278235e-01	1.793615613967933e-02	7.410251096547699e-01	8.791114664073622e-01	7.800103792827625e-01 
15364	3.886935531109076e-01	1.785069513965896e-01	8.193947956056310e-01	4.485809390659355e-01	8.454627864274489e-01	1.009087972812861e-01 
15365	9.887913130171556e-01	4.524645220732617e-01	2.179532061414575e-01	9.676947556285629e-01	6.961256604157974e-01	9.844059147799415e-01 
15366	3.173338390501839e-02	1.968732463181360e-01	4.966977422575922e-01	1.821067911489433e-01	4.614363640832884e-01	7.434555342157630e-01 
15367	5.122690920309485e-01	6.263848285313625e-01	6.579597981916553e-01	1.396752149517067e-01	8.872488894906123e-01	2.652076884476504e-01 
15368	3.545977013905522e-01	6.102097810293593e-01	5.404741533754739e-01	3.725338575302315e-01	3.512348902184679e-01	4.195856197828360e-01 
15369	1.525442363473327e-01	7.399284433293755e-01	5.980925711794256e-01	9.719390319529637e-01	1.885093819296497e-01	4.435553571412132e-01 
15370	7.284782876858853e-02	1.773006944811440e-01	8.960198796801362e-01	2.908010349100461e-01	1.449954501097069e-01	5.921455396302722e-01 
15371	2.752069492243263e-01	1.767288340147253e-01	7.890187859484082e-01	7.719046914819184e-01	3.588356251636686e-01	2.504551500316966e-01 
15372	5.153602256976814e-01	8.711047171946171e-01	8.768399785630591e-01	1.733200234236754e-01	1.077993168066253e-02	7.640888675880101e-01 
15373	4.385277118713258e-01	3.653776330712147e-01	3.742986481517082e-01	9.790018657124610e-01	7.379114906014462e-01	7.255335383701760e-01 
15374	3.985874850296357e-01	8.904557269487789e-01	4.654619816995514e-01	9.966800562090613e-01	8.623947584360814e-01	6.539713636292012e-01 
15375	4.402354133502745e-01	9.352425872046699e-01	8.312720585760065e-01	3.362552925647494e-01	2.260436216490546e-01	9.762675086857134e-01 
15376	9.284008321950216e-01	5.012505708733809e-01	1.529963422347775e-01	7.174196176777685e-01	2.731552623552993e-01	5.118319673984461e-01 
15377	9.678747677094651e-01	7.885154880529808e-01	3.829366841274019e-01	8.447147458068629e-01	9.618355114766562e-01	3.937166158080644e-01 
15378	6.088036133948730e-01	4.003632228823207e-01	7.590942493449404e-01	9.831022615465812e-01	3.793650881291205e-01	4.970057394807254e-01 
15379	7.086357999167572e-01	7.779525731587562e-01	3.874614664295043e-01	1.740977811506473e-01	7.746326293678175e-01	2.498562243999244e-01 
15380	8.280691447798485e-01	2.148680422524307e-01	1.850988116045943e-01	6.593412028901936e-01	5.511233348171801e-01	4.111424332536489e-01 
15381	6.356087111102457e-01	4.795241665465404e-01	9.123930045926911e-01	7.886050533450232e-01	1.969437837586476e-01	1.855482664823291e-01 
15382	3.004370202778079e-01	1.648185514681128e-01	9.740637545353099e-01	6.833737044052098e-01	9.533296809314423e-03	9.358992655463048e-01 
15383	7.709032021327425e-02	6.183369102041875e-01	3.362624879629642e-01	8.361845695582146e-01	6.014391717507687e-01	7.156275765577460e-01 
15384	3.331903085732787e-01	3.100749712018645e-01	4.935801492508408e-01	7.206517750027831e-01	4.841727523525118e-01	2.682127781529970e-01 
15385	9.705079998683688e-01	3.122418966666990e-01	4.830808204054278e-01	1.556068110073017e-01	9.715831000225540e-01	3.420415475694656e-02 
15386	5.667492442609506e-01	6.071918106671385e-01	5.137283213034870e-01	4.791422483879804e-01	3.957968640121617e-01	7.106721055277959e-01 
15387	6.646905148703095e-01	6.962338842899697e-01	8.754906569959087e-01	6.387542689399581e-01	3.796075886951795e-01	8.850239538052231e-01 
15388	5.746535340206016e-01	4.566979089084537e-01	5.033608640094105e-01	9.109160224492271e-01	2.928824780010071e-01	1.048000352945179e-01 
15389	6.265435985413117e-01	6.260727865742859e-01	4.148750064963824e-01	1.201237473264913e-01	3.467245615770689e-01	8.990477588488943e-01 
15390	3.883365259451496e-01	3.172325609797764e-01	2.112896550499320e-01	8.714173463505773e-01	4.728393719870780e-01	1.828727546068247e-01 
15391	9.056215015731852e-01	3.958861578236735e-02	7.900645657396245e-01	4.193498224110109e-01	5.187308646360090e-01	1.858614292861248e-01 
15392	1.300219274731455e-01	1.834213790406573e-01	8.820953135760945e-01	5.512584003392879e-03	8.221756484462767e-01	2.617029018056127e-01 
15393	8.905365382742773e-01	3.968291820012169e-01	7.184008107140664e-01	3.938974018180265e-01	3.077452039847827e-01	1.128328824941222e-02 
15394	4.986974371125444e-01	9.342888025260944e-01	6.373560752893593e-01	9.135724436089269e-01	5.441254985258567e-02	9.840806368664282e-01 
15395	8.126202019921598e-01	4.427490757977353e-01	3.013131973805433e-01	2.390985657643055e-02	3.141664216826514e-01	7.741525693676213e-01 
15396	2.067826116489166e-01	2.197879227901753e-01	8.137411851499887e-01	9.968471773885410e-01	6.391377456668474e-01	3.324720493203365e-01 
15397	1.827086062090046e-01	7.691596731399929e-01	5.158934288266550e-01	6.480391931943778e-02	7.746722576090471e-01	3.380690768072703e-01 
15398	3.265068215907118e-01	6.652087954176631e-01	7.348982588084872e-01	4.490763183911686e-02	5.910619677002830e-02	4.264346279326987e-02 
15399	5.619092055419037e-02	5.578036338825727e-01	9.769322653193643e-01	6.935469958435497e-01	4.713760770258382e-01	3.134481470628866e-02 
15400	6.776276322443167e-01	2.839962785523367e-01	4.740938905040240e-01	9.789408296248600e-01	3.079061351287673e-01	7.882603126523365e-01 
