43401	8.847125525980780e-01	5.224956164706943e-01	8.955183820312462e-01	3.802943510842949e-01	6.365268075077454e-02	4.553390398879252e-01 
43402	4.786414692544572e-01	8.593226647280727e-02	9.406243450663165e-01	5.600450772606046e-01	4.574670272215581e-02	6.829618470198298e-01 
43403	6.970786101636843e-01	8.562471223325688e-01	4.470555174383593e-01	4.528871599831093e-02	2.142557335152550e-01	6.169371649701787e-01 
43404	3.571252014288330e-01	7.737138526391768e-01	4.917436859066336e-01	2.183886897835828e-01	8.671486917264520e-01	6.884967310766209e-01 
43405	6.515723097378259e-02	2.540130518628345e-01	8.260368922846564e-01	6.873519358631931e-01	3.526187317225238e-01	8.453576750333224e-01 
43406	6.759850744511863e-01	2.373312838549406e-01	3.678532915040167e-01	5.715034564824325e-01	6.176256349392355e-01	4.315059722547913e-01 
43407	2.684249590469641e-02	9.626710419369261e-02	5.174382387275985e-01	9.674668409710130e-01	6.563121814542973e-01	5.631849414497544e-01 
43408	6.504286879908427e-01	3.533907911523202e-01	4.194320637823232e-01	9.748420496354075e-02	3.986795071506312e-01	6.336877972975782e-01 
43409	7.144213699337194e-01	7.558047085794642e-01	4.074016494710938e-01	2.061650553746918e-01	9.741933983630470e-01	2.745503411975458e-01 
43410	8.946617864513127e-01	3.935062933682959e-02	5.285633930603804e-01	7.206986782703076e-01	7.267025652000226e-01	8.811821247829041e-01 
43411	5.660563533036300e-01	4.026876396512090e-01	1.185134081721834e-01	9.339096448076468e-01	9.741910961336415e-01	7.361390431114189e-01 
43412	3.654156165967768e-01	1.033591572676595e-03	8.324061473051114e-01	8.828538553243753e-01	9.685004325436896e-01	4.887183282937474e-01 
43413	4.460387967741298e-01	6.189291200688710e-01	8.421091194460677e-01	8.654708605564529e-01	7.164133250324117e-01	2.407886265966988e-01 
43414	4.991586573883698e-01	4.308346945004699e-01	9.965933351761630e-01	9.065603068594636e-01	6.369997503408230e-01	9.707867335392101e-01 
43415	1.811106475913481e-01	5.316615363264743e-01	1.013736241037835e-02	7.096740406517285e-01	2.523602145967820e-01	7.368399276104011e-01 
43416	5.908561649689712e-01	8.184165679004121e-01	1.395275667959487e-01	7.093695731411547e-01	7.523262122423976e-01	1.137186624639289e-01 
43417	4.455086162525735e-01	1.177418283735131e-01	1.147522540366055e-01	2.779147630920237e-01	5.956832322271928e-04	8.325268658029507e-02 
43418	7.666330918514324e-01	4.466344800063570e-01	7.021818066491661e-01	6.087422108318388e-01	3.121053400971486e-01	4.185951316815778e-01 
43419	8.495308374285376e-01	8.112639974855185e-01	8.494298261820478e-01	8.461241726047006e-01	7.178243043449820e-01	4.864295760572094e-01 
43420	8.169109056782494e-01	8.989349519363301e-01	1.809111238368373e-02	8.270482680886277e-01	6.086089925880586e-01	2.704513269804657e-01 
43421	5.638881952333675e-01	1.994651570913685e-01	8.886789441521648e-02	7.034157624949775e-01	9.088347306981844e-01	8.411941066576141e-01 
43422	8.171344249589063e-01	3.543433464850966e-01	9.589359350311272e-01	9.318866794611731e-01	6.322581095771204e-01	9.595316182633543e-01 
43423	1.513936557580687e-02	3.988912009628914e-01	4.061660982697113e-01	7.173211722249729e-01	7.633411794730188e-03	7.182714383668599e-01 
43424	1.359163034408895e-01	8.571642492232677e-01	5.295354358523784e-01	9.853461300885985e-01	7.032884213623071e-01	2.473597397316991e-01 
43425	4.717757056801467e-01	5.201993265748952e-01	1.462946912023680e-01	4.898668180638304e-01	3.472475941978617e-01	7.549036837904266e-01 
43426	7.603181450442961e-01	9.111357898968904e-01	9.543688413474564e-01	8.491860394595125e-01	6.145515519262066e-01	8.632035715799795e-01 
43427	6.903801456514653e-01	4.316859764194516e-01	2.175469175994149e-01	6.493160802169312e-01	3.635726554149634e-01	8.498050271765353e-01 
43428	6.088476984802855e-01	3.787120209907703e-01	2.486962281394267e-01	1.501379628433557e-02	9.603319321574326e-02	2.563296399341569e-01 
43429	7.332852346511954e-01	2.319494966566328e-01	1.134938886917633e-01	2.628206700379125e-01	2.172956262795700e-01	8.167823105197317e-01 
43430	5.101804097696117e-01	6.890713324253780e-01	3.369816366289657e-01	6.564751014376409e-01	1.789381500235471e-01	6.842292312924886e-01 
43431	4.113787847624061e-01	9.392562955335044e-01	5.953650207237178e-01	3.657476256442012e-01	7.884423345273558e-01	2.099165721842631e-01 
43432	2.289511967585195e-01	4.788224801788211e-01	6.416025486037147e-01	4.464981143579344e-01	1.281385599300910e-01	5.175204018678146e-03 
43433	2.963031415344696e-01	7.369862584103766e-01	3.838872250094484e-01	5.449993696738963e-01	7.520000546947122e-01	4.799204182251917e-01 
43434	8.013290096080531e-01	4.852852893459076e-01	7.118699153474858e-01	9.148228982998164e-01	7.481059593838202e-01	9.291655416270558e-01 
43435	7.316052083538870e-01	2.582863691534318e-01	6.182368735867724e-01	6.858684498285263e-02	9.147614705910727e-01	7.971750240759807e-01 
43436	7.528160762753412e-01	3.261402548878176e-01	7.364313191438240e-01	3.481810965333977e-01	6.918878809976801e-01	5.248736532055185e-01 
43437	5.580976687176608e-01	9.208390777561996e-01	3.696132918678286e-03	1.997002168557142e-01	3.673371921141340e-01	1.318346933144306e-01 
43438	2.048754208743923e-01	6.636403336486035e-01	8.688209517248072e-01	5.887626463495022e-01	2.086397028568386e-01	6.208210064195194e-01 
43439	6.868306410903254e-02	9.968711999230419e-03	1.061062952997658e-01	7.805529794565182e-01	9.247916102990469e-01	8.542122546835860e-01 
43440	7.097185210835740e-01	6.563968186529339e-01	1.124986233713565e-01	3.279553942046852e-01	7.249836636357865e-01	2.726009349676785e-02 
43441	1.251304178150047e-01	4.777997394454664e-01	3.534003488502467e-01	8.615617369588287e-01	8.259808359788642e-01	4.528822938226547e-02 
43442	3.864353901643471e-01	3.840785042308636e-01	9.661273071384651e-01	3.901315230830253e-01	5.837787210865778e-01	3.334644987869377e-01 
43443	5.219662163974560e-01	7.886541424266315e-01	9.971048324355413e-01	3.907871681222632e-01	3.774167883104723e-01	2.057445348267185e-01 
43444	1.160817407612138e-02	4.460998524195048e-01	2.157132468259489e-01	1.177144693758872e-01	2.266528318760231e-01	1.405048571249958e-01 
43445	9.719267240594731e-01	9.363713529595972e-01	7.969016757779297e-01	8.442534743082959e-02	2.643267466986211e-01	5.218853389480549e-01 
43446	1.116854409275974e-01	3.894571649792870e-01	9.996850783935213e-01	4.650857897778441e-01	2.510189014724544e-01	8.256659139067242e-01 
43447	5.103740191601096e-01	6.374542916368015e-01	2.097444176719265e-01	4.765013262985746e-01	2.758581471982683e-02	7.935231387585043e-01 
43448	8.099658250855123e-01	5.495520311172828e-01	5.821772807194745e-01	8.070706575210536e-01	9.403391992395460e-01	9.595940690299468e-01 
43449	1.281519188211076e-02	9.519473733156675e-01	4.056939214494517e-01	2.285284391737210e-01	6.966184222589333e-02	6.323467533254749e-01 
43450	3.690332962987168e-01	4.158856628536645e-02	5.687181058194107e-01	1.659349716109852e-01	1.260139137161961e-01	8.330448525180317e-01 
43451	6.878203105590400e-01	2.376993546437935e-01	2.225020170316575e-01	6.875053884869001e-01	7.027851448872989e-01	4.735209189697732e-01 
43452	5.131713019279629e-01	2.131591635817472e-01	1.109752101409134e-01	7.229157195998894e-01	6.896604898803218e-01	1.385610248607402e-01 
43453	5.164388578927326e-01	4.996263149658340e-01	6.881130564436843e-01	9.861613861220710e-02	3.066969720212263e-01	6.284522552175691e-01 
43454	5.821020717649265e-02	3.195121639033370e-01	5.803996285332365e-01	4.639041286259443e-01	5.480406030770580e-01	6.500614707591298e-01 
43455	9.625088148575783e-02	9.170738993757749e-01	6.916500370444963e-01	6.649689873051685e-01	8.300887052109879e-02	8.176639507606923e-01 
43456	4.980138398232003e-01	7.708291810801389e-01	5.536330540448581e-02	7.205158568548579e-01	4.583345691013777e-01	7.581484502917847e-01 
43457	1.940367753589697e-01	9.715058710293406e-01	9.713076138735318e-01	3.050119859655444e-01	6.944215901635687e-01	6.609681037538536e-01 
43458	4.435730108262845e-01	2.108604480563013e-01	1.605944182540264e-01	1.316860668043076e-01	3.094765866685084e-01	4.672913902752527e-01 
43459	7.601383224875379e-01	3.676867938450010e-01	7.868035541785897e-01	3.405379505551131e-01	8.315909229366066e-01	3.348441572556478e-01 
43460	9.905994213142429e-01	9.278418044223645e-01	2.519180561657614e-01	6.822494583587393e-01	5.928107917275330e-01	3.349269271525214e-01 
43461	4.999134086537703e-01	9.082463108507201e-02	1.057561077669990e-01	5.552767140582561e-01	8.113404879399299e-01	5.640906773340379e-01 
43462	3.134251638843795e-01	5.377263298899523e-03	5.355965478977173e-01	2.847327777579114e-01	3.103892492644439e-01	2.300181380612860e-01 
43463	9.457008815117650e-01	7.539622600907284e-01	4.408785861175873e-01	1.062952993001301e-01	8.856483273606972e-01	7.503551727860958e-01 
43464	5.735866895753828e-01	6.457866493825739e-01	1.180419661654355e-01	3.603902432883113e-01	9.863245999376870e-01	9.496328891020421e-01 
43465	6.952344005439590e-01	9.769240207862686e-01	8.774746935244067e-01	9.471524571753817e-01	6.591734786793466e-01	4.702854847862784e-01 
43466	2.820793838622418e-01	1.590868873331169e-01	5.611101158713503e-01	3.878354916292408e-01	7.143636013913730e-01	3.724506033456189e-01 
43467	9.519261689632788e-01	2.778876527575253e-02	3.778278666445184e-01	4.875227168609960e-01	3.125215430336639e-01	6.882171159089623e-01 
43468	7.175408549222819e-01	2.582224240797676e-01	4.421793759996906e-01	1.584194405742080e-01	3.645177233798977e-01	3.278277028947266e-01 
43469	9.087746133603037e-01	9.381044129552806e-01	9.736143522773005e-01	2.681657906007794e-02	2.984946557779306e-01	9.599389517493262e-01 
43470	9.764494686277814e-01	9.937290567875510e-01	9.368629720699335e-01	8.539241616865267e-01	9.408815134972713e-01	5.960364507492801e-01 
43471	3.242096460071437e-01	2.229608968938519e-01	7.551233380823971e-01	8.853197618784940e-01	6.107963885230927e-01	4.694869390081088e-01 
43472	2.577703647584517e-01	5.627225574863713e-01	4.972757042838613e-01	6.355982318686313e-01	5.024527388170607e-02	8.097972473175252e-01 
43473	3.238153473119323e-01	7.677861288039880e-01	6.801967093163154e-02	7.659947233116230e-01	9.262055693781961e-01	4.325373943115293e-01 
43474	9.382242574068830e-02	8.349801822728385e-01	3.706418068011486e-01	6.743677755232751e-02	8.617967613329165e-01	6.691364630447405e-01 
43475	2.737572883599239e-02	8.382462294950366e-01	6.628655193666301e-01	9.642387013715872e-01	6.921703907159019e-01	6.037470323982402e-01 
43476	5.602751516552060e-01	1.638003625738436e-02	8.267079292920920e-01	3.153984892719418e-01	9.016997981358784e-01	4.375043173495234e-01 
43477	7.848854282800506e-01	1.594701628943301e-01	2.268743702335629e-04	2.821611325639119e-01	7.950683947629614e-01	5.047214825193964e-02 
43478	9.195837941577582e-02	1.188837416092324e-01	8.182582770559277e-01	1.599780508130687e-01	8.848784653865166e-01	7.444638459684625e-01 
43479	5.925154451245980e-01	9.787008911272049e-01	5.794440277756396e-01	9.631572523914078e-01	4.613766867953244e-02	4.412407891085561e-01 
43480	6.322937149704870e-01	7.351339751552483e-02	2.794870181379314e-01	2.951592338714559e-01	3.775209842145075e-02	9.716574093194946e-01 
43481	8.989062662696961e-01	5.980272500766568e-01	9.880374455768789e-01	7.256141950961269e-01	9.134257393485986e-01	8.897372437127573e-01 
43482	1.631185119799890e-01	6.983111676286492e-01	4.920740614142614e-02	1.633453868158839e-01	9.804723001925612e-01	8.442758009043875e-01 
43483	2.138175350678235e-01	7.243067914267567e-02	9.631595425136199e-01	3.207581212375118e-02	2.324087299557443e-01	8.480380074344752e-01 
43484	7.765396580922136e-01	8.249241755460036e-01	8.267388985616801e-01	3.559836858678533e-01	7.880814274717501e-01	8.728765672412127e-01 
43485	7.972244749764095e-01	4.203751419765759e-01	9.463899647567374e-01	7.671149264867953e-02	7.155343758480318e-01	9.841420636438495e-01 
43486	4.836890150251281e-02	6.144406416520666e-01	5.821693132548450e-01	3.640634707939176e-02	3.400548362825321e-01	4.955950526034437e-01 
43487	9.261435907921491e-01	5.031733482625211e-01	1.939062197664316e-01	9.753509969335753e-01	6.665187350784050e-01	1.743785194933314e-01 
43488	8.196267973723015e-01	8.803362706118898e-01	2.468091986360071e-01	7.827863394202601e-01	9.124120827356410e-01	4.792179290574127e-01 
43489	6.308243468547353e-01	6.889517403621933e-01	3.041421041377551e-01	4.575632449507542e-01	4.493542576438534e-02	9.222353114384391e-02 
43490	3.304398117263055e-01	8.421599007407948e-01	5.125986731204198e-01	2.768297760173817e-01	9.188713938551356e-01	2.281330485027903e-01 
43491	2.609718391955699e-01	9.672402953576484e-01	8.425736901548568e-01	8.431411529160762e-01	3.646641971378886e-03	1.826285259717277e-01 
43492	3.387362050538585e-01	9.297902327635280e-01	6.858018742342489e-01	5.326424248202901e-01	9.051412292314419e-01	3.523206093126538e-01 
43493	7.070209443136216e-01	7.247680261380821e-01	2.326568794588823e-01	9.538301429496288e-01	5.075543655583422e-01	1.450689617288620e-01 
43494	4.330480715413802e-01	1.383787119474163e-01	8.340207020910553e-01	7.371901756791353e-01	5.959419568981705e-01	8.789561283211019e-01 
43495	8.294137068229791e-01	9.263817686244761e-01	7.211160285962355e-01	3.420123794777377e-01	2.032115441761965e-01	6.399874219857098e-01 
43496	5.701454279805279e-01	4.641833838374276e-01	6.072277173433582e-01	4.127191176697235e-01	3.073245362878426e-01	6.108743593147371e-01 
43497	5.953476436414512e-01	6.460607413417011e-01	5.406645920782651e-01	2.811495178757000e-01	1.787031656963300e-01	4.458058208440457e-01 
43498	6.334701271883538e-01	8.857241100099515e-01	1.705738469821279e-01	8.661270066472362e-01	8.395542524939190e-01	6.781282125404702e-01 
43499	1.119596791043690e-02	2.726023240352992e-01	8.165069244878864e-01	8.452166700014923e-01	9.792499248773092e-03	4.124488809203957e-01 
43500	7.241727978569329e-01	8.392062065374135e-01	3.388306490792104e-01	4.452888264531683e-01	1.812185855494899e-01	5.420421932554069e-01 
43501	8.527624797321681e-02	7.513640139956791e-01	6.225576627173264e-03	6.925039653165750e-01	1.640831311997413e-01	3.135501129150158e-01 
43502	3.033783246313121e-01	7.594307753068539e-01	9.596108542567170e-01	8.440429167095772e-01	4.058029271689257e-02	1.383140194873856e-01 
43503	2.898487370879616e-01	6.740504199052464e-01	2.403812903167593e-02	4.604225840700896e-01	5.401774260868213e-01	8.635923819912562e-01 
43504	1.385507961448984e-01	5.513733939972583e-01	1.361947055608941e-01	9.550577206327848e-01	3.965900635330892e-01	1.459872048096672e-01 
43505	3.675066010875193e-01	1.207628613900220e-01	9.851934113470807e-01	7.063372501667297e-01	5.660516878431904e-01	1.664119968965705e-01 
43506	2.483794434221366e-01	6.513279358164071e-01	9.177760108922497e-01	2.546050200493098e-01	3.438319011329822e-01	8.185914162632969e-02 
43507	5.681551334299869e-01	6.472102257642942e-01	8.412899169331836e-01	5.277659872210426e-01	4.912531420082101e-01	8.818702096500761e-01 
43508	6.660800071740896e-01	7.811018790961718e-01	5.559206290896612e-01	6.901181362057655e-01	2.415244631662613e-01	9.609805471082128e-02 
43509	5.537105177313604e-01	3.800752593111597e-01	6.474714487080795e-01	6.899052232922545e-01	3.351329799439446e-01	4.406151224116865e-02 
43510	8.358924285675829e-01	7.026395810314638e-01	1.648243736311907e-01	8.210858394490024e-01	4.089768311981935e-01	7.308760614743810e-01 
43511	9.874978363455729e-01	6.573562746203301e-01	3.822039968251270e-01	9.052738467721613e-01	9.119612946696399e-01	7.260358979581091e-01 
43512	9.871329888641522e-01	4.801164276339656e-01	3.732461232567421e-01	8.284229053316745e-01	7.882414855008207e-03	8.644992652649522e-01 
43513	7.102931149817505e-01	6.739624220290977e-01	6.456011443611239e-01	2.662137436057505e-01	3.640805577692020e-01	8.871256075273852e-01 
43514	3.623117987822331e-01	9.177910759662237e-01	2.672008663728837e-01	9.783247024651266e-03	6.076962987928168e-01	6.023338463168283e-01 
43515	5.384475926581992e-02	4.435887268947385e-01	3.049734273482922e-01	2.186691328970106e-01	2.646745663437408e-01	7.139502585464856e-01 
43516	9.495451943713916e-01	2.521724022236524e-01	3.713065327011545e-01	3.317491911965186e-01	1.574462489958137e-01	2.832678269051331e-01 
43517	5.778508868896640e-02	1.445792373943046e-01	7.633842550047600e-01	4.310312124113698e-01	9.730021427259791e-01	7.712666698597682e-01 
43518	2.955304772106607e-01	6.832952572420683e-01	4.452290914232047e-01	9.411316215717846e-01	9.495090013134800e-01	8.093096491924067e-01 
43519	8.282572286335087e-01	3.118207996300518e-01	7.271007246929689e-01	9.545809500639238e-02	3.216040466547031e-01	3.347970234857858e-01 
43520	6.977919413232208e-01	3.754488063861843e-01	7.783857503805243e-01	2.765368205851581e-03	5.941179392831949e-01	4.306031625860385e-02 
43521	7.167156267523372e-01	5.436631336545865e-01	2.952327189479176e-01	8.802215898783047e-02	8.754123248511051e-01	4.526789679437312e-01 
43522	3.712899863586249e-01	9.331974135400716e-01	5.972582053380358e-01	1.346742408977236e-01	3.642286254857800e-01	5.702603475983535e-01 
43523	9.059409107574918e-01	6.597591031621020e-01	2.535556048404219e-01	3.511700017150352e-01	6.008907242682253e-01	2.030646056882407e-01 
43524	1.604796504417805e-01	4.291479529017340e-01	5.148854053182925e-01	8.875803756004108e-01	5.246060479081264e-01	8.364894519729956e-01 
43525	2.223773986205353e-01	2.223979887656858e-01	2.119382578935187e-01	7.631485353983699e-04	2.251633574371987e-01	8.060561976423749e-01 
43526	4.382346525966351e-02	9.418789841895360e-01	3.497193308313001e-01	3.390561842075810e-01	2.990114317736642e-02	2.251316552167440e-01 
43527	7.917351521513123e-01	4.011911295359913e-01	1.583290682911543e-01	3.889933570236868e-01	5.358653704337148e-01	5.225576942425956e-01 
43528	9.592537046220404e-01	4.418062807255454e-01	1.823167969390362e-01	2.128093089968009e-01	7.929762824405806e-01	7.832075212072616e-01 
43529	4.158739146850416e-01	9.534559328823611e-01	2.123554736433343e-01	9.307593200033342e-01	8.410363080171106e-01	7.369615215514608e-01 
43530	7.672487719763298e-01	6.341370617198465e-02	9.593595107828078e-01	9.791870298698484e-01	6.417685517304431e-02	1.845228677543452e-01 
43531	7.852432270465620e-01	1.080003204327078e-01	1.264018514782199e-01	1.349625574122009e-01	4.470565046402889e-01	1.563029946555863e-01 
43532	3.600942126289449e-01	2.387916563259399e-01	5.574941241915776e-01	5.184232813857604e-01	6.277850133496267e-01	9.335949415963120e-02 
43533	4.098097516269469e-02	5.870387175060058e-01	5.351657748851766e-01	2.232977721017309e-01	7.998480269684680e-01	3.281420568600958e-01 
43534	6.505292843331254e-03	2.157219411878483e-01	2.815979897424569e-01	2.188607669523269e-01	1.464812611911824e-01	1.226342972939062e-01 
43535	9.558222885037876e-01	9.137300331675122e-01	1.860480039315522e-01	9.151817988209342e-01	8.929170625716993e-01	2.502248591045965e-01 
43536	9.970466610961810e-02	6.781602896182612e-01	3.582251795373043e-01	2.261065180534993e-01	8.131228470304621e-01	8.052816841775932e-01 
43537	3.824095127090856e-01	1.732170596594070e-01	4.407334003787178e-02	9.399036373663245e-01	6.916403410451675e-01	6.718583533874984e-01 
43538	3.326313106029440e-02	7.326213162078622e-01	2.588970704278429e-01	5.684289064111323e-01	9.559190883095930e-01	5.874509693064964e-02 
43539	8.965709632712281e-01	9.624243811529243e-01	2.744670385841592e-01	1.781689525480238e-01	1.812851476395899e-01	4.209482997753416e-01 
43540	3.008032503075913e-01	1.371074361433775e-01	3.346783324771925e-01	4.868512542391434e-01	5.228923449865041e-02	2.275953945832306e-01 
43541	7.370761133437399e-01	1.519939010739298e-01	9.057556842014919e-01	9.530129241538295e-02	3.781004191274291e-01	7.188785312319540e-01 
43542	9.005829765929761e-01	7.605099318365147e-01	8.920955908913610e-01	9.446563166308479e-01	7.004135687371779e-01	5.837359314708672e-01 
43543	6.165146695526851e-01	7.336767002631336e-01	3.163572472130681e-01	8.754117399805280e-01	3.021056062086046e-01	2.722763350569998e-01 
43544	9.341568373768390e-01	1.986765690141714e-01	2.347007157442629e-01	2.086238754953369e-01	3.768455220278564e-01	4.159858638495141e-01 
43545	6.295721752706785e-01	6.776487723354477e-01	5.530932999928916e-01	9.642505077478711e-01	1.645000261089299e-01	6.053825344915420e-01 
43546	1.918459018654404e-01	9.015761394526698e-01	7.573764355654719e-01	9.760158606693223e-02	9.968774318680528e-01	1.354768542272397e-01 
43547	8.164801172988863e-01	8.974604079953676e-01	8.959867865294157e-01	7.085757077245860e-01	8.421167241605543e-01	5.964003548009322e-01 
43548	2.923116387297919e-01	4.586313932475780e-01	3.300770545984046e-01	6.086688859428599e-01	3.340431327624447e-01	6.321826608070091e-01 
43549	8.809452209998598e-01	2.681999696736224e-01	8.308592302868418e-01	1.156459362784615e-01	4.768238451689593e-01	2.077047518490370e-01 
43550	5.316318001279755e-01	1.063960199739765e-01	8.853535241844848e-01	8.472509965520590e-02	7.064652725618636e-02	4.985354982775336e-02 
43551	6.901076346124092e-01	2.624924295872880e-01	9.514296892804232e-01	4.474840697122198e-01	3.600940156542203e-01	9.483071206828146e-01 
43552	5.829609244051207e-01	1.765741324874452e-01	8.457675282125210e-01	4.789477104688751e-01	8.851498402120312e-01	6.878842519074140e-01 
43553	7.534806480414610e-02	1.774614784761618e-01	1.465156446893307e-01	4.054251198682119e-01	7.861303644190218e-01	4.805587774517754e-01 
43554	3.760778020955984e-02	6.670755849532204e-01	7.487587475910591e-01	8.684670104964017e-01	7.827215212316818e-01	2.255825922943571e-01 
43555	7.617176187977742e-02	3.143533213596574e-01	3.319786127339949e-01	9.615252860642621e-01	3.990784210148632e-01	4.026251399901812e-01 
43556	1.137883542635424e-02	8.918605516161120e-02	6.651175695774693e-01	9.628085247067775e-01	5.366701253394923e-01	2.521158476602826e-02 
43557	9.111156449239308e-01	1.196310492789517e-01	2.017857172534735e-01	7.568831726707905e-01	5.985787597478268e-01	8.693555699984336e-02 
43558	4.447674241125432e-01	6.739268245519729e-01	2.643970354760052e-01	5.912830688018739e-01	7.935194395452362e-02	5.052739942936571e-02 
43559	7.184184625364926e-02	1.169597246297448e-01	7.176029843825861e-01	8.206005938447083e-01	9.854267351261464e-01	5.003245056142679e-01 
43560	4.618318567340410e-02	6.159849700592388e-02	8.146778269739252e-01	3.781617984073990e-01	2.312378260452477e-02	2.137562475231272e-01 
43561	7.807869388632416e-01	3.450261849654029e-02	3.029423031503997e-01	4.459045079750495e-01	9.973111432033177e-01	8.396124284898920e-01 
43562	4.711160932067391e-01	9.084267881272485e-01	9.592434777688438e-01	6.729018104602126e-01	6.653099603323778e-01	5.578222370510093e-01 
43563	7.598373679257172e-01	1.100773844449210e-01	2.317490611373210e-01	2.423440293606110e-02	7.013604532467949e-01	3.111010055575059e-01 
43564	7.476180283108810e-02	7.732022995004441e-01	4.280607301872507e-01	7.923647872136742e-01	5.938028928794912e-01	4.134874648477358e-01 
43565	2.926892923622808e-01	6.399860790185565e-01	4.750859618536597e-01	1.073671188705448e-01	1.814787696029426e-02	4.982097449238457e-01 
43566	3.211233668593333e-01	7.989348158235358e-01	5.327123634203861e-01	6.240656700097330e-01	2.448393237985854e-01	5.300235061580425e-01 
43567	4.636780980339638e-01	7.159554170053245e-01	4.384502938196297e-01	4.229215753371462e-01	3.888572269998757e-01	1.037602541520075e-01 
43568	9.807438123881556e-01	1.486945944599316e-01	2.138376385969285e-01	2.124928730598152e-01	1.729289978616540e-01	9.151980918437234e-01 
43569	5.235938786173211e-01	2.476908006927421e-01	6.884003913441675e-01	9.516546088045718e-01	4.005558744075503e-02	2.822032837579974e-01 
43570	3.651420736523076e-01	3.327448802686971e-01	9.221893627765539e-01	8.402280355059673e-01	4.401119991392419e-01	9.403372402025094e-01 
43571	3.384377799641517e-01	7.612353659985752e-01	7.392720555603840e-01	8.711501433845378e-01	3.853010355426469e-01	9.841113793589693e-01 
43572	4.011736495425802e-01	8.489791335766107e-01	7.000667958986325e-01	8.396239433622099e-01	2.719007084480956e-01	8.892402289850825e-02 
43573	9.433841975142174e-01	2.526445203705898e-01	2.376186173584399e-01	1.572218356454847e-01	4.651373938960663e-01	4.105476152200939e-01 
43574	7.241992748920803e-02	9.887312725133874e-01	6.582384159128361e-01	7.608203188333755e-01	9.403858813179591e-01	6.982940038192523e-01 
43575	4.302360212571155e-02	3.055279545046053e-01	3.103888362228818e-02	9.652129653679268e-01	1.457559895449113e-01	4.711508827615301e-01 
43576	9.055502051047749e-01	4.841937699747243e-01	2.323862487601052e-01	6.448222601994976e-01	3.553439128936007e-01	6.176872843027521e-01 
43577	6.289336395584669e-01	7.565175624361810e-01	4.666664178793628e-01	3.290004349914382e-01	5.961415057983909e-01	7.385671263274584e-01 
43578	4.179244578899464e-01	5.395257028469470e-01	9.912116471637095e-01	6.555430757140476e-01	6.967475389580929e-01	4.563490405941145e-01 
43579	6.609069046848021e-02	7.691674664473009e-01	4.450803126418406e-01	7.243291068469775e-01	5.299877848150152e-01	3.854661934941384e-01 
43580	4.226231102005686e-01	5.730113869407267e-01	6.909941479987438e-01	4.536619938228568e-01	5.382243518429922e-01	8.367501380093163e-01 
43581	9.248128765843868e-01	4.437745564821058e-01	3.209439075183794e-01	1.571991248788308e-01	8.859681668160335e-02	6.762878204119801e-01 
43582	7.748864096472442e-01	7.175304562400703e-01	4.328053828481610e-01	2.415528270609457e-01	4.653089076584712e-02	2.894688818089054e-02 
43583	9.801199533884041e-01	4.644553491214548e-01	5.684725910278375e-01	9.713316000864523e-01	1.199984243698411e-01	2.652201295202692e-01 
43584	4.276806402149054e-01	1.860891148383213e-01	3.438759550190884e-02	8.727609533224073e-01	9.104182216852988e-01	5.643753803169240e-01 
43585	2.582271463508844e-01	3.330413314202061e-01	1.373867672576507e-01	9.492212948152895e-01	7.867033252430630e-01	6.756111191006429e-01 
43586	7.859714323589445e-01	7.115162018274498e-01	1.193856755827487e-01	1.069153394116626e-01	8.687153267062806e-01	2.079824922643520e-01 
43587	7.832031598236426e-01	6.436017358878635e-01	9.255129485044223e-01	2.160085422061424e-01	8.851545629488092e-01	9.720438392702694e-01 
43588	2.449554303870329e-01	8.652745163372133e-01	4.364991879260630e-01	8.134280218805316e-01	8.366061159580043e-01	5.564976122959040e-01 
43589	7.864815093513958e-02	2.642867561729098e-01	7.425867275998865e-01	1.130357469027097e-01	1.370477090296558e-01	6.530049488195241e-01 
43590	6.774111272196337e-01	3.952748553805402e-01	9.860462807053916e-01	8.147978944772845e-01	3.444961497301683e-01	7.727496054827933e-01 
43591	4.904090135779274e-01	1.304675816234516e-01	4.842658068445818e-01	6.097946891606760e-01	2.373829210351142e-01	3.529811335508624e-01 
43592	8.177771814250281e-01	2.058608085875683e-02	9.965828694387260e-01	7.432901294637891e-01	2.365946230648992e-01	8.817374323875352e-01 
43593	7.153339682683972e-01	4.815500539175934e-01	7.470119482590872e-01	1.518331561944602e-01	2.949780753324637e-01	5.836180637514303e-01 
43594	7.083307684903642e-01	3.736262262676033e-01	8.479048199243401e-01	4.509174956245895e-01	4.866619731703131e-01	9.849525289539958e-01 
43595	1.039224444441136e-01	1.640731003899468e-01	3.802273843345360e-01	8.996872468384388e-02	9.788709948672313e-01	7.247235340647044e-01 
43596	8.627183301666371e-01	4.692800079794973e-01	8.551911161538173e-01	3.469841370112189e-01	7.907469667451210e-02	9.257403672327010e-02 
43597	6.999652705620812e-01	8.968518780995401e-01	1.131601175820269e-01	6.965481395351459e-01	6.401420070976680e-01	3.497547411125874e-01 
43598	5.782855714570198e-01	3.554759753660653e-01	8.313047950301807e-01	3.252975192504458e-01	5.073091315605255e-01	1.262828698969832e-01 
43599	9.089155834675373e-01	2.156398995852284e-01	4.999090961645865e-01	7.568204029262161e-01	6.665573956754791e-01	9.865710698005609e-01 
43600	7.417729318802119e-01	7.704798401195928e-01	1.506441697248463e-01	1.220003157490866e-01	8.604485648034367e-01	1.295151641264163e-01 
