801	6.905754649502110e-01	2.688901570015075e-01	6.667278989528902e-02	2.477656580730181e-01	3.043729217277714e-01	2.238589642680525e-01 
802	2.983547660048840e-01	2.523461572138342e-01	5.041191636138219e-01	5.582817804805384e-01	9.570446009547658e-02	8.348200385620911e-01 
803	3.552681535274108e-02	3.171521915668399e-01	9.415265377338634e-01	2.414656478173405e-02	4.912848568015196e-01	4.414105766645682e-01 
804	7.972917774679567e-01	1.073916862287520e-02	8.681196551155856e-01	4.812802506989242e-01	6.050322370627114e-01	8.468682881662941e-03 
805	4.843988271823148e-02	8.004743190484468e-01	2.781642541653310e-01	1.451566159469805e-01	1.488127583399474e-01	5.689433159162026e-01 
806	6.038667385484403e-01	8.393882232901585e-01	8.378334733833714e-01	6.705395284437293e-01	8.715388089751540e-02	1.422063946454815e-01 
807	8.943984931774430e-01	3.855086469023994e-01	3.945525518593158e-01	3.985176563256037e-01	9.437904273829378e-01	4.902570119547923e-01 
808	2.333376944220335e-01	9.793172427356789e-01	8.074092035216323e-01	1.748642316902355e-01	3.463807051751673e-03	2.986940603231518e-01 
809	6.162748088204650e-01	8.007555849853696e-01	3.094332289460270e-01	4.843944634703893e-01	2.820358352186325e-01	9.144654660087383e-01 
810	4.928631468177136e-01	3.304757184025253e-01	7.149397845915239e-01	7.710274009830446e-01	4.756323343495057e-01	8.637525429314713e-01 
811	3.399707168992472e-01	7.949907243228474e-02	7.031407657559685e-01	1.778041898169574e-01	7.500386013416753e-01	7.902946466534839e-01 
812	3.200105844624390e-01	6.444370940534571e-01	1.758032930902221e-01	7.145631363217547e-01	4.295474991339945e-02	1.195937204731599e-01 
813	2.048201478108858e-01	2.762924443354329e-01	9.891096274317752e-02	1.222935086685668e-02	4.511566760256685e-01	1.023747702605905e-01 
814	3.109234111900085e-01	6.743148438047221e-02	9.031303552459601e-01	6.203566401360354e-01	5.518259483165229e-01	1.851661899989313e-01 
815	5.348221056791125e-01	4.468909466857514e-02	5.156419084014566e-01	2.497618898049751e-01	8.157164956516197e-01	9.912742432166237e-01 
816	1.135144322707851e-01	1.556872120852057e-01	7.077331518324712e-02	8.166551980267536e-01	3.334914019021631e-01	8.208119165249225e-01 
817	6.069498442145762e-01	6.535019863646021e-01	4.652490101127182e-01	7.827531377704596e-01	3.680651222206955e-01	5.082037600261177e-01 
818	9.023468582436195e-01	5.728852700315813e-01	7.844962043615507e-01	1.257820521135731e-03	5.851146213640993e-01	2.356528803872191e-01 
819	1.036325907817262e-01	8.960380325541077e-01	3.030843647676913e-01	6.762945562025041e-03	5.163946726901432e-01	8.549103130842142e-01 
820	1.919291360266177e-01	5.121677790359444e-02	8.995994077527892e-01	7.075710444280743e-01	3.009786681742308e-01	7.153159034044090e-01 
821	6.988452871790367e-01	4.144931004450159e-01	8.710031154896147e-01	7.696186028279450e-01	2.311482984717695e-01	2.044945173917778e-01 
822	5.904305188872062e-01	8.380981426863456e-01	8.579965037563799e-01	5.567952899992444e-02	6.208512799911440e-01	2.260616259770755e-01 
823	5.638832890260421e-01	5.231981377691022e-01	7.989468960086568e-01	3.483794933875927e-01	5.244559587558992e-01	3.840615169070948e-01 
824	5.840323737748118e-01	6.280885495376254e-01	2.800995494612025e-01	8.871167385425031e-01	6.348514955653117e-01	7.964942221513457e-01 
825	7.420270516267172e-01	8.267806315919294e-01	8.477110000549402e-01	6.416264589138452e-01	5.343516755543424e-01	1.486896677635096e-01 
826	3.569423618525930e-01	2.331969627333791e-01	5.631827686741868e-01	2.279454773422077e-01	2.815565095662868e-03	7.943310671459562e-01 
827	4.324399947339855e-01	5.932460839828690e-01	6.324292093666406e-01	2.904364980247042e-01	6.489256129827935e-01	2.532804893577846e-01 
828	5.164981240017796e-01	2.128089020088356e-01	7.764786271268868e-01	3.154450200104364e-01	5.611883953964284e-01	3.009345854171247e-01 
829	6.995065369175312e-01	1.452207687055789e-01	9.290231354204114e-01	9.796060863787337e-01	3.233750678242068e-02	5.638746305200619e-01 
830	7.761003080644181e-01	7.743645584091379e-01	3.906552616463300e-01	6.238113081193581e-01	4.159910173229832e-01	9.250069372006724e-01 
831	7.725009758828678e-01	7.729333791755761e-01	1.582038994683902e-01	3.356837440913933e-01	8.788560521224775e-04	1.610194645640531e-01 
832	1.300148107716883e-01	4.333188507861080e-01	7.542655490125835e-01	7.624440206039902e-01	7.237553492764734e-01	4.031911615297157e-01 
833	1.572450949611352e-02	2.402534728125918e-01	6.160000635385514e-01	7.922031366230003e-01	5.556984928230282e-01	1.771884584693184e-01 
834	9.313772204012503e-02	2.552050297405594e-01	3.224092271748973e-01	2.216085699487517e-02	2.348111156536318e-01	3.547467344229793e-01 
835	5.860354875149371e-01	1.091142371804985e-02	1.291112923664559e-01	9.766907491612671e-01	6.347227318374080e-01	5.451023096894391e-01 
836	9.016976858962782e-01	4.072237072546145e-01	3.180356888650152e-01	5.990158536466843e-02	7.429074518116692e-01	3.189145449171376e-01 
837	2.209210499287215e-01	8.729222625833574e-01	7.522333961689069e-01	9.751865989413050e-01	6.353662827216863e-01	4.759887449797190e-01 
838	3.783777604710207e-01	6.510907922177999e-01	7.162422177923109e-01	9.943778240095721e-01	4.432939288408002e-01	2.719407106153391e-01 
839	1.715662824788905e-01	5.364316508809251e-01	5.271457403558985e-01	4.939755096537878e-01	5.585925078758004e-01	7.619568560095303e-01 
840	8.487222440767671e-01	1.446279949250761e-01	7.728682797275802e-01	9.778335369088843e-01	1.213187436206819e-01	4.075910110993269e-01 
841	5.229358461326621e-01	2.301642905129885e-02	8.148147188196028e-01	8.409715349976772e-01	8.291801441596729e-02	5.577221701656105e-01 
842	1.598860799148148e-01	3.038390648103501e-01	4.306444322833067e-01	9.121194760837217e-01	2.790256632859938e-01	6.601071500499300e-02 
843	3.881082205977795e-01	6.574034237570145e-01	7.171015072227929e-01	1.043504379244291e-01	6.517812477665866e-01	1.603954355979317e-01 
844	3.762911485397681e-01	8.233475302454771e-01	6.968270864788569e-01	9.034368888956666e-01	3.173230394336037e-01	2.554195938889960e-01 
845	6.653937449051970e-01	1.660452835103708e-01	4.000475888140721e-01	4.382620241671158e-01	1.438788199535938e-01	5.213663324347541e-01 
846	8.458530357321040e-01	6.668146660862558e-01	5.443827619517142e-01	6.606677540860454e-01	5.077862010839331e-01	6.273007763676814e-01 
847	2.183899237859947e-01	6.676722809987480e-01	9.311398411780316e-01	6.490343560693014e-01	5.797917566168084e-01	2.101655044640254e-01 
848	7.150450710742944e-01	9.678999772145879e-01	8.675689282210399e-01	4.321465782970872e-01	7.225041467335561e-02	5.193501755219653e-01 
849	5.925420138950189e-01	4.485415636787850e-01	3.426977053017811e-01	2.893691003738759e-01	3.519784521087904e-01	6.600207452010460e-01 
850	5.447886942628718e-01	1.737219654832603e-02	8.260660287114168e-01	9.448362835426053e-01	4.556342211811031e-01	9.699448486650106e-01 
851	4.662026155116980e-01	3.014872564475458e-01	6.367595142856052e-01	1.058537699775089e-02	9.621550105335913e-01	1.445457149038770e-01 
852	6.378861538310936e-01	1.805449338539247e-01	8.122179959026249e-01	5.690259945434639e-01	8.295792899232262e-01	3.920097520537720e-01 
853	7.791914990074893e-01	5.446243609975205e-01	3.599097288026986e-01	6.467604272285292e-01	9.767709392946078e-01	4.321601439417154e-01 
854	1.661106022848331e-01	5.693129527239655e-01	8.807017076205005e-01	5.088083080522755e-01	8.586820530978414e-01	2.326801592636295e-01 
855	1.688290527876602e-01	4.034707473607132e-01	2.500523562776168e-01	9.948950814990769e-01	3.483070304376572e-01	7.056865774587200e-01 
856	9.648399296984262e-01	8.145096459493552e-01	7.173833440604543e-03	6.015994435183701e-01	8.250950234127673e-01	9.693288439741958e-01 
857	7.461451588879084e-01	4.629811767781997e-01	1.498737773624592e-01	5.583631543248720e-01	3.200717085600233e-02	9.794530672856854e-01 
858	9.503729068443053e-01	8.111986703291529e-01	5.240774278175446e-01	3.102826351813425e-01	4.579590970920208e-01	5.008483666464911e-01 
859	7.424427791230580e-01	6.240696993768540e-01	7.016131937045665e-02	6.231444862778971e-01	1.328780069634682e-01	9.288433724682980e-01 
860	8.558246460071880e-01	3.017070597511283e-01	3.323141193633499e-01	1.058770018191435e-01	2.966021407845440e-01	6.806211498010071e-01 
861	8.115635792778635e-01	2.614420700173090e-01	4.951307957503622e-01	8.187374127184681e-01	8.630415140013403e-01	3.202258186974683e-01 
862	7.880662562270025e-01	6.091866724235875e-01	7.832069954756680e-01	9.379400335894619e-01	1.675498262827982e-01	8.152141663316703e-01 
863	9.173931004094860e-01	1.179227326614422e-01	6.264128361951620e-01	4.414705282270305e-01	4.282053683084461e-01	8.437193282152150e-02 
864	9.423188948735217e-01	1.706481469658428e-01	7.084416326640368e-01	1.248021377831707e-02	7.937926337094012e-01	8.413196396275049e-01 
865	9.413235867122763e-01	6.496172792509278e-01	1.430266993786333e-01	2.736377056099650e-01	7.554942810700714e-01	4.396288401631773e-01 
866	9.542588558766334e-01	5.670578598822736e-01	7.010709106461476e-01	4.493896511613343e-01	3.857952721350804e-01	5.641124241818266e-01 
867	7.696154698588026e-01	1.738615278964217e-01	1.732990961397528e-01	5.528224648688093e-01	1.118015610202223e-01	3.408489224225510e-01 
868	3.680366307348183e-01	2.919466096404691e-02	4.587716555496546e-01	9.944494673956416e-01	4.706651891910775e-01	8.869770238581006e-01 
869	7.882139975150181e-02	4.129840840645992e-01	5.762517035828213e-02	7.872630324155385e-01	4.254642978429162e-01	8.514178040676833e-01 
870	6.285826720430435e-01	3.667878840895313e-01	5.010350828529498e-01	7.716093714216767e-01	6.404255901651577e-01	2.565293634573600e-01 
871	2.112382111191927e-01	5.946844455761296e-01	8.235872233396336e-01	9.123091217653403e-01	4.407409627180272e-02	2.093824950090528e-01 
872	4.764215454815056e-01	8.136895661306053e-01	3.832440229054745e-01	6.497206416212584e-01	3.665120305337534e-01	4.950455839256968e-01 
873	9.905695645094708e-01	7.345486612685717e-01	5.242402453554050e-01	4.493412195934640e-01	7.289981281985520e-01	9.949054345464825e-01 
874	3.363182429859034e-01	8.078195284157151e-01	4.078895181454203e-01	3.939434133441855e-01	5.950825603655924e-01	8.333538164539979e-01 
875	2.453612174118688e-01	2.236652319429746e-01	2.001417000778679e-01	7.463963002648187e-01	9.952746033646513e-01	8.405672902430256e-01 
876	2.925663722178742e-03	2.065128144838441e-01	4.352517353534939e-01	8.265128870618124e-01	1.188219357835231e-01	4.793258316252967e-01 
877	3.589538207086519e-02	5.952434817306900e-01	2.930153972902407e-01	4.191394049763397e-01	2.449641228862871e-01	6.595274278239941e-01 
878	9.141849893676979e-01	2.355336869300966e-01	3.940760890925658e-01	4.384252342574416e-01	6.848749065235606e-01	1.230742168254565e-01 
879	4.333306683382628e-01	2.119314904380271e-02	9.308937452411715e-01	8.412201869493444e-01	4.151365628536495e-01	5.259763056067640e-01 
880	6.745740029376810e-01	6.604977802655183e-01	7.496415375497385e-01	8.747157030155490e-01	4.068940800646758e-01	7.449161409143900e-01 
881	7.152829932585745e-01	4.098197437868545e-01	9.514289553982340e-01	1.505347281464072e-01	2.363326308486670e-01	7.025089071609587e-02 
882	6.298605602373651e-01	2.722280129195321e-01	6.654943724467859e-01	9.228759575276058e-01	6.913674178958719e-01	9.104584957987343e-01 
883	5.824033853515999e-01	6.055524067979084e-01	1.459921822631695e-01	9.764794744441656e-01	4.397764058968874e-02	8.308670892523914e-01 
884	9.955369080396076e-02	4.773083093936128e-01	8.520602382961942e-01	3.044743604513232e-02	3.185284958772960e-01	2.671968006841823e-01 
885	5.564237416518962e-01	9.931024988149770e-01	9.276945809497007e-01	3.060652787359736e-01	8.678182013648646e-01	3.345886610143765e-01 
886	5.098141918470218e-02	5.831011941577779e-01	7.444084048012310e-01	2.410374117274943e-03	7.336359227698463e-01	9.807410356498980e-01 
887	7.266126529903209e-02	3.634964825415502e-01	2.529690481037689e-01	7.381556377458179e-01	2.863724396034947e-01	9.443364664653020e-01 
888	6.486141330788909e-01	8.687758249550945e-01	5.498888727975492e-01	7.946063158077217e-01	8.452552989335989e-01	5.938665138528992e-01 
889	6.254734045944519e-01	9.448089902032208e-01	7.117482278085073e-02	4.775336424249847e-01	9.752564262483532e-01	3.897033186581467e-01 
890	7.447304435748283e-01	5.316801674345881e-01	3.828058170074624e-01	6.724250240588677e-01	8.377454461705617e-01	2.506240179066658e-01 
891	7.013684607582951e-03	8.887268658209252e-01	8.337252125301050e-01	7.514220898744753e-01	8.911372399382000e-01	5.673611348342901e-01 
892	7.321631250587121e-01	9.637985052372322e-01	9.308576173758403e-01	9.851321736281422e-01	7.019541429830501e-01	2.172300565136737e-01 
893	9.294686396277829e-01	3.505682755962798e-01	8.600588146876818e-02	4.793575119596708e-01	1.451745909383402e-01	9.312611804023669e-01 
894	7.322402534690874e-02	7.706479955327921e-01	8.760701701399266e-01	1.443988481277595e-01	2.481816379577767e-01	8.513265959226185e-01 
895	5.341021667859062e-01	9.929120815326050e-01	3.830067628915453e-01	9.169079837933686e-01	6.653371051258115e-01	2.207522090621070e-01 
896	1.675320017000344e-01	6.723507901990557e-01	1.094790744173709e-01	1.257213764478086e-03	4.237728796078697e-01	6.163138899096818e-04 
897	5.686183485987681e-01	1.559360042009205e-01	9.644148195928032e-01	4.994759655089471e-01	1.410681773634014e-01	6.663689621101920e-01 
898	7.167060220226208e-01	7.053681652552300e-02	1.693723724081053e-02	8.027119034913890e-01	5.498943289508551e-01	1.621118286448120e-01 
899	7.339730838937559e-01	6.231183542977639e-01	9.327598241776041e-01	6.100432535680212e-01	7.675172028911845e-01	1.809414616697195e-01 
900	4.613698494906397e-01	3.016193692114295e-01	1.738535427366633e-01	8.443766123821850e-01	2.185273530047980e-01	8.391906483281361e-01 
901	6.512882097863072e-02	3.860593547048324e-01	5.115414380615304e-01	1.746078953960016e-01	3.873165684693105e-01	9.353143176694002e-01 
902	1.752242097515725e-01	9.559349170680786e-01	9.125032140465934e-02	1.396390288787144e-01	4.554108821113644e-01	2.323184992337220e-01 
903	8.060079909889065e-01	1.721169036683239e-01	3.028553157592450e-01	8.229452282297169e-01	9.748288076253742e-01	8.527496447101001e-01 
904	9.850570568745290e-01	7.088018910534689e-01	4.758679990078639e-01	9.178168810521331e-01	3.188451441558288e-01	2.433852014333872e-01 
905	9.875834225619134e-02	7.802149936464685e-01	5.450045706448167e-01	2.726118854585159e-01	6.245916060286535e-01	7.635319236496146e-01 
906	1.118025333209906e-01	6.897204270072842e-01	1.495912778887857e-01	6.233439713825211e-01	8.643283228689471e-01	5.369078463580962e-01 
907	5.586582885862600e-01	3.955253215485836e-02	4.928427629605135e-01	6.499086099909193e-01	1.791915610335728e-01	9.482536450718779e-01 
908	8.822271092246413e-01	9.851995520224792e-01	1.203705487402019e-01	1.850824249838863e-01	8.081447797865350e-01	9.519935589991479e-02 
909	3.783206922832507e-02	7.932018366610640e-01	8.040012469533837e-01	5.137000682361890e-01	7.110187172475358e-01	1.228463906435512e-01 
910	7.570852696695762e-01	8.097770595037271e-01	9.030613847556810e-01	3.020898403143928e-01	8.238894449658177e-02	5.276529903186732e-01 
911	6.562176349834621e-02	1.941914778175724e-01	2.173734168602961e-01	2.152130418527932e-01	8.175354492000935e-01	8.170173926358192e-02 
912	7.521208882108894e-01	3.761937373206922e-01	1.212542714184403e-01	2.449636511714028e-01	2.610234731161145e-02	3.004458324520131e-01 
913	1.932172957776195e-01	9.083294565362527e-01	2.856453840088310e-01	3.135878445178214e-01	9.341188105447772e-02	9.379016379536603e-02 
914	4.087872004177362e-01	1.312439507484641e-01	8.869920004564300e-01	2.127884469054586e-01	6.449440189846530e-01	5.980107172383046e-01 
915	3.356348380146710e-01	4.020292886542293e-01	4.077877762763704e-01	2.386962223046907e-01	7.041191289686222e-01	4.901767212386134e-01 
916	7.663492126233640e-01	7.697408924669683e-01	6.843681990561858e-01	9.837226294836601e-01	9.849539343197615e-01	5.019036482562793e-01 
917	6.542436874724197e-02	7.370748225306509e-01	8.780973855769715e-01	1.866786401656823e-01	9.820384737020538e-01	9.041997328885830e-01 
918	4.871244730833566e-01	1.752557690140120e-01	8.125291894248357e-01	7.727698570921877e-01	4.888436139974946e-01	9.059410704793134e-01 
919	8.665600208875537e-01	8.976308144152308e-01	3.718502076211620e-02	7.535520208783224e-01	1.104192613206894e-01	6.821290402124306e-01 
920	3.515627376509657e-01	4.460540993353604e-01	8.415832840099853e-02	7.593505143929974e-01	6.847503216400511e-01	7.882774573696206e-01 
921	2.495272351659495e-01	4.510995337977537e-01	5.580183493709278e-01	9.338954342221354e-01	4.348221628157525e-01	5.429722836906893e-01 
922	4.357990820127535e-01	5.002465315629945e-01	2.800471057556789e-01	3.138964675897250e-01	6.869251721943380e-01	2.620855789920714e-01 
923	2.180962000126467e-01	1.740496448120333e-01	4.373413480060833e-01	3.062538897182112e-02	9.468195019042210e-01	9.261849620035779e-01 
924	9.365664599167958e-01	8.133795227917747e-01	8.238157764188088e-01	9.737514806789120e-01	5.669315432044358e-01	9.342350377394981e-01 
925	6.558805204256812e-01	9.184942813210628e-01	3.802891366091972e-01	7.400388488266798e-01	6.778447952483989e-01	6.503945778358702e-02 
926	5.283163057306391e-01	9.273720304143485e-01	5.161389915813408e-01	8.633465510156688e-02	8.612674641708227e-01	9.509611543970933e-01 
927	6.293069387922562e-01	2.970665461835761e-01	4.512076859600878e-01	9.093540445479350e-01	6.109630137733012e-01	1.381328576887645e-01 
928	1.714396230743451e-01	8.290592137859478e-01	3.121825025007979e-01	6.087809710804284e-01	8.596846032234303e-01	2.590020039393576e-01 
929	5.349659330840064e-01	7.962510626745648e-01	7.238152626547102e-02	3.587817090371538e-01	7.700025428878156e-01	6.393130699355681e-01 
930	2.930167463109907e-01	4.258830633134968e-01	5.578073507909698e-01	6.733058829201879e-01	1.659219116745153e-01	2.356521455737074e-01 
931	7.383453407037749e-01	6.942382178708157e-01	1.630241755223946e-01	2.544843318194543e-01	7.805728729723826e-01	2.429163922755590e-02 
932	2.054454857508864e-01	4.098798112989775e-01	3.213581854111320e-01	6.566531717109741e-01	3.192338553812513e-01	9.323211991844332e-01 
933	7.947860293997386e-01	4.906734784555963e-01	7.613804129703811e-01	1.069685314348752e-01	9.945444907036352e-02	6.210650157281500e-01 
934	3.659705358398941e-01	6.344203821543699e-01	4.173160779370536e-01	4.383520621053651e-01	9.932020911915238e-01	1.873186203592078e-01 
935	7.766513157527201e-02	2.862188370368531e-01	6.132016836727046e-01	6.354724823662418e-01	9.595247199570409e-01	7.791235958128812e-01 
936	8.711246279399492e-01	6.978700601951545e-01	4.733618132180357e-01	3.414880299668237e-02	9.523543920146089e-01	2.539346857247570e-01 
937	5.844044268989956e-02	1.577998777654953e-01	6.638144970237345e-01	3.797986281010316e-01	8.144530494764695e-01	9.830483524049858e-01 
938	3.121198272854648e-01	6.092390788762081e-01	4.737218303949208e-01	7.350023979018454e-02	7.162076103110833e-01	5.731762794652844e-01 
939	6.945652555183346e-01	8.217814568531613e-02	2.075966616196542e-01	1.118813329897268e-01	5.205302082563426e-01	2.007987523455167e-01 
940	2.991999533489346e-01	5.981953398316145e-01	4.870175898480311e-01	9.124016374873005e-01	2.336678221978563e-01	4.465423093394107e-01 
941	6.915252328345204e-01	1.047924496721441e-01	1.444123695345653e-01	1.648870455868948e-01	1.389412531344878e-01	9.676676108351293e-02 
942	4.188217313116517e-01	1.973816958243873e-01	2.545666388490082e-01	8.263622786972497e-02	5.771803239254190e-01	6.901968832547761e-02 
943	6.568457980904942e-02	8.893001512108837e-01	6.782587672016857e-01	5.394064102039702e-01	9.628003910010683e-01	3.944663770471077e-01 
944	1.125826892035933e-01	6.573656460537415e-01	4.766445231980851e-01	3.201793508232475e-01	7.692469790434684e-01	9.971747314544277e-01 
945	5.209781036344255e-01	6.844693239240299e-02	5.953700708203810e-01	7.995693016795299e-03	9.808485698797035e-01	8.290378930182373e-01 
946	4.545380023562061e-01	6.723738022485626e-01	9.338303431560426e-01	5.989503718907714e-01	8.372608478354574e-01	7.277159582486917e-02 
947	6.957171334399456e-01	2.560825786814478e-01	2.701532916492565e-01	9.502837722889538e-01	3.387188065511728e-01	8.473336155746755e-01 
948	1.930346014877011e-02	4.044033863602222e-01	7.366337667855591e-01	6.975622273504558e-01	9.438097965641924e-01	6.994341573209660e-01 
949	9.202860439756355e-02	5.639248530212440e-02	3.567998033747076e-01	5.686731275956487e-01	3.765718365910332e-01	1.260467819525147e-01 
950	5.658478585844151e-01	8.975499402254586e-01	1.944937143449177e-01	1.612179289391348e-01	9.055456332422540e-01	1.753422837589599e-01 
951	9.902558224230333e-01	3.600836351327987e-01	8.477160860075225e-01	9.240861651134147e-01	9.590340074892314e-01	6.849769333773185e-01 
952	9.968577609382838e-01	6.547511404635157e-01	9.410595120587664e-01	2.670110521218791e-01	6.050349122868082e-01	2.797783181442778e-01 
953	1.143446672308932e-01	6.243383729012396e-01	6.841817045045000e-01	8.509784340164523e-01	3.219005997860341e-01	6.279915006030311e-01 
954	5.504125913374185e-01	4.139292041835977e-01	6.843839863708168e-01	9.072123947121261e-01	9.826023317792464e-01	6.095582249618872e-02 
955	3.325917619897946e-02	5.484501898980002e-01	9.585057627216474e-01	2.277528910095584e-01	7.096681193027963e-01	8.640513954982401e-01 
956	4.030951747685182e-01	6.999239412601683e-01	2.241350301653776e-01	2.508112607760407e-01	6.240101059079217e-01	1.831690371889477e-01 
957	9.357881941533592e-01	6.208678663805444e-01	8.379201776524634e-01	8.768477062121256e-01	8.878789185024234e-01	4.429550899392716e-01 
958	1.566260238907421e-01	2.223585267655359e-03	6.729346237484993e-02	8.408077288609034e-01	8.532020197497691e-01	3.891940621608840e-01 
959	4.687992289982733e-01	4.036146106215262e-01	8.031232668101430e-01	1.531832149034288e-01	3.108270048679910e-01	7.857255981237281e-01 
960	2.141390373996175e-01	3.440861810669704e-01	3.341757880217283e-01	1.726447996556036e-01	5.718390720765288e-01	4.384390685886327e-02 
961	3.669619468818242e-02	9.749342473107084e-01	7.437678481190315e-01	2.608312253192213e-01	2.257455076210878e-01	3.677779535612920e-01 
962	4.440002625081689e-01	1.615337013087858e-01	9.886458199418363e-01	2.819204401606323e-01	3.838140705525010e-02	8.765247379785984e-01 
963	7.248755300999039e-01	1.950074314116535e-01	8.787483232462538e-01	7.921689924747539e-01	3.581515980689561e-02	7.319503425303615e-01 
964	1.813630541699766e-01	5.046143888051688e-01	1.355649526862264e-01	9.844863209801197e-01	6.577976041742589e-01	4.463919575542174e-01 
965	7.702119191038478e-01	8.719366415738764e-01	7.904781390868492e-01	1.043877066599148e-01	4.458144122948006e-02	3.623172106977167e-01 
966	1.482316135187781e-01	8.127763591766247e-02	3.372514575427638e-01	8.919994616378096e-01	3.421088612368837e-01	5.629969651638516e-01 
967	2.597774147334403e-01	7.861091242107140e-01	7.245306669382987e-01	2.484232342096154e-01	6.802956390568500e-02	7.629120739935488e-01 
968	1.249479717225525e-01	7.929050940055890e-01	9.579195054052023e-01	3.696294503145057e-03	5.850740860146816e-01	9.937346652120979e-01 
969	7.356466374991679e-01	7.664371401846581e-01	4.983490540172668e-01	8.712115901853943e-01	7.509234611647778e-01	1.561466577258644e-01 
970	3.176035477396117e-01	5.211353798029643e-01	2.808329883407955e-02	1.080816863607996e-01	6.255230864628791e-01	7.266474006355961e-02 
971	4.703988970585162e-01	7.737546999816571e-01	1.539423764468834e-01	8.076503550669413e-01	6.657541611538055e-01	4.960512376837671e-01 
972	3.706473197651316e-01	9.255315758872459e-01	2.821603614288198e-01	9.517798623776901e-02	1.739548096311999e-01	3.501899253345048e-01 
973	8.580900606969791e-01	2.989027813537525e-01	1.430950188744324e-01	8.160095656365201e-01	3.025990758568975e-01	7.281691048891140e-01 
974	8.097442308486179e-01	3.824571289040414e-02	4.946062450737722e-01	3.080932844002234e-01	9.094573035414597e-01	2.455297057728887e-01 
975	4.642399421260878e-01	2.270608508154102e-01	7.666650855758530e-01	4.923232409601674e-01	3.351425371762097e-01	3.921881715730709e-01 
976	5.649879814893882e-01	8.055414342347260e-01	1.659428710890668e-01	7.189303579362716e-01	6.131917888360060e-01	8.316970322428723e-01 
977	2.149815951543775e-01	9.838391090667988e-01	7.572286076644569e-01	4.971419570488585e-01	7.901709483890659e-02	9.311834172956568e-01 
978	8.473318823833633e-01	9.371071555358856e-01	2.300861981837480e-01	9.904269017234570e-01	7.531167211724057e-01	5.326852740406456e-01 
979	7.185960061469097e-01	5.628609515553624e-01	5.709309873967110e-01	2.132022507550205e-01	8.709542359555859e-01	4.803882904725095e-01 
980	4.587319565279093e-01	3.351941776160124e-01	7.074491412879197e-01	2.253970416381010e-01	8.275174185761798e-01	4.259167799846813e-02 
981	6.175852132111719e-01	3.925053995999067e-01	8.481331122331941e-01	7.835280843002387e-01	1.114357570705171e-01	4.613249010692001e-01 
982	6.152251160774497e-01	3.264173526905558e-01	4.451640096703376e-01	3.724537232762453e-01	8.235593097394143e-01	5.241811045092443e-01 
983	3.036371401062408e-01	6.708911916571163e-01	4.612882600451299e-01	5.337233382899889e-01	6.613180929149119e-01	2.144049807518744e-01 
984	6.640861233063443e-02	3.799140990618216e-01	7.772659323072368e-01	6.373395997273454e-01	5.931163498168421e-01	6.482201677971613e-01 
985	1.177278897341936e-01	5.184830634475141e-02	9.834143454131737e-01	8.251770310221133e-01	2.772453479828524e-01	8.109317635236921e-01 
986	8.677687090205815e-01	8.948305616596856e-01	2.034371631235989e-01	7.159018207881143e-01	6.783586454942629e-01	3.148729201941159e-01 
987	1.772267213916530e-01	2.935837615717127e-01	6.412902728846717e-01	6.223907310619907e-01	6.660374848479580e-01	4.648495821584247e-01 
988	1.465718355712350e-01	9.696746254198600e-01	1.357407738155409e-01	6.078600956163649e-01	5.033979632441876e-01	7.970588667304529e-01 
989	8.222650763682393e-01	5.698065755748221e-01	1.769729653266133e-01	5.995310082098148e-01	2.071461748365062e-01	7.700893156091168e-01 
990	2.477511755413148e-01	3.248740645706998e-01	8.219376219538681e-01	2.311655204888273e-01	1.500510951271519e-01	9.918296947105926e-02 
991	4.209728354685813e-02	1.781980368207200e-02	9.940135311307449e-01	2.455344466704570e-01	7.337216249358476e-01	6.723721766250078e-01 
992	5.604073673302342e-01	9.109483463275005e-01	9.659559381967205e-01	2.016976397492446e-01	5.333390773894913e-01	6.319934225790172e-01 
993	6.665472223733306e-01	6.799109129607263e-01	6.016680475332160e-01	8.022879961888716e-01	2.877710081114299e-01	1.050660107774036e-01 
994	5.993468624536632e-01	1.100360840140079e-01	6.748725863522257e-01	7.763198282459377e-01	7.095670922238226e-01	8.820187616543932e-01 
995	5.464091433893932e-01	9.573182677651375e-01	2.068928257594317e-01	3.683467648776000e-01	1.884837877883035e-01	3.569439213522449e-01 
996	4.675297343486593e-01	2.305810713351616e-01	3.747637250343169e-01	4.615432654794042e-01	4.761155184712799e-01	1.084853495045031e-01 
997	1.339154416387507e-01	3.652288533585280e-02	1.943369583200370e-02	9.987137936980993e-02	2.382205250850974e-01	5.527727732214950e-01 
998	7.318648019488271e-01	9.047677474584280e-01	2.326836857165600e-01	3.335328494820431e-01	7.070557431816383e-01	5.204546938279898e-01 
999	4.385988602594467e-01	3.064026056353015e-01	6.304907778419977e-01	1.134714461460111e-01	8.272243341557795e-02	3.400578696001590e-01 
1000	9.954902078004043e-01	6.291315768049711e-01	2.973761368996353e-01	2.023830335598360e-01	9.974783416825711e-01	4.858599246879387e-01 
