66001	5.954159868859761e-01	7.142021175074401e-01	5.605940267260159e-01	5.319942722711685e-04	8.190397274769097e-01	1.904459708325779e-01 
66002	6.137472766515553e-02	3.449043493461350e-02	2.428644910654353e-01	3.495957499135266e-01	5.214810588031453e-01	2.392245974574353e-01 
66003	3.313392341748528e-01	1.848626975830936e-02	3.381703576716457e-01	9.209566027489289e-01	8.917248555886209e-01	8.604547487853350e-01 
66004	3.335709601331367e-01	2.208063151784271e-01	2.382201716481802e-01	5.875838131586014e-02	7.613251110358746e-01	9.092471566559967e-03 
66005	2.612770801695423e-01	7.278847376480162e-01	4.745364894506226e-01	7.578308171396287e-01	1.897528503042426e-01	9.615681702092141e-01 
66006	3.922914459334181e-01	7.851688371902187e-01	6.757702872509930e-01	9.528854726594339e-01	7.857008314624898e-01	4.948100142622413e-01 
66007	1.433314434920119e-01	8.470755591276453e-01	5.293004496625161e-01	3.861959345574472e-01	1.966713085755107e-01	5.078150800000015e-02 
66008	6.254205324805437e-01	5.280105427503635e-01	6.926777822397080e-02	9.635908901521893e-01	4.489671454992923e-01	9.609926338125917e-01 
66009	8.240456384718631e-01	7.825381056324291e-01	1.817989485253575e-01	6.226580965438197e-02	8.412964869482892e-01	9.431240595612321e-01 
66010	7.135828122094194e-02	1.025735671178315e-01	6.710087972092483e-01	5.458947706715646e-01	8.604043842574602e-01	8.607616475134909e-01 
66011	5.074629404151174e-01	2.526958297252170e-01	6.459304842380483e-01	1.832332276661104e-01	2.055813023846509e-01	4.316313152348769e-01 
66012	6.780432419283516e-01	3.489127458766628e-01	2.787068738968609e-01	2.073436911252065e-01	7.351086804341099e-01	4.753781824723716e-01 
66013	2.581251995908679e-01	3.605292124489924e-01	3.388724757073785e-03	3.273929778148387e-01	3.241201021355204e-01	4.523558702563661e-01 
66014	2.883856111617692e-01	1.481657401417223e-01	2.348939758887952e-01	4.701845596871267e-01	2.104315502617655e-01	7.619046237142313e-02 
66015	4.133086187826975e-01	2.817898314827074e-01	1.787640294892546e-01	8.431741552628456e-02	8.276846026199333e-01	3.916841328105350e-02 
66016	9.450790630397755e-01	3.351475425693893e-01	2.918642434719318e-01	5.910095468121626e-01	5.183807702354998e-01	4.974455458565827e-01 
66017	2.264086158137809e-02	1.964240121638514e-01	8.463582917332455e-01	3.013477354782390e-01	4.037677032890579e-01	5.814669717016941e-01 
66018	7.767259179506106e-01	6.618929028799259e-01	9.419961846163478e-01	7.801146431733457e-01	9.892858806947646e-01	2.661162862862070e-01 
66019	2.324705129640505e-01	2.776714913908725e-01	4.142820268935906e-01	4.673644888528457e-01	7.478560510779992e-01	6.247135771553561e-01 
66020	5.435549516899302e-01	1.611646698606967e-01	9.065034086380636e-01	7.223189811791847e-01	2.454820853869813e-01	7.341880107923355e-01 
66021	7.614873949258996e-01	1.905611484267568e-01	6.933555336172485e-02	5.335163793217002e-02	7.815706952389193e-01	5.877163235972246e-01 
66022	5.507971837887528e-01	8.042115572859587e-01	7.841403357610760e-01	3.971554750563370e-01	1.055592922985364e-01	1.879080390501339e-01 
66023	9.786224467580311e-01	8.822852107148083e-01	8.498009419300597e-01	9.206186309087177e-01	6.623998534224926e-01	8.390868226248244e-01 
66024	1.867349171949247e-01	8.948703663865432e-01	1.167583135500356e-01	6.010169440885154e-01	3.622348552393889e-01	8.646143650936960e-01 
66025	2.257305207782102e-01	9.057898069293191e-01	2.577903448873154e-02	1.322339289506124e-01	6.281087876428425e-01	2.712611198757128e-01 
66026	8.664219402086092e-01	3.895961821030808e-01	4.618222683024696e-01	9.357574935703340e-01	4.429478200352508e-01	2.433929635413890e-01 
66027	5.234738167018973e-01	9.937450038240035e-01	4.760452036168637e-02	3.076141524629734e-01	3.909004784146792e-01	1.531638126602228e-01 
66028	4.955221915131072e-01	3.695229251727103e-01	3.544902290936980e-02	3.453231329775057e-01	2.901415556157667e-01	6.978488763318624e-01 
66029	1.844099551366689e-01	4.768764728106915e-01	5.927192427184057e-01	3.011682691523658e-01	7.789341643354548e-02	9.549540979577946e-01 
66030	1.657826337804006e-01	3.036239372117556e-01	8.607439044214524e-01	1.915616682691321e-01	4.358578666280293e-01	4.888526915986336e-01 
66031	4.628227881448450e-01	3.022798063709772e-01	8.784488741673757e-01	9.246450569129758e-01	2.380372994756500e-01	3.213966937369652e-01 
66032	1.680380199887035e-01	7.615111161775473e-01	3.151416975609687e-01	2.156425403503899e-01	6.912526817485935e-02	7.060421759756479e-01 
66033	3.688063530106127e-01	5.646474596879666e-01	7.556510068269684e-02	4.042553763856438e-01	9.099705931311336e-01	3.657066567641248e-01 
66034	1.021042522518450e-01	9.438054780214120e-02	8.425831295748163e-01	6.948234949702506e-01	3.955488169545069e-01	9.204765464740230e-01 
66035	6.497775924623840e-01	5.613314507349075e-01	2.241004832201174e-01	5.105214964181750e-01	7.528931190040397e-01	6.599583498481467e-01 
66036	9.993741884824699e-01	2.157159071488846e-01	9.622381562191239e-01	8.778230621841844e-01	1.403609635961992e-01	2.002754552291126e-01 
66037	1.992197554554882e-01	3.083989835849027e-01	9.617865718723212e-01	5.143614530164569e-01	5.240415239352926e-01	3.091183958151929e-02 
66038	2.204036289921047e-01	8.928478769459053e-01	5.955592997351472e-01	2.959687296748016e-01	2.971032528658878e-01	5.055298924006195e-01 
66039	6.616753864389264e-01	3.992075055833941e-01	5.999104402027607e-01	5.042585160137427e-01	9.403100008798344e-02	9.954592576229290e-01 
66040	4.247350620221044e-01	7.438085930160286e-01	5.567907078921751e-01	6.488355452422219e-01	2.543300889685424e-01	3.096838268962148e-01 
66041	3.087938950903685e-01	2.537042769853511e-01	5.253997340450993e-01	2.710320508438312e-01	1.315273387038742e-01	6.657606976412985e-01 
66042	4.713075065386051e-01	3.307470946250237e-01	9.741596812262012e-01	4.330940779452650e-01	8.451085476414806e-01	4.982012046958326e-01 
66043	4.640059175267843e-01	6.551217616792404e-02	3.910490811760766e-01	5.956521679627021e-02	3.614809063083869e-01	6.881523345076257e-01 
66044	5.650951091968898e-01	2.315629228165201e-02	8.735983962535851e-02	1.650055493996505e-01	5.274148082953947e-01	1.813908397133419e-01 
66045	1.604648065569181e-01	9.521498703174991e-01	9.251994327293707e-01	7.172555144490933e-01	6.009854155597210e-01	1.795295216979131e-01 
66046	2.693934087964675e-02	9.097793106500894e-01	4.332337986832642e-01	5.523390749247461e-01	1.808113610282593e-01	5.647611378527997e-01 
66047	2.180997721003833e-01	6.521188675668644e-01	8.955082324778234e-01	1.922594528609232e-01	8.521294504646815e-02	7.406167796536427e-01 
66048	6.904606575567558e-01	5.492188630389138e-01	8.061289562872280e-01	8.150973873283236e-02	6.087840798351840e-01	1.676098621299536e-01 
66049	7.696620732404581e-01	1.738791890320737e-01	1.907661544116056e-01	8.570219128658165e-01	3.388847384317241e-01	7.181809631726616e-01 
66050	3.841275211349723e-02	4.993495449886423e-01	6.703308330244994e-01	9.636121853085291e-01	2.166050589720742e-01	2.713162481185590e-01 
66051	1.431417065407809e-01	2.435444003173823e-01	1.810955583029872e-01	5.763755052240451e-01	7.958834752421283e-01	3.619069197969078e-01 
66052	1.411366426111835e-01	1.398324734251166e-02	1.402578689811089e-02	3.664487462334562e-02	2.062427002034349e-01	9.923873241024032e-02 
66053	7.772616547426496e-01	8.967033582258519e-01	6.484575954491540e-01	5.833906105642164e-01	9.782130969586843e-01	2.572416748186768e-01 
66054	7.510004726941699e-01	7.478751697334811e-01	4.311208638507504e-01	9.417666271057756e-01	6.048970821336364e-01	7.700056022824746e-01 
66055	6.599475898127759e-01	6.433098342471336e-01	2.693551468054555e-01	3.302784228372753e-01	6.069220190900014e-01	4.859602062431910e-01 
66056	6.015946709558343e-01	7.500637256307824e-01	7.295046065605733e-01	7.826902297244828e-01	3.264392308548276e-01	5.253880813370403e-01 
66057	1.445971490557292e-01	4.675758734660111e-01	5.393713286795520e-01	1.586229359538401e-01	5.042207485550180e-01	7.456140293486482e-01 
66058	2.578616683640804e-01	2.814824028320063e-01	6.423173871088388e-01	9.063192638132346e-01	8.648730133962226e-01	6.205304836018618e-01 
66059	1.635609386319113e-01	6.158734856247313e-01	3.684056528696817e-01	5.946818024826617e-01	5.576401122648456e-01	9.733027350033181e-01 
66060	3.646874047651363e-01	2.175877020776215e-01	6.166125687847904e-01	6.340425515705918e-01	5.478661249148967e-01	2.235345878747919e-01 
66061	1.200027573481215e-01	1.494607954050697e-01	9.735983135055742e-01	8.495073639086947e-01	9.321510251295525e-01	3.000375438947405e-01 
66062	3.748954452457351e-01	7.674817371962041e-02	7.676134178264129e-01	9.142667739252871e-01	2.353711101391218e-01	2.718341659157696e-01 
66063	6.598808028082740e-01	4.932327785032022e-01	5.533165687477759e-01	3.021981894514515e-01	3.995520423164368e-01	4.181895816783372e-01 
66064	9.227286730533134e-01	5.631129809483481e-01	3.406306683740722e-02	2.911343254573338e-01	1.577947829653485e-01	5.917031791022528e-01 
66065	2.644370599949905e-01	5.224821877304847e-01	8.092908811798742e-01	8.810496292454422e-01	1.565247393010765e-01	3.571570056291097e-01 
66066	1.045842166545727e-01	2.765274966491980e-01	5.066178014998407e-01	7.818252969448572e-02	1.260348605578928e-01	4.387688261637319e-01 
66067	3.782200740548876e-01	5.009303058036279e-01	5.155170003490136e-01	1.458334914156392e-01	4.151970792632537e-01	7.508881104881354e-01 
66068	4.176676573314088e-01	7.507788207152760e-02	2.441208885256764e-01	9.709842260791847e-01	3.772760715229791e-01	6.436729308421132e-01 
66069	3.891738072918606e-01	3.000047445762924e-01	2.067859113248000e-01	4.232368741292678e-01	5.911390700336262e-01	3.645806947558097e-01 
66070	1.494005276585932e-02	8.555761304942779e-01	8.870628824862944e-01	8.242309344113948e-01	7.366257592740588e-01	4.358762132170965e-02 
66071	1.813879395748433e-01	8.412099759286316e-01	3.201151184365689e-01	6.880057410746839e-01	9.193925056231174e-01	4.461499789944617e-01 
66072	1.267745672384158e-01	2.976125792123436e-01	9.470802847980896e-01	6.422915675874294e-01	4.434460706279827e-01	3.622773635956819e-01 
66073	3.931796776099036e-01	8.611137279593916e-01	4.373552456672095e-01	6.373005661355799e-01	8.320979535729149e-01	8.146313176558498e-01 
66074	2.809734969776932e-01	2.212717603991142e-01	1.146360617664811e-01	4.877594083024931e-01	6.445086345283820e-01	7.057751318001072e-01 
66075	8.523401030583029e-01	6.594486877599026e-01	5.613512618287240e-01	7.394029855445973e-01	4.836796217056362e-01	2.979770206371215e-01 
66076	7.829906068663069e-01	6.650675612804795e-01	1.391869961000918e-01	1.031057248372146e-01	3.530733023551634e-01	5.857950172320917e-02 
66077	5.492557038316762e-01	4.798478695935793e-01	3.561920809355528e-01	4.963359881641045e-01	1.221394367153474e-01	7.996381520291967e-01 
66078	8.586133522254477e-01	5.153191143252510e-01	6.607518795229270e-01	2.959685974269959e-01	1.526196799951697e-01	4.928498330958420e-01 
66079	1.105999146171845e-01	4.335931769728629e-01	7.141215934949562e-01	2.252359763836656e-01	9.213525857410173e-01	3.586302280233382e-01 
66080	9.310111086494341e-01	7.736926883336588e-01	1.807891531757960e-02	4.923623700124968e-01	5.130956734125948e-01	5.017585370232158e-01 
66081	7.903393911152796e-01	2.960862802789017e-01	1.668260978380340e-01	9.295263872153714e-01	3.991920051161162e-01	5.198994001931974e-01 
66082	9.881058889385805e-01	9.484477094134538e-01	9.997472697867766e-01	3.442979698741334e-01	4.447836971118970e-01	1.218867060364628e-01 
66083	1.439361214376688e-01	3.033970488716835e-01	6.372058203617138e-01	8.046880009605959e-01	5.993656467643407e-01	7.898255008225448e-01 
66084	2.975378335907766e-01	7.099655613815251e-01	2.234186773297464e-01	1.165942708573278e-02	9.352015382308521e-01	1.447712626051024e-01 
66085	3.702896551090710e-01	8.662126464146248e-01	9.184639514044225e-01	3.883685704266506e-01	3.585750159614603e-01	4.315596243513560e-01 
66086	8.901271074498665e-01	1.489144066110786e-01	7.276459046302577e-01	5.695320482223910e-02	7.844079382645003e-02	1.268379097463740e-01 
66087	5.768526054810977e-01	6.654668229936933e-02	7.528561869416647e-02	5.765998748022131e-01	4.108446521735027e-01	5.200693158060635e-01 
66088	6.984865813043372e-01	5.547807736111715e-01	8.234663651434082e-01	3.356924012003897e-01	3.594687745717675e-01	4.228320114420876e-01 
66089	1.255179015572732e-01	6.570066081625440e-01	1.327975723579515e-01	3.489365793526809e-01	6.686660352482768e-01	6.799911012314219e-02 
66090	4.937078419577833e-01	3.895568989168652e-02	9.342117565377670e-01	4.121717928965445e-01	4.273242603183371e-01	2.927867724992273e-01 
66091	8.437314177135617e-01	3.174513673025423e-01	4.417011791103059e-01	5.713773218781582e-01	3.744045725904426e-01	5.201419729367560e-01 
66092	6.982152316245321e-01	9.512571780715404e-01	5.866886557017866e-01	7.735008503186986e-01	5.278570524080922e-01	9.975333078752893e-01 
66093	2.935701661247621e-01	2.263436332467681e-01	5.523140814864608e-01	1.170365308025091e-01	5.620360349128191e-01	9.117828560582282e-01 
66094	5.398685422445967e-01	6.875539364700922e-01	5.687894637551110e-01	6.726661146025481e-01	3.649051535711182e-02	2.374554990033877e-01 
66095	7.406652251913516e-01	5.301983577805564e-01	2.764111888950743e-01	6.748769812634573e-01	9.423701506771008e-01	7.037354496790726e-01 
66096	9.676637537626847e-01	7.861015679250013e-01	2.118681651595366e-02	4.093649328729906e-01	3.574788898031594e-01	3.955913891063963e-01 
66097	9.295069058097466e-01	5.569412096203031e-02	3.468485667122754e-01	5.161955610458718e-01	8.291949717463902e-01	8.747056195860289e-01 
66098	5.137288689211611e-01	1.227651374054910e-01	1.010492523671357e-01	6.604294994196061e-02	2.398016682080001e-01	6.630852872799547e-01 
66099	9.778258060001889e-01	7.796702104525968e-01	3.506392237500470e-01	5.466152692896386e-01	4.523363245894836e-01	3.871297391071589e-01 
66100	7.840707682930262e-01	1.930015493151739e-01	9.173280968877152e-01	6.048195718810053e-02	8.678785310442925e-01	8.596982475648161e-01 
66101	7.642174068671732e-01	8.355422843413158e-01	6.457998150241561e-01	7.854042233831269e-01	2.449072167486452e-01	3.278704361654215e-03 
66102	1.809956124895232e-01	1.744141225583917e-01	5.897282578934581e-02	5.278441792017986e-01	6.906096836042636e-01	8.881677975357360e-01 
66103	4.025497983221662e-01	2.043385520597634e-01	1.093293447556576e-02	5.035990511549633e-01	2.703815020017240e-01	2.507346026835658e-01 
66104	1.666843379692567e-01	2.482073075362515e-01	3.040481267050133e-02	5.173235617193037e-01	7.948225772915514e-01	4.827411372599849e-01 
66105	9.044533012921239e-01	5.788933451189163e-01	6.757426870408201e-01	8.217813977141778e-01	6.393753023070168e-01	5.436212176194514e-01 
66106	6.814796448133326e-01	4.035927087085288e-01	3.791635014951059e-01	3.272794598374886e-01	1.889969320916556e-01	6.240707187094123e-01 
66107	3.305581641991428e-01	3.699925445811788e-01	7.984848412678041e-01	3.895309899884886e-01	8.978367237829774e-01	4.890945244064063e-01 
66108	2.776987870585633e-01	3.003865221051437e-01	6.934330769318310e-01	2.886317215341291e-01	8.039855732601069e-01	9.638145789335549e-01 
66109	5.393663242176949e-01	9.706699112293636e-01	2.120218864698065e-01	5.697711368881963e-01	4.879934729486674e-01	6.844463295696519e-03 
66110	5.251227414818121e-02	3.924467737751299e-01	5.857378084146128e-01	7.282549611890013e-01	2.142281710236464e-01	2.251131107216296e-01 
66111	2.718761783427914e-01	8.957078163026403e-01	6.287058194301584e-01	6.510396798378972e-01	2.229872756744676e-01	8.177027515218140e-01 
66112	2.751103980816483e-01	5.535454398736104e-01	1.876952956373316e-01	7.359523888379113e-02	9.430764303277602e-01	8.553201942030900e-02 
66113	5.626897637558588e-01	2.207752169206623e-01	3.859185415254526e-01	2.561228402220285e-01	5.094069389204527e-01	1.899041143198982e-01 
66114	2.199374186899222e-01	4.877326267248637e-02	1.605740250836006e-01	4.319593051597286e-01	6.185444000263439e-01	6.485674980322679e-01 
66115	4.388037684554252e-01	6.710566741745252e-01	4.101427134173655e-02	2.454157687003798e-02	3.993116348978652e-01	2.552424428310443e-01 
66116	2.496546875916676e-01	6.711878132406566e-01	1.509502586680233e-01	8.783605070218260e-01	3.222274926128925e-01	3.739375343424908e-01 
66117	6.960632585436400e-01	5.973378911602022e-01	9.274829742161013e-01	8.837585541809716e-01	6.709331300439934e-01	8.705594040782002e-01 
66118	9.692905736012806e-01	2.336228933341908e-01	9.133462099886248e-02	3.552091146610720e-01	4.897457335562193e-01	6.007415599193152e-01 
66119	5.451132289809703e-01	7.096831527118027e-01	6.495148225918016e-01	7.056872545302321e-01	1.416424574058701e-01	2.680592221524842e-01 
66120	3.542547520968387e-01	5.804462263269565e-01	9.391158963270094e-01	3.952690239042365e-01	6.049878031969945e-01	3.384275307592133e-01 
66121	6.505114667352808e-01	8.546424907886621e-01	9.615343534208528e-03	8.014617254033041e-01	7.330029973448268e-01	3.318428366127623e-01 
66122	1.753992592801336e-01	4.290662554228056e-01	9.291807277729645e-01	1.028822330305736e-01	3.128248096037772e-01	6.001138573512965e-01 
66123	9.734416375744350e-01	2.821153827393965e-01	8.337367511511485e-01	6.477625810763625e-02	6.373244978661298e-01	3.234824842417066e-01 
66124	6.655178180269514e-01	1.824377263814387e-01	3.316563648784795e-02	3.150326401530917e-01	8.881249809116707e-01	1.748080943593793e-01 
66125	5.830918627712373e-01	2.423797330085094e-01	7.552543206863358e-01	5.222077586325853e-01	6.376487569127459e-01	3.602421234176690e-01 
66126	8.606352898574599e-01	2.881602231823654e-01	2.148846137406699e-01	8.702506333916684e-01	8.962194812000820e-02	9.478876110854967e-01 
66127	2.020934695387694e-01	2.650212074001418e-01	3.769538665083022e-01	1.312741968460727e-01	3.679034404307154e-01	6.897786761120793e-01 
66128	7.313880546630305e-01	3.413450775394892e-01	9.718940588514758e-01	5.651248053485177e-01	4.061213356471254e-01	6.092185562519443e-01 
66129	8.886072895902243e-01	7.163915320841556e-02	7.916562830990442e-01	9.217729265437336e-01	3.866717938271685e-01	6.797812635450536e-01 
66130	9.658102043745155e-02	9.697636565984058e-01	9.221609965535631e-01	8.518353411237873e-01	4.919714147653297e-01	5.598097530006476e-01 
66131	2.120774640757951e-01	3.526067041571283e-01	8.479699761830131e-01	4.269620778164650e-01	2.228573375487967e-01	9.375919243030213e-01 
66132	3.748496884363003e-01	4.249508070875662e-01	2.026131312375018e-01	7.518035549446026e-01	5.562250043993001e-01	5.705165721338785e-01 
66133	4.415822305910206e-01	2.876130585966692e-01	9.118616496733677e-01	4.134762894424965e-01	8.527378639451870e-01	3.179829853204931e-01 
66134	2.269484522877952e-02	7.413451530697500e-01	3.896221385289086e-01	8.143511283278237e-01	6.631180791478223e-01	7.762939323560772e-01 
66135	4.941323918728774e-01	7.596990995852738e-01	7.460575884888216e-01	4.162933879607792e-01	6.115344402433999e-01	2.380290032541514e-01 
66136	9.761031414270881e-01	8.236119043191951e-01	5.906357074112798e-01	8.240731171444399e-01	2.505739816699987e-01	8.134930449600765e-01 
66137	7.616650414474612e-01	6.254236705719604e-01	2.384438520476426e-01	9.642781726849630e-01	3.772272250509016e-01	7.946688564469427e-01 
66138	5.347947443531802e-01	8.188094561075836e-01	8.228191457795068e-02	4.466563940265478e-01	2.322857450844188e-01	9.350197785231377e-01 
66139	7.646393793470410e-01	2.549805903131983e-01	6.763649311272264e-01	1.542615174102883e-01	6.933171864102208e-02	3.394830102750487e-01 
66140	9.305554502320268e-01	5.634641105138996e-01	9.918210939466120e-02	6.766130382551873e-01	9.797574984746787e-01	7.107165501037224e-01 
66141	9.146420415093387e-01	9.558606394361056e-01	5.343284539572561e-01	5.052777489206184e-01	7.799337565805454e-01	7.849024360929161e-01 
66142	3.187707934150336e-01	5.415987975623453e-01	4.103261061992152e-01	5.572146454626763e-01	5.058769697816470e-01	7.875533312501168e-01 
66143	3.518835014439577e-01	4.067171413482713e-02	6.063627868920392e-01	4.341654160219083e-01	4.873281081613750e-01	8.386485319764579e-01 
66144	3.691851940793848e-01	2.519674870427546e-01	9.362912228965625e-02	4.555012520661118e-02	4.062290044530430e-01	1.629608409306783e-01 
66145	3.850331354816598e-01	3.367844542194086e-01	7.264249514445779e-01	4.842152448763211e-01	1.339749247459578e-02	7.061824494535953e-01 
66146	1.949317945143822e-01	9.280395339839345e-01	6.620430888897009e-01	7.292602489372996e-01	4.333172824388916e-01	4.419768450045850e-01 
66147	5.141626845645545e-01	7.520880763195865e-01	9.835756425669303e-01	9.244887907637697e-01	3.093027213166015e-01	4.894526118829160e-01 
66148	7.120421215482252e-01	6.611862232262204e-01	5.301243260177432e-01	3.184049084402644e-01	9.535163878246752e-02	1.745243371345682e-02 
66149	1.570534399510610e-01	4.645368333275136e-01	2.694199207562115e-01	2.506825622407173e-01	5.100869585341248e-01	6.756489256749157e-01 
66150	4.136434031713956e-01	8.951200940157846e-01	1.243337942866300e-02	1.400683541503122e-01	3.793353384264443e-01	2.583087190325878e-02 
66151	8.462508040695688e-01	5.742671334064878e-01	9.538704063528545e-01	5.082938924936083e-01	3.035273818781261e-01	3.871876883260849e-01 
66152	9.502707374981934e-01	8.176900664426806e-01	1.392757641800101e-01	9.338463795994625e-01	7.421788567407890e-01	4.485784859622728e-01 
66153	4.232989910167171e-01	4.542209778233529e-01	1.097647087228320e-01	9.534233175001215e-01	7.726258862636173e-01	2.051163475052995e-01 
66154	9.708757512135784e-01	9.296793266803396e-01	6.696531808328131e-01	2.402956719697898e-01	1.803618884553955e-01	1.797401389012766e-01 
66155	9.159445976447056e-01	5.940052920924525e-01	7.486023245139990e-02	9.283779770733686e-01	7.340736462427646e-01	4.541955713435056e-01 
66156	9.542088494422887e-01	5.803244498466721e-01	2.846270428433209e-02	9.080792553294819e-01	8.861834187461917e-02	3.319900861624582e-01 
66157	2.952669431899055e-01	3.888907890715128e-02	1.496801521394775e-01	4.345427078355768e-01	9.727354585066137e-01	8.918590088802665e-01 
66158	8.831211937978497e-01	3.960344495233309e-01	3.460799862379580e-01	9.928859025206817e-01	3.494577665577911e-01	1.187058725015753e-01 
66159	1.980022495603199e-01	3.203335173057082e-01	4.838519871625360e-02	8.676554308587944e-01	5.606291892754981e-01	2.287470871716491e-01 
66160	4.739556929440963e-02	4.765737864545425e-01	8.227523792641016e-01	1.222558022114708e-01	4.049517635279111e-01	5.568260255068662e-01 
66161	5.764513735549763e-01	3.591606125045385e-01	1.371504748878770e-01	6.049140778393085e-01	2.672398673683590e-01	2.257688172281574e-01 
66162	9.369041640017667e-01	5.625068105582646e-01	2.646578961353087e-01	8.658431567558289e-02	9.970495183938414e-01	2.373933546419225e-01 
66163	9.784433245558494e-01	8.801707117260298e-01	6.334278041652533e-01	3.245233103281461e-01	8.730566137810502e-01	9.828855707230445e-01 
66164	4.432291828297215e-01	7.105886334137007e-02	3.032190875630915e-01	4.916143815459750e-01	9.387142942001644e-01	8.638482773042508e-01 
66165	7.203614691832855e-01	9.861098634945741e-01	3.404220632931320e-01	5.431138479817258e-01	1.083656652403835e-01	7.453738268210430e-01 
66166	9.993987302293064e-02	6.848170387953599e-01	1.045344388599202e-01	2.370903483764689e-01	2.897311161690071e-01	3.717743062282793e-01 
66167	4.628591656046264e-01	2.266352797051125e-01	9.342811172522051e-01	7.275170617399351e-01	3.132195953806953e-01	9.313306351803852e-01 
66168	9.649104163818576e-01	2.916629194708834e-01	8.115013469064148e-01	5.983382200814495e-01	6.161862302646908e-01	6.845579602218037e-01 
66169	5.812237903388328e-01	5.941541262875098e-02	7.556168235631738e-01	8.844428783675855e-01	5.510297946403873e-01	6.943311172976769e-01 
66170	7.482911552061752e-01	2.713912633580115e-01	6.804409807922509e-01	8.871321803364587e-02	8.145051113397372e-01	7.888066460326345e-01 
66171	8.340870453203503e-01	9.144449848283291e-01	4.736236848279944e-01	9.386214841802705e-01	1.515353327391368e-01	7.633548009970015e-01 
66172	3.103957904085498e-01	6.143944983437631e-01	9.899900811677752e-01	2.446769071950935e-01	3.419115596180370e-01	3.032096760828093e-01 
66173	1.760075419098174e-01	3.068219759998945e-01	5.948725960193540e-01	9.875088888162322e-01	9.051601960813441e-01	2.110588258183835e-01 
66174	6.720668490380360e-01	4.863839864201769e-01	2.704742384471345e-01	4.276836721355485e-01	3.708268643221012e-01	8.215040330875218e-01 
66175	1.220147894332254e-01	1.191180190626150e-01	9.289529597987202e-02	8.024557702254763e-01	2.078312370962609e-01	9.074004077852705e-01 
66176	5.912624157924495e-01	4.191828195094982e-02	8.218453921479384e-01	6.488610015478269e-02	9.805397665968816e-01	9.733807248870753e-01 
66177	8.282409016174455e-01	2.909355565397700e-01	5.877752227651771e-01	8.182309823195594e-01	5.356124637348635e-01	9.296867823832141e-01 
66178	1.214406579367074e-01	7.116200056446810e-01	2.365087579174474e-01	7.163132539560615e-01	6.991288944609132e-01	1.416689539987915e-01 
66179	9.273720797744449e-01	3.711957430332880e-01	6.280529404189684e-01	1.978463182215794e-01	7.988794151688364e-01	9.988798047410696e-01 
66180	1.935035084343997e-02	9.208942046020618e-01	1.179978233380233e-01	1.122456472889733e-01	7.233499743618770e-01	3.258290604342842e-01 
66181	1.964605460858255e-02	3.146123901543265e-01	3.677473428508953e-01	8.414914467565210e-01	3.794984903091092e-01	3.482871089821156e-01 
66182	8.148721711779350e-01	2.077393914608934e-01	6.392226655218856e-01	4.026473934774508e-01	2.597037331479153e-02	1.748351287910878e-01 
66183	3.323341753950036e-01	1.474110317171603e-01	8.864551344357687e-01	5.688429337781122e-01	8.637242856732217e-01	5.855840284310206e-01 
66184	7.105118877769038e-01	7.910963654476667e-01	9.567797714643086e-01	3.385648277302109e-01	9.889426836692461e-01	7.556591866331450e-01 
66185	3.374446320056192e-01	8.293034047024805e-03	6.765533907695457e-01	4.554424553436425e-01	1.205386813359981e-01	3.999033651314226e-01 
66186	7.812715157779266e-01	1.401847359445806e-01	7.145157552857491e-01	1.490188581631607e-01	9.816761827011016e-01	9.401424512919702e-02 
66187	4.973059671452763e-01	7.965483534133753e-01	3.017536370557517e-01	1.365286322015005e-01	1.991957464251647e-01	3.277240103705432e-01 
66188	3.113637609925884e-01	5.315299222858296e-01	4.751350420877035e-01	1.978188954283571e-01	1.003728555982806e-01	3.388593277609252e-01 
66189	7.834029238593778e-01	8.108847433751843e-01	1.299556927429306e-01	7.401826953236864e-01	1.494495706397340e-01	1.188983759465154e-01 
66190	4.958418814911702e-01	4.868942026453532e-01	1.271914099935402e-01	1.723952717950546e-01	9.423366579889956e-01	2.477300917951996e-01 
66191	5.722986369264771e-01	7.236081733012610e-01	3.879148277397802e-01	2.868143917465650e-01	8.726270319300830e-01	3.695910104408818e-01 
66192	3.808286373414232e-01	3.699329986096979e-01	1.661393633885958e-01	6.825822743971750e-01	5.064616312768597e-01	3.653351102794218e-01 
66193	1.030628430205690e-02	8.178253922694481e-01	8.968650325652515e-01	4.854413268554217e-01	1.564428723214394e-02	9.972378881635321e-01 
66194	8.243006546163469e-01	7.990472115571831e-01	8.081226310730552e-01	9.542563473592774e-01	5.392299064152082e-01	9.575722017127891e-01 
66195	7.315472284013159e-02	3.507178744071712e-02	4.444664038924809e-01	2.003461328336718e-01	2.074670592357717e-01	3.868030614158153e-01 
66196	4.480762246288714e-01	7.797656966279101e-01	1.104112342514150e-01	8.359910528343130e-01	6.658008790881377e-02	9.830382661814979e-01 
66197	2.055820628095335e-01	4.474087252502370e-01	3.529712647911959e-01	3.717214261981293e-01	1.299909991817507e-01	8.594328960680556e-01 
66198	7.370565364775511e-01	1.402972839494689e-01	6.772582878718424e-01	6.339215685771413e-01	6.257386108048906e-01	6.929025755696476e-01 
66199	6.311594562750121e-01	4.500392649555762e-01	4.919497866611694e-01	4.392820868824059e-01	4.042956118491923e-01	3.117969261071631e-02 
66200	3.968542881295338e-01	4.774503346893240e-01	6.625148005143343e-02	8.413206920220148e-01	6.777964675229957e-01	2.737185392872051e-01 
