25201	8.676694616990487e-01	2.016338823370793e-01	4.578066265479692e-01	1.817474361424090e-01	1.138225175039016e-01	7.734571163418968e-01 
25202	2.165202983731964e-01	8.828917536339218e-01	7.193955116529928e-01	3.967516768708600e-01	6.838829548488757e-01	4.459240969484318e-01 
25203	6.276392138691802e-01	2.488365020830354e-01	5.063256633031767e-01	2.732111077165283e-01	4.147101619349374e-01	7.765742879251830e-01 
25204	3.651710107760369e-01	2.508361280201171e-01	6.960681857057234e-01	1.526352633501567e-01	7.035226233785612e-01	4.056881984722280e-01 
25205	3.658310283747646e-01	7.629480817182679e-01	7.354500278529944e-01	3.930406055380780e-01	6.431215417772166e-01	3.031176968026523e-01 
25206	1.779116518692633e-01	5.107910030106041e-01	5.047515791397317e-01	6.357182784172326e-01	6.925384391530131e-01	6.185740971092946e-01 
25207	4.091753942934682e-01	9.090587375262095e-01	5.014658502775551e-01	1.285709059464610e-01	3.058104139314082e-01	1.853488046607696e-01 
25208	5.744950028948929e-01	9.334496282662497e-01	4.341853067438050e-01	8.082066573240826e-02	2.066607355171166e-01	8.488954691444037e-01 
25209	8.573949541232525e-01	5.718317467588148e-01	9.973159669885952e-02	5.534631393633146e-01	7.244670101089715e-01	8.032542200774206e-01 
25210	9.591513383012038e-01	9.029803848373612e-02	5.662023013300274e-01	6.946013656885369e-01	4.833386440218140e-01	2.093238426415826e-01 
25211	9.977190624911892e-01	6.612502963567387e-01	7.201148456521868e-01	5.024706411652596e-01	2.969685743083100e-01	4.126532843395385e-01 
25212	1.210447378088928e-01	7.061439690674394e-01	3.217120214000866e-01	6.225105880864480e-01	8.347148750139004e-01	6.275224353314948e-01 
25213	8.078593927472175e-01	4.092098774431319e-01	5.609720631320830e-01	2.420446994910225e-01	4.900305436412015e-01	7.676327991148609e-01 
25214	9.094016816976488e-02	3.474254972987927e-01	3.394645454080145e-01	1.906717648686244e-01	9.008886366621073e-01	6.393155505132468e-02 
25215	9.939259849460451e-01	8.600399744976498e-01	1.542295935350608e-01	5.601282858104111e-01	5.546413397205254e-01	6.375682380225361e-01 
25216	7.694521284519937e-01	5.523604017460534e-01	2.988185339136136e-01	4.895669736385191e-01	5.483104291131303e-02	5.957871082219235e-01 
25217	9.022202579780576e-01	1.758757807202059e-01	3.019310768237016e-01	2.239322789124829e-01	7.983863692723151e-01	1.366459513719408e-01 
25218	8.514547142439777e-01	6.062457615538713e-01	5.458558292807340e-01	4.124267773760608e-01	8.482904610448938e-01	3.588637245627417e-02 
25219	1.800595760252604e-01	9.392306292146587e-01	3.833118697550669e-01	5.195241214332749e-01	1.299023936176218e-01	2.842005059515129e-01 
25220	5.834556764845995e-01	1.238283780980056e-01	1.442404804491627e-01	7.376852704853216e-01	6.839566639084167e-01	6.988818201696881e-01 
25221	3.752535080421965e-01	4.534087918947492e-01	2.512422219157416e-01	6.740720419558101e-01	9.429757655332683e-01	3.060732648270546e-01 
25222	2.698591497120723e-01	8.451960230456647e-01	4.819490455472605e-01	5.717902270014352e-01	6.912830149248629e-02	2.803354143539143e-01 
25223	7.084361783733760e-01	9.205830162021252e-01	8.865811763734469e-01	2.542920071884487e-01	3.330097931125247e-01	7.348716369526794e-01 
25224	2.901783796447229e-01	5.130693691377851e-01	6.741022661673381e-01	6.734902493997897e-01	3.259349010539869e-02	8.040046597849599e-01 
25225	9.576907558169638e-01	6.160491665899982e-01	9.278330383486268e-01	1.019312358004652e-01	3.537344366096586e-01	6.117897017913823e-01 
25226	8.008130559701533e-01	7.289879446518551e-01	6.519849368613143e-02	5.205527742023360e-02	4.030599861420039e-01	8.174258753738487e-03 
25227	3.581285422472882e-01	6.729191363197374e-01	8.533702822650644e-01	8.400775882602100e-01	2.447093628555114e-01	9.224985837575507e-01 
25228	1.204130021484629e-01	9.531455412288874e-01	8.430815994940147e-01	6.994178056248547e-03	2.074375484173361e-01	1.760913921408781e-01 
25229	7.418658154745893e-01	4.976159280620590e-01	6.891607612786632e-01	4.159680811762661e-01	1.711061774618487e-01	7.217542513840619e-01 
25230	2.199727404955648e-01	1.287969328131512e-01	3.378034179740601e-01	1.478057783785303e-01	2.307281686136164e-01	6.915378545837187e-01 
25231	7.595954806355738e-01	3.154122411810850e-02	4.205257992355739e-01	8.247939743217053e-01	8.359650200400338e-02	8.235857853775778e-01 
25232	8.329682330754438e-01	4.417250442512916e-01	4.965049212316540e-01	6.863385148748469e-01	2.818026320458402e-01	7.412142840871654e-01 
25233	6.088370986323977e-01	4.022156346599644e-01	6.943598253160528e-01	4.519186976607510e-01	4.092098127162130e-01	9.017973737333889e-01 
25234	6.280100902672904e-01	1.510756277251409e-01	3.994133013297866e-01	3.171708510802923e-01	5.670437089014071e-01	5.705194787916352e-01 
25235	3.892510246435418e-02	7.870164498626331e-01	6.993164116047865e-01	3.767285204384143e-01	9.348222282411635e-01	9.300445802184030e-01 
25236	6.826637455647176e-02	6.944177084110760e-01	9.615858048021727e-01	4.887921737920456e-01	5.192116822671200e-01	4.518230634051482e-02 
25237	3.123779591696234e-01	3.521799153425637e-01	4.869073505918064e-01	8.088828804012774e-01	3.851842975174935e-02	7.687099831033078e-01 
25238	5.500971644884428e-01	6.473555283841470e-01	1.709256172976110e-01	2.444569893388343e-01	9.927422604489802e-02	5.801354300138239e-01 
25239	1.462543626065619e-01	7.272843163121885e-01	7.312110582046262e-01	5.456676639363485e-01	4.445516692681944e-02	2.982547666403720e-01 
25240	1.161871427279837e-01	8.338026939117363e-02	8.527121603734382e-02	8.155035543327702e-01	4.601087898295879e-01	2.009344427850723e-02 
25241	7.455481345511732e-01	5.283751648517210e-01	7.145111526895832e-01	7.071339388876846e-01	1.716733817810534e-02	2.337228349567032e-01 
25242	7.523162452281994e-01	3.295452973477287e-01	5.859027502992669e-01	2.392235953543445e-01	1.384281777490061e-01	6.244211800510162e-01 
25243	7.933577991991108e-03	6.885253422374490e-01	2.717767084351632e-01	1.788591952896021e-01	9.329823315762833e-01	3.710509344800613e-01 
25244	7.589946257690874e-01	7.923669371718386e-02	9.833525032658839e-02	4.902056835080523e-01	6.249043576535324e-01	1.427904172534079e-01 
25245	7.884604501484244e-01	7.410915003815161e-01	2.261706871102427e-01	8.737316666514294e-01	5.565950547142863e-01	6.862794769398307e-01 
25246	8.938251109299367e-01	3.021431887997981e-01	2.146546413258904e-01	6.083362631538586e-01	9.277127221821401e-03	2.318219799696570e-01 
25247	8.420590981105618e-01	7.615933724500208e-01	5.613672773173858e-01	4.279618479441674e-01	8.169673387040232e-04	6.997954550663920e-01 
25248	5.238302799518361e-02	8.750545796356419e-03	3.883207968381796e-01	3.241597364303468e-01	1.876097410859585e-01	3.213031279488016e-01 
25249	6.952106709104081e-01	9.466043668550459e-01	4.005398216659855e-01	7.935459212369965e-01	4.368100498974370e-01	2.544417931951777e-02 
25250	9.363363384904043e-01	2.252705000458614e-01	7.665356797010339e-01	1.625070251349858e-01	9.900216623162951e-02	3.231307339496588e-01 
25251	8.487865025404778e-01	9.928272771615662e-01	6.252739227494569e-01	6.344114340070689e-02	6.011635398497636e-01	6.345510499712783e-01 
25252	2.952631233703639e-01	4.432226379603253e-01	3.961444219556378e-01	8.566304011534109e-01	8.711844859044927e-01	3.969613897600031e-01 
25253	5.564258557541416e-01	9.235675138996763e-01	4.057119355563595e-01	9.447466530579826e-01	2.477272498643618e-01	5.933216766423181e-01 
25254	2.660497805411228e-01	9.429379207747699e-01	5.399260434973641e-01	6.665896026727695e-01	7.364838415461051e-01	9.767360933948011e-01 
25255	6.920337819922873e-01	6.728201800365095e-01	2.020065929750011e-01	4.585694612276598e-01	8.353272051714953e-01	3.010087592066306e-01 
25256	7.817001956429799e-01	6.841137072463118e-01	2.938360359025355e-01	4.069741179267755e-01	7.475548511126799e-01	8.949995762179603e-01 
25257	4.152516789805385e-02	4.281797401738259e-02	3.382222137126244e-01	4.376695898536917e-01	8.994483751707936e-01	2.094066991514557e-01 
25258	8.346309796136948e-01	4.558742309249352e-01	1.329742130511320e-01	2.403429147043931e-01	4.006208835172564e-01	3.807014629154938e-01 
25259	8.336645918123725e-01	6.666706640583792e-01	3.236393836902638e-01	3.735906348440752e-01	3.332602662654874e-01	6.012322477070765e-02 
25260	3.503267277732151e-01	2.529404779211341e-02	7.329434048072171e-01	5.523333212138775e-01	4.838635094854345e-01	5.682706099787125e-01 
25261	8.533420804205081e-01	2.655637046627531e-01	2.523843167593630e-01	1.471781163230436e-01	6.725378225895287e-01	9.999391678720430e-01 
25262	4.217769207534273e-02	7.140629904875825e-01	4.275714188942552e-02	3.803999057879671e-01	1.517325803412742e-01	9.422055170602190e-01 
25263	5.898066049394228e-01	9.863635599549690e-01	3.980797475194930e-01	7.227808179905548e-01	2.267064746593621e-01	7.987006310367494e-01 
25264	1.034822809060487e-01	6.037106600607330e-02	4.653712950951286e-01	4.271216645963125e-01	4.339617008501486e-01	7.986315613606161e-01 
25265	4.872448893670202e-01	7.842884286233636e-01	8.239256096183907e-01	2.201882941742373e-01	3.366217493715797e-01	3.077891186381639e-01 
25266	7.884589041529497e-01	1.899638297920878e-01	5.733528233009171e-01	4.084322044665144e-02	3.371419461151315e-01	2.458906454247844e-01 
25267	4.078238831869438e-02	3.793196381904742e-01	9.599536363780282e-01	8.353953020811990e-02	7.597195439784413e-01	1.116862162536412e-01 
25268	2.574504680267770e-02	3.495261484522029e-01	9.804977574294889e-02	4.238247947878320e-01	7.230696644275773e-02	3.247562504023110e-01 
25269	2.225254253589201e-01	1.757892473488065e-01	3.851273164083843e-01	6.878967204540487e-01	6.029109119451190e-01	8.190890172585328e-01 
25270	4.865282818146647e-01	9.015580084647788e-02	6.033774458818963e-01	3.104538909673942e-01	3.103440950207152e-01	9.399991952534761e-01 
25271	6.182430096055581e-01	9.880299870800367e-02	1.299630245799027e-01	1.915958324408139e-01	1.396462196203164e-01	4.671049706950341e-01 
25272	4.374864778655984e-01	1.804286079390108e-01	8.464246088855083e-01	3.974401137779653e-01	2.639681381471307e-01	6.061441523982883e-01 
25273	5.091263300316066e-01	2.897131849498084e-01	9.556703013161525e-01	6.071761062402167e-01	7.135379797376403e-01	2.797726729324891e-02 
25274	9.319323566425277e-01	9.360634055622217e-01	2.037665146420554e-01	3.170596730509119e-01	6.239601255506091e-01	8.066774265871743e-01 
25275	1.361486898437835e-01	1.104884068996126e-01	8.968332274336522e-01	7.395261357256798e-01	4.209422978670068e-01	2.071773224543675e-01 
25276	6.795253309791560e-01	3.918530700690360e-02	3.059803211623711e-01	8.094883555590586e-01	2.307811394477175e-01	4.456265407826875e-01 
25277	2.765933262540928e-01	6.682676177789773e-01	6.260551487216983e-01	1.230179346739398e-01	6.570773109128128e-02	8.900232868688289e-01 
25278	7.291620875378894e-01	5.748340615885491e-01	1.797364718186373e-01	6.848323883883806e-01	1.820101673631045e-01	8.932744515562777e-01 
25279	7.128096556816295e-01	1.139425235399709e-01	8.293378566528381e-01	9.165761703236849e-01	4.310021965908828e-01	4.532979822034472e-01 
25280	7.232535964451979e-01	5.671508869003276e-01	5.637863891030599e-01	6.200868234131890e-01	3.066770221603461e-01	9.847286874357278e-01 
25281	8.272641458675564e-01	9.862023531395021e-01	2.391399397697020e-02	1.332444670299275e-01	7.956907086985608e-01	2.546951338903490e-01 
25282	5.788710078126150e-01	7.228403448699230e-02	9.229627516693262e-01	2.049261565343133e-01	1.953019691609321e-01	9.886704827606075e-01 
25283	9.494944293748096e-02	9.244640566988215e-01	5.635045438834952e-01	2.746859147561183e-01	6.092964446215409e-01	7.455147112465997e-01 
25284	1.679603663123959e-01	3.221060998375090e-01	8.594572352522319e-01	9.972982229652341e-01	2.386822696955326e-01	2.904594313774534e-01 
25285	4.505962047030200e-01	9.619358661407306e-01	8.576103182777810e-01	1.438259380607987e-02	5.820226895539196e-01	1.642873404381272e-01 
25286	9.991112812418077e-01	4.092868349558147e-01	1.504896931119681e-01	2.302527475311666e-02	5.425313019857422e-01	9.461804018105289e-01 
25287	2.777204086434657e-01	1.214023097983572e-01	1.846443583185991e-02	2.006831598471306e-01	3.263284663326705e-01	2.137664054584533e-01 
25288	1.893536426077381e-01	4.212779092701515e-01	1.382304616916135e-01	7.528581864912334e-01	6.959638244919311e-01	7.475269067788156e-01 
25289	4.983728977378332e-01	8.639241908043270e-01	6.963300615066337e-02	3.578301325244038e-01	8.612224133038998e-01	3.083152763118573e-01 
25290	6.482895639018573e-01	3.118186180069198e-01	2.702511419869266e-01	5.058998821796383e-01	3.262012118129997e-01	8.522738315408462e-01 
25291	6.701872226177655e-01	3.253124925891461e-01	2.615606664966609e-01	8.206769157297336e-01	3.483377673422628e-01	8.040919684824031e-01 
25292	7.668573175402625e-01	6.260581764513897e-01	9.254942782807603e-01	7.853217533721224e-01	8.267413362985203e-01	2.518227441477695e-01 
25293	9.990881588305757e-01	1.609497844059718e-02	6.731006538835823e-01	1.373186205221892e-01	7.689531653974918e-01	3.690644779098520e-01 
25294	8.848455273010049e-01	2.673260626696637e-01	2.329886682485177e-01	9.544785334516682e-01	6.251561951940675e-01	9.421108108675623e-02 
25295	2.627938092978642e-01	2.734457586302635e-01	4.060296990936760e-01	5.330449517504522e-01	7.793456408099019e-01	7.322309109066757e-01 
25296	3.853187828256370e-01	4.495328629620061e-01	5.754340303016053e-02	6.468794493222979e-01	2.702097786917397e-01	4.058811708380846e-01 
25297	4.509714178047010e-01	3.706709576634089e-02	3.193934682381309e-02	3.764656956198000e-01	8.223888491384633e-01	8.586806831223335e-01 
25298	6.282884402332308e-01	8.214770079690390e-01	8.747756620285919e-01	3.013890936511518e-01	9.587956284912282e-01	6.437288269604224e-01 
25299	6.704535715610038e-01	8.436411553265718e-01	9.110548896300862e-01	9.034422398095215e-01	7.981196883125788e-01	5.362110843584924e-01 
25300	9.976533208962778e-01	6.091349761044304e-02	8.096568429887560e-01	4.036830199899539e-01	5.939584493608951e-01	5.890024837986577e-01 
25301	1.359139304309682e-01	9.792772321865322e-01	3.853534629500254e-02	1.934573339267901e-01	6.261566815088301e-01	3.087451249867422e-01 
25302	5.993385047648747e-01	7.712809884786984e-02	3.458122207530831e-01	6.312778515886878e-01	4.535937944676698e-01	1.682010698915464e-01 
25303	4.899585342453600e-01	8.188223423523933e-02	9.896780778605855e-01	3.647341958082906e-01	3.832713278863911e-01	9.484737058861524e-01 
25304	8.463022303051791e-03	5.372489898173367e-02	7.921148607470631e-01	9.195179119331380e-01	9.571671387912553e-01	5.902345485939805e-01 
25305	4.557289958259692e-01	9.548204596875330e-01	6.511480462044236e-01	2.653858388147251e-01	3.585034792118256e-01	2.451064950996575e-01 
25306	8.543883226133828e-01	4.944174096427939e-01	2.243837272861897e-01	8.929236689083854e-01	6.878747435695840e-01	8.505404087950198e-01 
25307	2.016687938951276e-01	2.872132478687974e-01	9.276685076428897e-01	5.474810146482108e-01	9.184910994574852e-01	3.812623016448982e-01 
25308	7.156820845397571e-01	4.084496337028451e-01	4.631445363457988e-01	7.053601619346813e-01	7.731838295111357e-01	8.464158642321898e-01 
25309	6.538338673551725e-01	7.816468522798489e-01	9.001407636795848e-01	4.459487276365742e-01	7.011647637473255e-01	8.573079020051788e-01 
25310	3.618327623055469e-02	1.568937595732947e-01	8.121283612270506e-01	6.873313224349783e-01	4.222795983880198e-01	1.706318399732149e-01 
25311	9.324378180002970e-01	2.766679205357414e-01	6.650492500816702e-01	1.568215448208254e-01	1.695915889784655e-01	3.529239931855928e-01 
25312	7.361953150183872e-03	3.712603828735931e-01	6.401372415200515e-01	9.350304607930735e-01	9.187413979874651e-01	5.586283405118754e-01 
25313	3.162927619723104e-01	6.344234820615610e-01	9.670779742147205e-01	7.794372983181092e-01	3.397836439962423e-01	7.402618037258563e-01 
25314	6.258531625502990e-01	9.936175113514147e-01	5.219086555400438e-01	5.259939257642225e-01	4.395662389879889e-01	2.230734188217080e-01 
25315	3.833018273037401e-01	4.757495152185436e-01	3.799671783950027e-01	1.954301885307907e-01	1.630808371878605e-01	8.022467767830225e-01 
25316	3.660620285040057e-01	9.551865472249624e-02	7.891469685310251e-02	3.111127812001448e-02	2.523401995433216e-01	2.485062862972293e-01 
25317	3.840352717712686e-01	2.597021526935055e-01	6.197666691708223e-01	2.417251282565878e-02	1.947326130209177e-01	5.385080666926262e-01 
25318	5.828008533375342e-01	5.110253754588894e-01	1.729315487541871e-01	5.498788275522547e-01	2.904626733113372e-01	5.127151927504293e-01 
25319	2.901406308124497e-01	9.163158358616362e-01	5.063327036361828e-01	8.120492863524935e-01	4.423097611601975e-01	9.458989426241717e-01 
25320	3.512270470854021e-02	8.256115889295990e-01	4.216484573770540e-01	4.150898835692042e-01	2.104177699472838e-02	5.847292950305758e-01 
25321	2.173366598865654e-01	3.871038054987340e-01	6.802479497530721e-01	2.962513572053292e-01	4.182150840844098e-01	9.325881497620550e-01 
25322	5.447576435025584e-01	8.022503558556784e-01	1.922903019898992e-01	1.645243122077195e-01	8.264228686813372e-01	3.870229154764782e-01 
25323	7.030323793660069e-01	4.092237215532100e-01	8.980482909353675e-01	8.759639281201940e-01	9.591025491054648e-01	1.885109637810434e-01 
25324	3.886791204049621e-01	2.492431794522531e-01	1.048267996426797e-01	8.950118240411449e-01	6.129246533908531e-02	5.471365608028772e-01 
25325	8.409107666653165e-01	9.641517051328680e-02	3.727481492668149e-01	2.625592235767092e-01	5.115050540824910e-01	3.937899262615432e-01 
25326	8.472885186072852e-01	7.288417139690564e-01	7.808937322259386e-01	5.275364683603572e-01	2.509307070872424e-02	1.991088158446871e-01 
25327	4.601246176567509e-01	5.698507142112826e-01	1.359171234704168e-03	6.524149196466501e-01	7.343750268846634e-01	8.277820399160414e-01 
25328	3.943783465746689e-02	4.374074057850090e-01	2.370057610035901e-01	9.374861255928344e-01	3.133713334395417e-01	1.961083101090548e-01 
25329	1.259970893738778e-01	7.020504538445037e-01	4.453514895613079e-01	2.308238890165574e-01	5.970622774199873e-01	5.066439553660546e-01 
25330	7.779604498194347e-01	4.379730436196425e-01	6.030591258793413e-01	1.507085990862495e-01	7.005322676620130e-01	1.145641794961710e-01 
25331	5.444985253477928e-01	5.478207858036369e-01	8.434058934652274e-01	3.253922571080701e-01	7.535725369833282e-02	8.684989646396130e-01 
25332	5.245010729527572e-01	5.354818713550837e-01	4.383496783852343e-01	5.258602441874614e-01	1.878967910017338e-01	1.727247048042364e-01 
25333	3.536422836378413e-01	2.273346256592007e-01	6.101321105892454e-01	5.906480451070927e-01	1.648207512520350e-01	9.235034440287870e-01 
25334	7.867563552161475e-01	2.908178406259128e-01	6.255538974076295e-01	2.321078443117942e-01	5.216417296424702e-01	2.226161748276168e-01 
25335	7.387517996778488e-01	2.996021789962436e-01	6.605892184472593e-01	3.418109250915288e-01	4.503107780824931e-01	3.611214856436111e-01 
25336	4.563751045876998e-01	9.948093038959472e-01	9.089422719129092e-01	2.997809980529272e-01	3.202015605383560e-01	9.842995256112420e-01 
25337	1.682799622268788e-01	8.447026339567745e-01	5.197813969663257e-01	6.066296406121131e-01	3.705628776785745e-01	7.076781879680595e-01 
25338	7.793543458820108e-01	7.242051617820772e-01	9.350128136272602e-01	3.894864560055949e-01	3.148532064235086e-01	9.983356441363393e-02 
25339	3.129899000343820e-01	1.016095611739948e-01	3.906514050395468e-01	9.385437974420114e-01	3.337174054857890e-01	9.122931346820170e-01 
25340	1.611599718039669e-01	7.246920516363774e-02	2.118953136782606e-01	8.217491907168875e-01	4.142801302551665e-01	6.622060917607537e-01 
25341	1.828706758948372e-01	8.706552353085276e-01	6.570153951910396e-01	9.181294734208516e-02	1.704362328957935e-01	9.772169561950569e-01 
25342	7.611247295332722e-02	3.387161951226723e-01	8.219195896861701e-01	5.958938699196530e-01	9.453458357347855e-01	1.924824668990832e-01 
25343	3.035720574220512e-01	7.247001811511350e-01	9.166876286811604e-01	2.385848705836501e-01	1.141866371567299e-01	2.315408346390076e-01 
25344	3.384184354629454e-01	4.271765371911119e-01	3.331503958130024e-01	7.290698405024921e-01	3.657203341674620e-01	6.668678017644527e-01 
25345	6.413629751845090e-01	5.268803064370902e-01	7.393370069280905e-01	8.532582888627697e-01	3.486294966883163e-01	1.536171367175957e-01 
25346	5.154643801578620e-01	5.315001725831535e-01	2.427237156046199e-02	1.724797753489016e-01	6.233131203909000e-01	1.947086044562555e-01 
25347	1.496967310782972e-01	6.994255933442273e-01	5.334247995789279e-01	9.716163207644672e-01	2.953194627982189e-01	4.787706353137133e-01 
25348	1.640987871978892e-01	5.988915202202701e-01	2.034708159991870e-01	8.078641587904953e-02	8.374763908039203e-01	3.176574531559169e-01 
25349	3.123272505180572e-01	1.758948258012043e-01	7.448339903470287e-01	6.454776467967208e-01	9.049646667693577e-01	1.105543245144907e-01 
25350	3.123454480955123e-01	5.463276414882055e-01	6.374346309515809e-01	5.168245455794151e-02	3.995859298853138e-01	9.860641276398973e-01 
25351	2.052995912755372e-01	9.150503100431758e-01	5.175642997573895e-01	2.295719633016605e-01	8.753008492641620e-02	1.408774196826282e-01 
25352	4.242805677579159e-01	2.372268160047135e-01	8.403030130268554e-01	9.577053678025050e-01	2.088431363035194e-01	1.356224753594131e-01 
25353	4.364760026505571e-01	3.729419239670699e-01	7.345139955796832e-01	6.399468186497441e-01	4.537283398461194e-01	5.719903863836036e-01 
25354	9.576042722713222e-01	7.660555903641766e-01	7.478852121848079e-01	7.024382621526897e-01	4.115332366952362e-01	6.528498784885043e-01 
25355	8.129925866671803e-01	7.238786847907485e-01	1.991775195110485e-01	4.504272171530999e-01	7.755611393486900e-01	5.987634493963623e-01 
25356	4.364913443273359e-01	9.808607310898885e-01	5.138137594395381e-01	9.540556445503866e-01	2.104326939258877e-01	6.013438443659543e-01 
25357	9.493306376735357e-02	6.347132616838036e-01	8.385706608363290e-01	9.352360772598702e-01	5.924186290206475e-01	4.741379667418720e-02 
25358	7.085855215362205e-02	2.889463120554324e-02	4.203557206412571e-01	8.053725481989665e-01	6.688414503209485e-01	8.740840604873765e-01 
25359	3.773629341169088e-01	6.264457221266095e-01	6.401396508515531e-01	1.252481458360553e-01	3.288839838136379e-01	5.167288708112803e-02 
25360	7.780980247902209e-01	1.418765704808182e-01	7.755515723375378e-01	9.772755443012694e-01	5.923037876339181e-01	5.511127112205665e-01 
25361	5.760389936976317e-01	2.879513196125400e-02	5.319734418447937e-01	8.985275267150847e-02	9.828507765116407e-01	7.424061357706814e-01 
25362	6.911965970374628e-01	7.778383981333294e-02	3.771193974544850e-01	5.297672574081306e-01	1.301991660754192e-02	9.695380264751324e-01 
25363	5.771810545479791e-01	8.387846922682526e-02	9.984326581463370e-01	9.975367751892361e-01	8.892510174257918e-01	6.672741080016242e-01 
25364	8.716208356766127e-01	2.666139510770393e-01	2.937198296625725e-01	5.117604860625046e-01	3.918620969130947e-01	6.226038134762104e-01 
25365	5.634333731436326e-01	1.699601212376543e-01	7.644803839570286e-01	3.389849450155091e-01	1.472356655389237e-01	3.567841715909467e-01 
25366	8.900976567017369e-01	7.232746592365553e-01	3.855793035522007e-01	4.220710980808693e-01	8.131274119080638e-01	3.684300795981801e-01 
25367	1.644772338515507e-01	5.043240084798652e-01	4.462139194115130e-01	5.415966313060357e-01	3.409126588799584e-02	4.592338364847162e-01 
25368	5.111346573155069e-01	6.112723204359749e-01	5.431123057115415e-01	5.095673149961826e-01	6.088090951595497e-01	4.323633226716720e-01 
25369	1.768414225321456e-01	4.804299303705012e-01	6.989772737487113e-01	4.705612521947181e-01	9.921904164330058e-01	9.083937019614473e-02 
25370	9.316506567092848e-02	5.556237895766384e-01	2.607994918994603e-01	8.576454496279571e-01	8.946087345921475e-01	4.080351574383840e-01 
25371	2.144296207532425e-01	7.847063908282231e-01	1.313098162092780e-01	6.000089243054432e-01	2.067774889090925e-01	9.444372281173418e-01 
25372	9.684390039036233e-01	3.712547227606432e-01	4.487612361315457e-01	4.146529233151362e-01	9.128513540666789e-01	4.828525020195416e-01 
25373	8.738867597998524e-01	4.239860109165245e-01	9.412482198985518e-02	4.169990650457326e-01	9.335533263783684e-01	7.029339176150663e-01 
25374	8.493623877174046e-01	1.103947484448528e-01	1.833638475199062e-01	5.483396610004546e-01	5.809560011052322e-01	1.755542639529120e-01 
25375	6.391790311965994e-01	6.741210667761607e-01	7.311780535295503e-01	8.999785230960597e-01	5.317665159384564e-01	6.257867876560366e-01 
25376	3.080136800687824e-01	7.461961371573601e-01	4.104931784842597e-01	4.393234962780604e-01	3.462050609971420e-01	6.172706673933522e-01 
25377	3.837607239297408e-01	3.146440649007652e-01	9.885253901539954e-01	8.325219605269478e-01	7.292969882159014e-01	9.013767437550131e-01 
25378	3.153744620808281e-01	6.031837475500925e-01	3.253627542058764e-01	4.094992845363446e-01	2.018281213016380e-02	2.589160801185836e-01 
25379	1.124332016857496e-01	8.695451998475684e-01	3.693108290290976e-01	2.957970492056557e-01	4.178848603823617e-01	9.502668301343298e-01 
25380	4.713513131585677e-01	5.706389111329983e-02	6.243878964448292e-01	2.025293662224567e-01	9.570424146750208e-01	1.561544119176242e-01 
25381	8.283161543441546e-01	2.650560942781419e-01	9.023505490749845e-01	2.388093323627530e-01	7.043795910218635e-01	2.485556100721264e-01 
25382	8.560799997561053e-01	8.814031448594309e-02	5.631996749728917e-01	8.446053894444394e-01	9.206622750128909e-01	2.924966627231318e-01 
25383	7.459821327337912e-01	2.360367370937191e-01	8.956804102732243e-01	7.134488647400629e-02	6.455360216300636e-01	9.158632224033881e-01 
25384	3.302609670582511e-01	7.579692233158132e-01	7.854084217852952e-01	6.995717960873488e-01	5.376627205580765e-02	2.032932817019956e-01 
25385	6.498386257560173e-01	5.251175856800366e-01	2.603571728152955e-01	2.742265217351851e-01	7.276469519024934e-01	2.173995870246550e-01 
25386	4.303809336528093e-01	5.559631057809866e-01	4.824556817684582e-01	3.327314827277937e-01	7.947724381437397e-01	1.868352723246605e-01 
25387	5.812870927999202e-01	6.508524374341836e-01	2.749755868106035e-01	1.444867673071505e-01	4.954578264129617e-01	1.956378618234945e-01 
25388	4.369834300302823e-01	2.414399586810916e-01	4.316745989172135e-01	3.326638398378454e-01	3.127848456207592e-01	7.721062008161593e-02 
25389	2.485270617755722e-01	6.430458126790104e-01	8.351798433974291e-01	3.393548309520608e-02	3.426176083006978e-01	8.889461154532368e-01 
25390	2.372287647972017e-01	9.924562340567150e-01	4.140637006676121e-01	4.975859376124972e-01	2.666827553262388e-01	1.417106525701055e-01 
25391	7.149855251028135e-01	6.970636889790481e-01	6.976737583510921e-01	1.974412064056104e-01	2.979517124118058e-02	4.924461964948318e-01 
25392	3.842764787302709e-01	6.110822640411008e-01	1.432986334633541e-01	6.592520655408745e-01	7.555690313482513e-01	6.387564603419772e-01 
25393	8.548899273643689e-01	1.925524609128723e-01	8.801964190230688e-01	2.865645258159211e-01	5.252163007507177e-01	1.929812641781667e-01 
25394	3.637751458975371e-01	7.737433625262898e-01	8.360270768571771e-01	1.989549888293049e-01	8.076788456214959e-01	1.786446846922136e-01 
25395	8.790110428254172e-02	4.490760995303635e-02	1.711009182832674e-01	5.019648049501538e-01	5.424935480311949e-01	4.377836736095062e-01 
25396	6.436754575202593e-01	2.574790726683471e-01	1.348473625885543e-01	3.413492158713514e-01	4.549202790739575e-01	1.646425338297349e-01 
25397	8.337954123661832e-01	8.391967578042283e-01	7.757247983364970e-01	9.770940458295373e-01	4.984488228794415e-01	5.312938292190870e-01 
25398	6.158505057058532e-01	3.533387502438103e-01	7.238462905976205e-01	4.960469247289220e-01	6.399032760597315e-01	2.490625908826769e-01 
25399	6.890281889070888e-01	3.678421957268576e-03	2.280595340896675e-02	5.250552657642659e-01	2.026334107865735e-01	8.304847990304627e-01 
25400	7.036999504564796e-01	2.905345150691152e-01	8.753924094491603e-01	8.748008692054082e-01	7.924993204849303e-01	4.178859570146938e-01 
