42001	2.848512350045383e-01	9.228758988542836e-01	9.609907218073452e-02	3.481294020768858e-01	4.931790444502510e-01	6.168257438656063e-01 
42002	1.085522864519396e-02	8.204713667838235e-01	3.805783108717661e-01	2.926758696756679e-01	6.294658806312204e-01	2.757793940956608e-01 
42003	1.580154319098291e-01	3.303990696232761e-01	6.109290945394566e-02	5.580041685877387e-01	3.913237170275877e-01	7.860753307054170e-01 
42004	9.058745884829548e-01	1.778296046787080e-01	3.163301294279891e-02	2.381548850043467e-01	3.633386843667080e-01	2.273010878019505e-01 
42005	4.802211776749329e-01	2.312714514468198e-01	6.741259944039052e-01	7.399650606047199e-01	5.171382075721110e-01	8.283968636898309e-01 
42006	4.399706881679458e-01	8.019894425766494e-01	7.512727620784532e-01	5.360697608143417e-01	1.501188446535351e-01	2.444518060630429e-01 
42007	1.528955042142866e-01	1.609740732987291e-01	6.492317238120510e-02	5.334738150860526e-01	4.536499434400583e-01	6.943890534780869e-01 
42008	8.092532091817135e-01	6.116653753498874e-01	2.478812263570173e-02	8.703461186356591e-01	1.696695434719648e-01	4.161118396632894e-01 
42009	6.564214493410762e-01	7.554413148925831e-02	5.939414443419974e-01	6.880544622838751e-01	3.136990164936050e-01	9.572801287087054e-01 
42010	9.153555500858256e-01	7.939201946341993e-01	1.885515796898639e-01	5.894815440240696e-01	5.338852547732579e-01	7.056897877276361e-01 
42011	4.178784072482392e-01	9.738559434068650e-01	5.076792298386242e-01	1.691511693266924e-01	5.099257037555452e-01	6.577980744921593e-01 
42012	4.136029753897353e-01	6.628212079698319e-01	8.187721482565496e-01	4.785261482366017e-01	1.962950230558845e-01	2.724220912309466e-01 
42013	1.729152012490273e-01	5.548231771936748e-03	8.840874665808340e-01	1.977033238847290e-01	8.758943508732572e-01	5.375700958713750e-02 
42014	6.138151635480183e-01	5.323157997486720e-01	1.293011410763958e-01	2.077566074243545e-01	2.203702615668859e-01	4.430001580356621e-01 
42015	1.650367361330598e-01	1.357258111870502e-01	2.369203522042000e-01	3.535883158229237e-01	7.252073552111198e-01	7.708056069774579e-01 
42016	5.927810308489860e-02	1.430857619936977e-01	7.446615499186616e-01	5.669573333891841e-01	3.122369313203902e-01	2.545872532085456e-01 
42017	2.247554074156822e-01	7.258399071757867e-01	9.174084616440388e-01	4.352755520657057e-02	2.043660549467271e-01	1.137034842342620e-01 
42018	3.159496464375172e-01	3.772812561957544e-01	1.192517160061988e-01	2.000371125526899e-01	5.749845800804834e-01	9.951460668794559e-01 
42019	2.537941221398274e-01	1.887997431628405e-01	5.274618661624667e-01	3.830952636818845e-01	3.965563505871950e-01	7.478321277293526e-01 
42020	8.260954217175466e-01	5.615930867202548e-01	8.835579389164029e-01	6.301577345608536e-02	9.151814030088398e-01	6.087652936618614e-01 
42021	8.338213804335433e-01	9.744595060937383e-01	7.518510561212204e-01	5.784829303522049e-01	5.414168390172612e-01	6.408798697594925e-02 
42022	8.330701835607506e-01	7.661722468986046e-01	7.899278941517360e-01	7.504786447391281e-01	8.096998021051752e-01	9.942939490984631e-01 
42023	8.641821289733901e-01	1.256494485426924e-01	3.715752048285563e-01	9.834338454452501e-01	3.256865610953824e-01	9.465597849090396e-01 
42024	9.785799118590448e-01	5.794806837008710e-01	1.353595276062188e-01	5.060417780215115e-01	9.625759473827555e-01	5.319158786590751e-01 
42025	2.538739052852029e-01	7.886713686346408e-01	9.350896491366856e-02	1.374318442016057e-01	8.516871420907263e-01	8.690367456847042e-03 
42026	7.461971378634671e-01	6.855085220586082e-01	9.831498740162466e-01	4.980481935190261e-01	2.639914519451519e-01	5.245667125678466e-01 
42027	5.621361809606367e-01	9.706163550590241e-02	2.907389590007900e-01	3.520640746467114e-01	8.475402802450305e-01	1.004387611059653e-01 
42028	3.463580237451745e-01	7.117224092184204e-01	2.260882096486577e-01	7.179332285737308e-01	6.951562541980093e-01	5.517747707440400e-01 
42029	6.644930134827705e-01	6.737361655913927e-01	1.312554539792498e-01	7.998525410889893e-01	1.797779431472430e-01	9.383140089634405e-02 
42030	3.317684192824030e-01	4.336518488981071e-01	8.825027695309849e-01	4.252773846617329e-01	5.710836930997129e-01	7.341899111560499e-01 
42031	4.339677521185799e-01	3.172808304975186e-01	4.196984332146582e-01	4.171176256691653e-01	8.153290244822060e-01	6.836898851598100e-01 
42032	9.416843387026732e-01	3.774652049771814e-01	7.807515206657124e-01	2.324232972378020e-01	7.295292796238928e-01	6.282918009107429e-01 
42033	3.328620583437672e-01	7.588730290340599e-02	3.400142096635020e-01	5.589502679924249e-01	7.938205319427981e-01	3.517046339585002e-02 
42034	1.107250387364649e-01	4.583135449599072e-01	7.089066289872428e-01	2.419804927157147e-01	2.581660855832352e-01	8.886845726001470e-01 
42035	3.358118940777201e-01	5.899345053312995e-01	3.223364210325929e-01	2.183146631430437e-01	1.521188952737110e-02	8.934201141323057e-01 
42036	9.525045747647549e-01	4.491796416459510e-01	2.107009441641629e-01	3.722030075137517e-01	8.662972677807776e-01	2.602996818070764e-02 
42037	5.589289220790048e-02	8.079816060177896e-01	4.034951731578890e-01	8.366444133392742e-01	4.040490278993030e-02	1.330244527817818e-01 
42038	4.649362137843558e-01	3.732669615993588e-01	2.089117556851878e-01	8.049504234478578e-01	9.322172295917837e-01	2.732287162324547e-03 
42039	8.401208868437078e-01	4.294226786258736e-02	4.610458321222318e-01	5.490275153652893e-01	2.849227610439634e-01	7.192119181711282e-01 
42040	4.377120874997750e-01	6.207346551216835e-01	3.091464230367664e-01	7.600485085323678e-01	8.390493182647272e-01	3.243583125641376e-01 
42041	6.534686221990123e-01	7.915538925638208e-01	7.735379542100885e-01	8.641695668288365e-01	1.637568996119112e-01	6.398352215252049e-01 
42042	8.901995350095441e-01	2.196497922854730e-01	4.478168270773333e-01	2.936947081674331e-01	5.629420515908590e-02	4.882217303329249e-01 
42043	4.267191609492149e-01	5.212304189434417e-01	8.614886919322836e-01	6.356309166344026e-01	3.261808419256382e-01	7.937059210584061e-01 
42044	6.383632042623885e-01	1.663017283036847e-01	8.366481893866548e-01	9.940903591895897e-02	7.153292436689740e-01	1.215709499649568e-01 
42045	8.186209540900872e-01	1.530413311687490e-01	7.423056050866402e-01	1.277673766611923e-01	9.130898397011169e-01	5.813549228857061e-01 
42046	4.521256892253299e-01	5.665584619001292e-01	3.729088154495269e-01	2.256636434354184e-01	4.307280282633044e-01	5.366657150614381e-01 
42047	8.654988649606233e-01	3.209275628071873e-01	7.563155073469111e-01	3.133156920379567e-01	6.146222709746204e-01	8.126097125059970e-01 
42048	8.015374223708815e-01	4.134143145817399e-02	3.338401309837774e-01	6.630261138375039e-01	6.769723485582380e-01	6.600209729094156e-01 
42049	4.567320344302487e-01	3.153355523549651e-01	8.263227012131004e-01	2.933802233512421e-01	4.147445882739241e-01	5.416519448820744e-01 
42050	4.149511733161990e-01	2.333655423640113e-01	6.946932760508234e-01	1.572567779371779e-01	3.611329190252036e-01	6.077831152862790e-01 
42051	7.386117012885454e-01	8.132586087161948e-01	1.743415767207470e-01	1.115205162724110e-01	3.892225168595195e-02	6.050696049840514e-01 
42052	6.481862313338491e-01	9.044211166465753e-01	9.259971682568999e-01	4.045017386807603e-01	2.177368082188707e-01	5.406194387658589e-01 
42053	2.171114507210960e-01	1.927423012409090e-02	5.819608706896943e-01	5.509515821705346e-01	6.823003439615948e-01	2.589332187822709e-01 
42054	2.109725546142890e-01	1.390323783918435e-01	5.742687711372361e-01	3.729525582738931e-02	4.324126017430856e-01	9.890133594111602e-01 
42055	5.789472007094637e-01	8.473637755249458e-01	2.223789013095102e-01	2.736404762946258e-01	4.620552996462469e-03	5.835118208003751e-01 
42056	8.814235915809048e-01	7.432322542850078e-01	3.967704290509086e-01	5.576516830165180e-02	8.547527705574188e-01	4.356926807368606e-01 
42057	6.608347732857032e-01	5.029390018912679e-01	3.401137969177746e-01	5.868319410769418e-01	9.074407405720282e-01	5.578506056023066e-01 
42058	1.274513798428007e-01	1.245521908274629e-01	5.771248357263975e-01	7.094122505324950e-01	6.755037729979976e-01	2.594251796879923e-01 
42059	9.683454693147658e-01	8.864763280779479e-01	3.984575580798357e-01	5.426142399863406e-01	9.237715839053372e-01	8.308701598229213e-01 
42060	5.316275989318395e-01	5.027187841491395e-01	6.782339348822058e-01	7.540065007070109e-01	7.763592604437654e-01	6.828544883443296e-01 
42061	3.375183210417248e-01	6.577828515590088e-01	4.260867421636762e-01	7.342887500926334e-01	7.135480198606606e-01	2.808395127210950e-01 
42062	1.699814303638327e-01	3.743827931463638e-01	7.837785146123629e-01	5.100952272816073e-01	9.612147342233056e-01	6.912192547187299e-01 
42063	6.794583241825264e-02	8.866611360044503e-02	8.157714455461927e-01	6.450706686103114e-01	7.980783641329400e-01	4.912752185441904e-01 
42064	9.044958482983038e-01	7.664238329820446e-01	3.777515461564770e-01	3.029534059124782e-01	3.090380725027239e-01	3.015231295961529e-01 
42065	1.338235652697382e-01	8.406656719002247e-01	8.042419137452924e-01	8.120575006176054e-01	5.946721721415744e-01	5.806011737233965e-01 
42066	4.949119884962738e-01	9.321904931832992e-01	2.383840248167440e-01	9.209987306599500e-01	6.664792428102714e-01	9.519320451430660e-01 
42067	2.018382429153837e-01	8.364606731741040e-01	3.263148378237685e-01	9.856167575277466e-01	3.465558999900501e-01	2.875295715814128e-01 
42068	6.768360117808152e-01	4.145017328739640e-01	3.761956856475192e-01	4.926074573270080e-01	5.957240101861414e-02	1.742740493147979e-01 
42069	9.838826758711984e-01	9.640682493169178e-01	9.406978827625038e-01	3.616342215620141e-01	2.670216547637347e-01	2.497359547995664e-01 
42070	6.631573511581670e-01	4.008452200334729e-01	9.040162623412983e-02	4.673992644377981e-01	2.129027201854171e-01	6.850737983757043e-01 
42071	4.800043769553324e-02	7.078147086816908e-01	6.172642910933421e-01	2.863844625122773e-01	6.288134393416408e-01	2.837435334379522e-01 
42072	2.383165071896820e-01	8.306516822570245e-01	1.202042061463949e-01	5.646313450134506e-01	8.162684397847710e-01	4.667601066021063e-01 
42073	8.521609170605247e-01	4.931044510999250e-01	8.812618394760703e-01	2.283566022423825e-01	9.857119084269329e-01	9.408342404946844e-01 
42074	4.026306515571804e-01	9.695945838324700e-01	9.049024893459410e-01	3.433285338540228e-01	3.312288049288228e-01	1.719241436440144e-01 
42075	5.930644891192506e-01	9.943861560869898e-01	5.727693636774874e-01	6.834661153533804e-01	4.617854200591265e-01	7.856720843285658e-01 
42076	3.685399137290846e-01	5.097858577546598e-01	4.934867925445953e-01	9.858042048224268e-01	7.961703207325983e-01	1.223002314205748e-01 
42077	2.695477382603789e-01	3.448682745661905e-02	9.529519141432605e-01	3.897519444067739e-01	5.991181729357309e-01	7.692203534623703e-01 
42078	8.565120510088802e-01	4.512790895305942e-01	2.623248040966339e-01	7.377738900192892e-01	6.796356917729768e-01	2.480367125235669e-01 
42079	6.786081300483123e-01	8.226634286449586e-02	2.176312958903756e-01	5.835106189285920e-01	4.255948771841800e-01	5.488601012848597e-01 
42080	7.554347625726064e-01	1.865936583776929e-02	5.432462569061882e-01	3.282041262500939e-01	7.021254811911497e-01	5.031676965314744e-03 
42081	1.138762101129984e-01	7.066539445457300e-02	5.148175347199745e-01	6.073630026575937e-01	5.646959927699976e-02	3.109878549869116e-01 
42082	7.296632345438298e-01	3.260173375373787e-01	3.454746829091919e-01	6.826151482214290e-01	7.157692819441526e-01	9.445928558449228e-01 
42083	4.518355012181380e-01	5.722813329530327e-01	3.958719449098557e-01	7.141603053147719e-01	3.100552225066606e-01	7.550763621717116e-02 
42084	9.621970178383389e-01	9.886633530206342e-01	1.577739790816670e-01	1.798283137287145e-01	5.721739714835650e-01	5.833688562658470e-01 
42085	7.286884150135743e-01	3.276087340561714e-01	6.020282221036163e-01	2.719346714541012e-01	6.558128603062653e-01	3.041537032947660e-01 
42086	2.769663484194159e-01	7.696890704192636e-01	3.748190977493390e-01	7.917838836050517e-01	3.770520726111960e-01	4.312886970263388e-01 
42087	1.027717381263020e-01	1.067153066893645e-01	7.573060345637175e-01	4.482464210354939e-01	7.893304549107936e-01	4.730753165078700e-01 
42088	3.928392764147554e-01	2.411659556632703e-01	4.535664899524145e-02	7.887112213246111e-01	9.553262614437036e-01	3.554118715019021e-01 
42089	8.642188575417823e-01	9.175232788163812e-01	3.440752240568750e-01	2.199283662344927e-02	9.735159207943435e-02	9.162491960061012e-01 
42090	6.053616928892963e-01	8.260400070930086e-01	2.438579295966113e-01	2.073899149929126e-01	9.797467854710980e-02	8.996707899028765e-01 
42091	5.115436182876786e-01	3.749410269665257e-01	6.693598598564788e-01	8.863627160370177e-01	1.667249101059162e-01	4.641193200201352e-02 
42092	3.176514130633564e-01	2.694966486978795e-01	1.531272391570393e-01	7.495744716141255e-02	7.177430697333734e-01	9.424576940678329e-01 
42093	5.480327636692826e-01	1.105823461481288e-01	1.836236497311032e-01	5.933894126645241e-01	8.992935674727399e-01	1.389499107091454e-01 
42094	9.488012846320873e-01	7.635124250145221e-01	5.647318905986529e-02	2.928765082233010e-01	7.855052616379714e-01	1.538247816049609e-01 
42095	2.091257037637409e-01	3.908669540616064e-01	9.798647886979696e-01	4.529836333603522e-01	5.982568690545190e-01	7.783946677941804e-02 
42096	3.526544227975674e-01	1.098004868765364e-01	4.527804942116050e-01	2.201428218838493e-02	9.961632033792153e-01	6.195054043175212e-01 
42097	6.842621465605973e-02	3.138146159769104e-01	8.890020530154007e-01	2.215534538130990e-01	3.887720631383229e-01	6.067451227487740e-01 
42098	1.640111474152706e-01	9.368048272732667e-01	7.173274688969028e-01	3.476347971463738e-01	5.301942394721295e-01	6.166210359039814e-01 
42099	4.865847078555192e-01	4.789955236385556e-01	3.801334604528423e-01	5.430578973810458e-01	7.718720323275179e-01	1.656387216251524e-01 
42100	6.968826789860068e-01	9.809977360912588e-01	5.565056761524201e-01	6.767474672183150e-01	4.339813694516110e-01	1.547625447412778e-01 
42101	7.545869344633943e-01	7.866357922491785e-01	2.645630320834755e-01	2.073674282093381e-01	8.086500749032246e-01	2.607262349970295e-01 
42102	8.268728325268593e-01	8.770762895592844e-01	5.745408509739399e-01	7.158748855422600e-01	9.862974290672212e-02	9.633129141122628e-01 
42103	3.226200078253728e-01	2.626408903219927e-01	9.001177409198683e-01	3.994747625661431e-02	6.102756879340279e-01	4.303119803919979e-01 
42104	6.565685121605958e-01	9.686039532388580e-02	9.093075040305534e-01	3.670197261343802e-02	6.399182927049316e-01	6.811795358924100e-01 
42105	2.023406942385904e-01	3.368009712252770e-01	6.621772719836688e-01	7.588463703910104e-01	1.354843844359202e-02	9.615864096961853e-02 
42106	9.136089155979497e-01	7.681353729069863e-01	8.827944332187969e-01	1.781719472157638e-01	9.755028011163244e-01	6.914445076563602e-01 
42107	4.388981822127934e-01	8.023756331775224e-01	5.685207967499833e-01	1.343903272107199e-02	5.182505182541211e-01	6.671505396567055e-01 
42108	9.767519468333349e-01	8.408705260794939e-01	9.297914304443595e-01	8.768696877532032e-01	8.808180023361081e-01	5.400671179127261e-01 
42109	3.071816676795397e-01	5.373865144967038e-01	6.369275132366119e-01	2.164891712444318e-01	5.740884871101419e-01	2.768458059415435e-01 
42110	8.976687076025031e-01	7.764291813487323e-01	6.136467771668205e-01	5.598459791205106e-01	5.352755517397427e-01	6.271952156104125e-01 
42111	6.560046200901292e-01	4.488844668720311e-01	3.953305880517375e-01	5.387990528432648e-01	6.270564140877949e-01	3.708333887024007e-01 
42112	2.302435604996251e-01	6.595459583492698e-02	1.732090218799231e-01	7.987643572496085e-01	7.939362855599896e-02	6.914595401340442e-01 
42113	4.659148969063139e-01	5.614557492367252e-02	5.323300662135380e-01	3.957063268850121e-01	9.330152626768757e-01	4.131480680839848e-01 
42114	9.357734447977382e-01	2.401969298907541e-01	9.505345825806887e-01	5.727009575686888e-01	4.566861016008473e-01	5.246230692251693e-01 
42115	8.495467635102322e-01	3.543548087376891e-01	3.010522505739016e-01	4.631935406770527e-01	9.142007878581997e-01	8.363278023136443e-01 
42116	9.038875582180393e-02	5.702054074826676e-01	2.852122687200142e-01	4.857193443392028e-01	1.090044598602711e-01	9.122686828078090e-01 
42117	8.565527330416035e-01	3.392480203598962e-01	9.782232786427361e-01	2.976175445586525e-02	1.380123776095045e-01	5.761690673307372e-02 
42118	7.212212950555706e-01	6.039272745158185e-01	1.137624816567462e-01	2.535513608034474e-01	9.996336014008306e-01	4.677774433362192e-02 
42119	6.666994288874322e-01	9.354070457329076e-01	2.869746742243761e-01	6.172340114681208e-01	5.081080028359349e-01	7.436607758252233e-01 
42120	1.418570802276289e-01	3.576547663461672e-01	9.801558409725110e-02	4.429093308015304e-01	8.208483070232199e-01	1.221637148978951e-02 
42121	2.792371326495135e-01	9.112370628450238e-01	5.824217789724571e-01	5.644494013695276e-01	3.969564067185654e-01	6.914262392983894e-01 
42122	4.767180837116754e-01	2.535091397601688e-01	3.067425919262425e-02	4.549413618887502e-01	2.832708942160340e-01	1.686866368021288e-01 
42123	5.125582686218239e-01	4.492188805943443e-03	7.726139113179473e-01	6.263207507442314e-01	2.580435496093908e-01	7.722475122531166e-01 
42124	6.730984950778534e-01	9.247429789624843e-01	7.076545575203628e-01	9.600731693022294e-01	5.419769899649438e-01	2.157625603562978e-01 
42125	7.037339451274527e-01	6.838340701925727e-01	5.734173267024650e-01	8.017495292247038e-01	1.267434009941031e-01	3.942656332600236e-01 
42126	8.139659011801545e-01	4.059805336436166e-01	3.055026956393861e-01	3.963876796869504e-01	9.704299354788055e-01	7.024591028236128e-01 
42127	8.781391851967849e-02	4.471480187248196e-01	9.559682425837815e-01	1.184881781779640e-01	9.020893810792311e-01	2.392391363341544e-01 
42128	2.871748149800928e-01	4.146476492353937e-01	2.437313256057591e-01	5.978872629804012e-02	4.096839951396380e-02	5.017748752151499e-01 
42129	8.320362385511567e-01	7.140668945918172e-01	4.265178537119729e-01	5.396907960715195e-01	6.741400638940465e-01	9.684948436769167e-01 
42130	7.554533564278173e-01	3.778740085558379e-01	6.523289138694894e-01	3.288706826646210e-01	1.796235373148804e-01	7.790723148635925e-01 
42131	7.231363159246447e-01	9.935894384950350e-01	1.850528480415479e-01	2.863901109836950e-02	3.899771181819854e-01	1.554827830546921e-01 
42132	7.310981139219823e-01	4.777910367016639e-01	6.026308022451731e-01	6.870663560401026e-01	5.962792148796279e-01	5.047201828587429e-01 
42133	9.263054928399183e-01	8.834540303253821e-01	9.193678320941365e-01	1.700368179800160e-01	9.432427566234222e-01	9.603362320737616e-01 
42134	6.718116931951659e-01	7.752789947089176e-01	6.744031261999175e-01	9.832954690713880e-02	3.149697903147758e-01	3.485431896283027e-01 
42135	6.682439011839422e-02	7.042314627693182e-02	7.264171981841406e-01	7.191533039878837e-01	3.992938289415528e-01	9.060407359646823e-01 
42136	4.982256183858149e-01	1.224301444005362e-01	8.996301739940560e-01	6.832784668930241e-01	1.510691559645669e-01	2.896072917103801e-01 
42137	8.387612499477162e-01	8.821672698865493e-01	7.673983288777053e-01	4.413920517272279e-01	5.692336259266518e-01	3.636775432916719e-01 
42138	9.461122345859707e-01	4.955391183009087e-01	2.471315731513927e-01	8.654800666801074e-01	6.655759362809248e-01	1.903743293091535e-01 
42139	8.258162982882077e-01	3.373876290104295e-01	9.656533244837324e-01	5.002194240224638e-01	4.357171759175683e-01	2.806231143328469e-01 
42140	8.487626141164277e-01	5.025415665016237e-01	3.510462610754400e-01	5.751798118349071e-01	2.216948700238461e-01	7.503400900169928e-01 
42141	4.812205473339281e-01	7.199204888753222e-01	8.727702348831903e-01	3.808507213279841e-01	4.031989553026850e-01	2.383939038209589e-02 
42142	6.704580130383643e-01	2.419602047847399e-01	9.060066602686451e-01	4.378563414504082e-01	6.833522569776290e-01	4.752402857296356e-01 
42143	8.015338852077415e-01	6.294644910979385e-01	9.707794040305444e-01	4.866545789347285e-02	4.949445573123845e-01	6.363553398458079e-01 
42144	2.390397876682877e-01	3.207608551349309e-01	9.737429693218986e-01	2.046931116863588e-01	8.209802796230560e-01	4.094601447738056e-01 
42145	4.853162260192057e-01	6.697428932738224e-01	9.120017112754293e-01	8.363624870946457e-01	2.449227046430682e-01	1.336965812992754e-01 
42146	5.867025771116384e-01	7.261432524426576e-01	8.536170701745976e-01	4.594728115291674e-01	1.069939733049804e-01	2.568160250116214e-01 
42147	4.833122019112633e-01	7.774519863433447e-01	4.987762297963613e-01	3.893188617142471e-01	2.153083277937529e-01	1.821284863083290e-01 
42148	8.645591479095440e-01	1.684221253583311e-02	8.115929778719289e-01	8.353385514744271e-01	6.550767042930596e-02	3.065375347186520e-01 
42149	4.716938913202350e-01	3.045474580975936e-01	6.272983903192442e-01	4.454368601764724e-01	5.092405697839524e-01	4.482786694766389e-01 
42150	8.548970049502780e-01	9.945567962688193e-01	1.180215622848000e-01	7.668987162257073e-01	8.309192828978036e-01	3.629442669278682e-01 
42151	9.005952975249827e-01	4.176218595437807e-01	8.908751890486456e-02	7.542123672339192e-01	8.770946710729481e-01	1.960814922098450e-01 
42152	1.102839177987929e-02	3.604068725185501e-01	9.735334790188509e-01	5.098046215762406e-01	7.497257346984585e-01	1.888418063469426e-01 
42153	6.919331083502309e-01	6.142848821423412e-01	2.056840188827757e-01	5.035260857564984e-01	4.496234331511070e-01	2.711916893120817e-01 
42154	8.100636204751505e-01	9.213173244713421e-01	5.757391478753365e-01	4.373620103287333e-01	3.667541841821532e-01	8.497971719362760e-02 
42155	8.856406798053722e-01	2.216511891324311e-01	7.953651299678559e-02	3.662241624510960e-03	9.885499053581385e-01	9.104557963602504e-01 
42156	3.666065090180405e-01	8.891452024174599e-01	3.280776554383699e-01	4.556940279229051e-01	6.433575691857177e-01	2.051723265113180e-01 
42157	6.517755205984114e-01	6.543859609655971e-01	5.655791990298681e-01	6.253089991516010e-01	1.641905820761763e-01	3.153049332626652e-01 
42158	8.141508054985436e-01	8.561236904264072e-01	9.295898154050064e-01	1.983482391565797e-02	3.596497757172444e-01	3.792132485561134e-01 
42159	2.910265132277396e-01	1.697133961923948e-01	3.005305725617942e-01	8.667656611030762e-01	6.070754065211282e-01	6.672847572096087e-01 
42160	9.517453787623650e-01	4.927160863265004e-01	8.889359463420399e-01	3.128189129348932e-02	4.963783279510114e-01	8.774858512345169e-01 
42161	9.417376876537398e-01	8.629848369690519e-01	7.666310531863156e-01	2.698153430921097e-01	3.186788648919570e-01	4.099886219063721e-01 
42162	4.749876696034277e-01	9.704543854903683e-01	6.437458240630785e-02	4.056686816763452e-02	5.957633841763080e-01	2.285651644824842e-01 
42163	3.558718018959611e-01	4.099141892091903e-01	8.468885490889141e-02	2.854616168353062e-01	4.297490131248483e-01	4.443386306261358e-01 
42164	6.646748653914196e-01	7.207755263525879e-01	6.140520268185307e-01	9.652054384188752e-01	5.875411874556640e-01	2.211274333396589e-01 
42165	6.324901951628226e-01	5.392865657523678e-01	7.138435196661593e-01	5.214261410392012e-01	5.705684570458571e-01	2.102218471515094e-01 
42166	3.989119918080568e-01	5.123061446995969e-01	7.320668412056132e-02	1.655430445287111e-01	7.821214877917065e-01	3.918855490125183e-01 
42167	5.755316664350832e-01	2.571091569294730e-01	3.623399340372253e-01	6.399062488413910e-01	2.976760250971075e-01	9.581033182135333e-01 
42168	8.684714133238752e-01	6.535478269930686e-01	3.680175069570623e-01	9.531602682327667e-01	9.390094442940361e-01	7.977665200819105e-01 
42169	3.974988988589024e-01	6.036843092197945e-01	5.185420459688371e-01	1.155092521177182e-02	5.688897471730084e-01	1.060832329588399e-01 
42170	2.326783585514307e-01	2.013799418701697e-01	6.453697987112076e-01	9.465218782175899e-01	7.228060829093708e-01	2.159382557570647e-01 
42171	1.567437253690994e-01	1.217180742517664e-01	7.282444004566615e-01	2.299504094896607e-01	2.872611187804775e-01	5.103658877827069e-01 
42172	6.218359585021790e-01	8.627927852155607e-01	7.674750447121799e-01	9.841758925394043e-01	5.026990335912905e-01	6.515106934362606e-02 
42173	9.422792102872762e-01	3.711704469151657e-01	7.186988968023560e-01	3.102967167786773e-01	3.243307146822711e-01	6.577083406307308e-01 
42174	1.080632363949266e-01	7.218296135411736e-01	2.613926493848640e-01	6.266052823637637e-01	7.333805392186067e-01	8.302823970235337e-01 
42175	7.326885157882648e-01	9.660588977700374e-01	3.166233842804206e-02	3.780583140338111e-01	9.125807759876273e-01	7.544684218030742e-01 
42176	5.939965697908758e-01	6.932450089106545e-02	8.761864960548406e-01	3.222409697818761e-01	2.992749103807262e-01	1.634476148353180e-01 
42177	8.326068575645829e-01	9.211108688829052e-01	2.624039958521742e-02	6.000819018111014e-01	9.052867609566482e-01	5.289394336421692e-01 
42178	6.652329716203887e-01	8.475659707782631e-01	9.001098805573349e-01	3.839318679570835e-01	1.578626870912792e-01	2.244405947739447e-01 
42179	4.164020812215293e-02	2.659259234862057e-01	9.462702087807796e-01	3.030328575070169e-01	8.925312058499694e-01	6.796507475337250e-01 
42180	1.333152540648893e-01	6.252197211725730e-01	6.457096448381011e-01	1.649775929585926e-01	3.278035206384042e-03	5.582904203600672e-01 
42181	9.194460147616668e-01	5.972746049972598e-01	6.276149212511326e-01	7.956325103508460e-01	9.195155752447972e-01	9.268898316318588e-01 
42182	9.590801251861640e-01	7.521224323437188e-01	8.480007000491027e-01	9.853205252370427e-01	3.522043341548202e-01	7.532874605400895e-01 
42183	5.142599584135507e-01	1.743730530954772e-02	6.008534308526914e-01	4.143698385052242e-01	4.013691732666312e-01	7.587161179439705e-01 
42184	6.388104332791690e-01	4.430093813887841e-01	2.464204096451497e-02	5.850806415942873e-01	7.460422388958010e-01	9.171732472801456e-01 
42185	2.647313886623510e-01	8.793574934263516e-01	5.423929679870573e-01	9.104410339661133e-01	4.433508591928290e-02	5.456710031934413e-01 
42186	4.687314538605192e-01	9.637811006809497e-01	1.429456081907012e-01	9.634637511165178e-02	7.594136105661344e-01	6.246118296983707e-02 
42187	2.323620627784925e-02	7.184937357522984e-01	8.145836153135558e-01	8.712369067926131e-01	7.038142605236798e-01	1.667879490027148e-01 
42188	6.245243668670414e-01	2.180742184715691e-01	1.842252543122625e-01	2.253777977197328e-01	6.324440569767934e-01	5.855944275788937e-01 
42189	9.840939156637033e-01	2.712544897903011e-01	2.860380850201650e-02	8.735956628218274e-03	8.563351318502497e-01	7.746460478634788e-01 
42190	9.259092039083640e-01	1.210665200469394e-01	6.540035408241691e-01	4.683021714297599e-01	3.150755354739146e-02	6.983386267434519e-01 
42191	1.397317462320122e-02	5.002390078735719e-01	6.621197269587403e-01	1.569187828139024e-01	5.965853829852237e-01	4.215333370592135e-01 
42192	2.193799657837394e-01	6.198215892630730e-01	1.400270723458505e-01	3.396358063163402e-02	4.910584955900248e-01	8.438413328695303e-01 
42193	2.007515301000101e-01	1.155828624570662e-01	6.191555087543817e-02	3.849767844122726e-01	3.409606601767990e-01	6.943596078522315e-01 
42194	9.705712124568276e-01	3.250545753748410e-01	9.656140981081939e-01	9.991750209588441e-01	3.337905320030593e-01	8.219492294927823e-01 
42195	7.738210683566616e-01	2.596997354457619e-01	9.430157495397217e-01	4.278246087151694e-01	7.280019073411831e-01	9.745233035527744e-01 
42196	1.261632349929601e-01	7.419750819643843e-01	4.747623109606851e-01	7.882829619517004e-01	8.988938647782867e-01	7.134769348024748e-02 
42197	2.098162990109139e-01	1.182738300963649e-01	6.911692827433205e-01	3.498433713567645e-01	1.522374107279989e-01	1.822277783333453e-01 
42198	1.936847042262949e-01	3.529889408280090e-01	2.978106407904116e-01	2.556002551017330e-01	7.379657257059430e-01	6.387713009672106e-01 
42199	9.499598634196258e-01	7.085369376971092e-01	9.638258763420516e-01	9.155739610621585e-01	7.077119581902921e-01	2.976164083451109e-01 
42200	7.375231900892794e-01	4.815330265469537e-01	5.573161437908728e-01	6.805389391633397e-01	9.093576352621231e-01	2.853180506663947e-01 
