44601	2.184835310180129e-02	2.656715439007019e-01	4.250525727053417e-01	8.273139539301926e-01	6.068389390627104e-01	7.433512689281959e-01 
44602	4.180896922098891e-01	8.123976131027554e-01	1.975342040870032e-01	4.840202794801538e-01	7.693366700640585e-01	6.581184922988147e-03 
44603	5.012440218130332e-02	3.261375731444627e-01	6.287890461407550e-01	8.502329512733188e-01	8.424103841383058e-01	1.025672695145790e-01 
44604	5.111328230756953e-01	7.783745731126399e-01	3.522593343408123e-02	7.791667337432349e-01	4.482237568349688e-01	1.893116036380230e-01 
44605	7.958227953854123e-01	6.615926500696655e-01	3.352623541537962e-01	3.736814513679973e-01	9.132004258750008e-01	1.845634920450689e-01 
44606	1.215875358886959e-01	9.350487794424635e-01	4.502350359457708e-01	5.466401085940377e-01	7.623627329069947e-01	5.707397454281989e-02 
44607	2.899913770565723e-01	1.804524251168838e-01	8.694715876455752e-01	4.875255816092368e-01	6.644727045970377e-01	6.388082572439724e-01 
44608	4.941067665322250e-01	7.145971067783410e-01	9.649458303884351e-01	1.228958122073188e-01	5.648300575859985e-01	8.073562145267409e-01 
44609	2.254630817218977e-01	7.596288019603252e-02	5.857307871737195e-01	2.606890151559790e-01	8.551296144049287e-01	3.395454354302704e-02 
44610	4.500006192596632e-01	6.509524093246797e-01	6.955471940783537e-01	7.852629734134595e-01	2.463386022701574e-02	6.087476194876934e-01 
44611	9.698264654585284e-01	1.462213961157116e-01	5.437963984644955e-01	4.200615009386379e-01	6.928615047097493e-01	3.061591313714903e-01 
44612	4.771354754814577e-01	9.828528822319829e-01	4.866115564883741e-01	3.466070626613717e-01	4.703784633755584e-01	1.510842606197504e-01 
44613	9.854153203710053e-01	9.644852299077833e-01	8.656813673980913e-01	9.503611502937792e-01	8.738104164944079e-02	4.305114245184285e-01 
44614	7.577173643548588e-01	3.128441238369998e-01	5.064743047144610e-01	3.434481510629170e-01	5.735331389929788e-01	3.616039186537284e-01 
44615	3.774026950716053e-01	2.353375778698072e-02	1.255632751274683e-02	7.294988868429786e-02	8.087967316661014e-01	3.719018820542385e-02 
44616	6.816975081719913e-01	7.786231966589685e-01	1.834115843211355e-01	2.254939066364867e-01	1.986846975976064e-01	8.762730894965460e-01 
44617	5.316530380079769e-01	6.758201730790642e-01	8.591259712628675e-01	1.826459403068972e-02	2.242723574043589e-02	3.295044341727646e-01 
44618	1.693488546504401e-01	7.842555645779965e-03	2.939896636148867e-01	3.503022158287010e-02	9.582037059395592e-01	3.813707052643274e-01 
44619	4.655416461012986e-01	7.159210702944180e-01	6.942148291013273e-01	9.720159508157595e-01	5.936922089167369e-02	2.677479680943061e-01 
44620	3.336198694694880e-01	4.367719159632790e-01	2.912817258812868e-01	3.461761969822348e-01	5.097218046475769e-01	1.000784570817270e-01 
44621	3.833663851876586e-01	1.914193128195681e-01	8.787016542063568e-01	5.667779699744554e-01	4.169132194560549e-01	7.738635133830195e-02 
44622	4.430510590053401e-01	9.485662574640318e-01	7.532065244173661e-01	3.021770298025464e-01	9.668308514947216e-01	7.756337601578021e-01 
44623	6.316814639753110e-01	1.361797056795003e-01	7.834763158035820e-01	9.256711275901977e-01	1.712099272623704e-01	7.416800217431411e-01 
44624	3.070418323888638e-01	6.367515733636691e-01	4.576010915718978e-01	1.256661490191082e-03	6.087675237137673e-01	5.169703124635715e-01 
44625	2.690046295844971e-01	9.423873931832553e-01	9.537422288925118e-01	5.602863554657839e-01	2.885635901654901e-01	4.634640330744274e-01 
44626	6.603648130131722e-01	6.719299753531488e-01	6.548833458939955e-01	5.390664667538677e-01	2.387079448619429e-01	7.179656488438908e-02 
44627	6.164528180921697e-01	6.817590038672831e-01	2.036282188275960e-02	3.696593420438745e-01	9.839360336698294e-01	9.871936733774811e-01 
44628	1.452931022016765e-01	6.156174971794791e-01	1.233733785913202e-01	9.287694180052585e-01	5.412886243040155e-01	2.945833058536906e-01 
44629	6.704494392827384e-01	8.483304571585406e-01	9.313348792173597e-01	1.280505303889748e-01	8.495871186487317e-01	5.401024029311270e-01 
44630	6.450208433182076e-01	1.185917477675675e-01	4.824897956487210e-01	5.987630717450581e-01	6.788781032333514e-01	7.710533858142110e-01 
44631	6.222710435382421e-02	3.392429157808623e-01	4.429833611673598e-01	7.171104507134810e-01	8.783093825347300e-01	6.816913060293027e-01 
44632	7.889070155978701e-01	4.947622001612383e-01	3.634503098965857e-01	8.092698379462910e-01	8.644215426707741e-01	3.473863431007538e-01 
44633	7.964635108581108e-01	9.714644406789283e-03	9.630038407458942e-01	9.198368899150924e-01	9.384840624120477e-01	5.042924645842484e-01 
44634	2.144201953031217e-01	6.089335016947861e-01	3.526229212771276e-01	1.457550745204813e-01	7.369840320837610e-01	2.022100394601981e-01 
44635	6.858574774516083e-01	3.820048749363072e-01	3.208017872277655e-01	1.683472726346679e-01	9.807679466813654e-01	9.996798909267782e-01 
44636	9.394006589145403e-01	4.299505103518956e-02	3.389228062419793e-01	3.823840196162388e-01	7.601055017486706e-01	2.172321887767092e-01 
44637	6.407532517988017e-02	5.490125168808794e-01	7.119943889379475e-01	4.275256350764658e-01	3.582823543615091e-01	5.764159311430603e-01 
44638	7.749119786428809e-01	1.547458652196200e-01	5.861305755498496e-01	7.379158189231138e-01	7.458275466905104e-02	5.246146379618973e-01 
44639	2.422082830417009e-01	2.890029499721727e-01	1.335481391910222e-01	5.948312047844898e-01	4.347580244926540e-01	8.705321712747832e-01 
44640	7.970412442446878e-01	1.206155014786010e-01	2.525370462110904e-01	1.178430314724534e-01	2.889627745789302e-01	2.333049924267945e-01 
44641	1.175229219335704e-01	2.283634330278092e-01	2.763000434619841e-01	4.564457281755496e-01	6.107474526440480e-01	3.640554474499335e-02 
44642	6.736779169522589e-01	6.748227778239282e-01	5.854180620915340e-01	3.856723058902064e-01	1.023484129003940e-01	9.437004164530431e-01 
44643	9.620882370332667e-01	8.772603915432750e-01	9.844628120700190e-02	5.482188125831162e-01	6.151762100007274e-01	1.730290358760530e-01 
44644	7.283345007935234e-02	8.573844930424283e-01	4.620319863138869e-01	2.063815892703746e-01	4.522156973612568e-01	8.967900108065410e-01 
44645	7.691376007949643e-02	2.492569416059446e-01	1.740551228514198e-02	3.294508062905869e-01	3.670999730783980e-01	3.063682868640722e-01 
44646	5.627557991830426e-01	4.846228950119684e-01	5.347317198918814e-01	8.390558426450266e-01	9.410686231875180e-01	1.454791720702681e-01 
44647	8.754613878556813e-01	6.147465401397769e-01	8.203019498941964e-01	4.608794494815541e-01	4.188455643220085e-04	9.226503627945903e-01 
44648	4.045798654689360e-01	9.625070825975887e-01	7.999107538722040e-01	5.030261471415992e-01	5.107258947150437e-01	4.150869634072701e-01 
44649	6.760551830176521e-01	5.835593447943960e-01	2.724714564496984e-01	1.380871688658777e-01	7.899409340647705e-01	7.246871538109552e-01 
44650	3.487717967241871e-02	8.668546946099283e-01	9.739440954168999e-01	5.228269195756069e-02	1.963055004348538e-01	3.410440680296365e-01 
44651	3.586509788216329e-01	7.590612996178965e-01	8.256669630416049e-01	8.933826987135144e-01	5.981171422629231e-01	7.667355862291230e-01 
44652	3.886187031812122e-02	4.735785296529432e-01	3.814821259032386e-01	8.591638202123175e-01	9.344579791344972e-01	3.819009714675606e-01 
44653	7.818141830069079e-01	3.390378441377719e-01	3.444080535994880e-01	5.817249364134506e-01	8.420639912793710e-01	8.551339487801930e-01 
44654	9.968119002863820e-01	5.181191742970231e-01	4.386932931089277e-01	2.692833562704192e-01	6.562063431629009e-01	2.286342271736982e-01 
44655	9.939705100813743e-01	6.910835228353196e-01	9.548892131796523e-02	9.679146054982741e-01	7.433662147928803e-01	2.917944217528191e-01 
44656	3.089586730622494e-01	1.020171931488520e-01	5.085572137071552e-02	1.346256361038543e-01	9.953998918623663e-01	6.489728636336386e-01 
44657	9.013612223329773e-01	3.426176171482623e-02	1.225513928209205e-01	2.828433477705546e-01	8.934255823928050e-01	5.700937148975645e-02 
44658	6.647443192381153e-01	6.752397649340517e-01	3.960472156275284e-01	9.152372371941978e-03	2.569647008818410e-01	2.381112069068994e-01 
44659	8.642863211521350e-01	2.537766007025617e-01	7.562303812039226e-01	3.029796142610626e-01	5.230599569729808e-01	4.124367239011623e-01 
44660	5.316138414347609e-01	5.170304670543552e-01	1.035202467364819e-01	6.271027627527261e-01	4.849450720869680e-01	8.468864615293622e-01 
44661	9.188971845055451e-01	7.939037451492175e-01	9.489036551438754e-01	9.697529058762606e-01	9.285293812530717e-01	9.443035465405805e-01 
44662	6.187257690442380e-01	8.298906031203878e-01	9.785653087210680e-01	7.412771618651586e-01	1.127339504252812e-01	8.719908906482118e-01 
44663	7.982865333549150e-01	7.774782696633964e-01	5.472306551166022e-01	1.943337489824433e-01	7.866306425009997e-01	8.041953559984432e-01 
44664	4.324449558893428e-01	6.509169631874734e-01	5.797195670100486e-02	1.886753366276041e-01	9.538965774485360e-01	5.810319136739857e-01 
44665	6.011120605287664e-01	4.855104184176356e-01	9.806238026267959e-02	7.046323072652483e-01	1.126131807047004e-01	5.830074523496476e-01 
44666	5.515187687946105e-01	3.151036521024553e-02	3.769111974988650e-01	5.004224234728247e-01	1.263270620844919e-03	3.054405782862755e-01 
44667	4.447259695477439e-01	6.199890401307443e-01	1.353311814066633e-01	4.232912778031506e-01	3.612662015302415e-01	2.480651318319445e-01 
44668	2.952821679857011e-01	1.595527348851565e-01	2.554340149534093e-02	8.425128231023032e-01	3.538864838675999e-01	8.121740439963406e-01 
44669	6.467081791007464e-01	7.863314397569426e-01	4.630910067181527e-01	7.046801358017513e-01	9.750067763845468e-01	4.169875841666886e-01 
44670	2.857120490100756e-01	5.761188364476519e-01	9.024980025843242e-01	3.837744297384165e-01	2.807511437129002e-01	1.511118328902460e-02 
44671	9.667818820880641e-01	8.322699125075107e-01	4.662154849927013e-02	3.436930791212680e-01	3.326923355146741e-01	4.788481912011505e-02 
44672	6.491336578732048e-01	7.774183050624180e-01	6.678738592508593e-01	7.844648392798681e-01	2.007095828655686e-01	2.914006078110079e-02 
44673	3.252997064615133e-02	4.959917508512697e-01	1.886927956662573e-01	5.807337214149226e-02	3.385045739535729e-01	5.425792795338571e-01 
44674	8.702474161378329e-01	9.852127530543193e-01	3.289107188251385e-01	3.333384228559855e-01	6.898928883904093e-01	3.039174947440240e-01 
44675	7.503260070226742e-01	9.756049374004849e-01	8.800363311916759e-01	6.528240091413371e-01	3.593793666732402e-01	1.607874744389148e-01 
44676	6.679351924303617e-01	3.261612487613043e-01	9.930573869464255e-01	7.145567409296318e-01	6.698543278825723e-01	3.257497219954383e-01 
44677	7.624415605154082e-01	3.189879852901157e-01	1.031680270578563e-01	4.303154193006062e-01	1.034528241043225e-01	3.038776099234249e-01 
44678	4.594554800817070e-01	1.359827952161351e-01	7.998693607746946e-01	6.481482757479643e-01	1.940561673576274e-01	1.383739342626063e-01 
44679	1.907275548161601e-01	6.430358349546025e-02	1.235866868512643e-01	5.196382736412987e-01	3.976420063514458e-01	8.134795752416736e-01 
44680	8.235557683853226e-01	1.479680129084587e-01	7.890845126421584e-01	7.035920995769985e-01	8.007920220497958e-01	1.484638788497373e-01 
44681	8.643795740159134e-01	4.687272144801576e-01	4.746251276110416e-01	8.574369609623388e-01	1.832839549441282e-01	1.444794554936138e-01 
44682	1.831866824921159e-01	9.457255154595363e-01	4.634674407837295e-01	2.863547095499722e-01	3.760409347601426e-01	5.669202653537133e-01 
44683	5.902323194733972e-01	8.354964148418496e-01	7.029030605698484e-01	3.901016802480918e-01	4.836446905898139e-01	8.969592279274758e-01 
44684	5.284756145106980e-01	6.743722454059740e-01	9.612628114229360e-01	6.520623018276237e-01	1.940105190472726e-01	3.589048173087206e-01 
44685	4.655418766036359e-01	1.756628696693400e-02	5.068728302171793e-01	2.546263887801331e-01	7.211583865439326e-01	3.076648522669752e-01 
44686	4.030902680955316e-01	5.855379605598459e-01	7.763920667471327e-01	8.777153957065732e-01	4.429749210565234e-01	9.596760216912609e-01 
44687	2.219485073452575e-02	6.261616035486393e-01	9.054015371507972e-01	4.856622919839166e-01	9.125163135642728e-01	2.814424714452785e-01 
44688	5.258255687196858e-02	5.027486325720086e-01	1.169388858214667e-01	7.554856174418170e-01	8.928503128201004e-01	6.005835764112806e-01 
44689	6.524448449036315e-01	4.213259273307984e-01	2.749558218172546e-01	6.137076563265675e-01	7.338822869276079e-02	4.689663408645272e-01 
44690	9.726124736352881e-01	5.389301052963967e-01	4.865326278314612e-01	4.794853038524675e-01	7.935564945421910e-01	2.076910143753938e-01 
44691	7.871501561194426e-01	1.966467621720614e-01	7.932289749352396e-01	5.635422224009140e-01	7.436215741297331e-02	2.362038955261018e-01 
44692	5.232182436265136e-01	9.655700861316036e-02	8.623654990747410e-01	4.286197803116495e-01	5.822193005970769e-01	7.748818121733525e-01 
44693	7.100622517569281e-01	6.348018574690455e-01	2.776304447453611e-01	8.270011380440561e-01	3.902874744452012e-01	1.704807570998002e-01 
44694	4.275847139896754e-01	4.273231888317145e-02	5.918066844305986e-01	7.025405358069300e-01	6.564399752097391e-01	6.651949131233594e-01 
44695	1.715068762057959e-01	6.290524488450272e-01	2.041250184197561e-01	6.580395045029184e-01	1.085377522318334e-01	9.976815129619472e-01 
44696	8.657305188783121e-01	8.956879083512760e-01	1.943282746683472e-01	6.589594933478904e-01	4.592301302865288e-01	2.686904320813205e-01 
44697	8.951633888739922e-01	9.824483739130424e-01	3.652474406944809e-01	7.575288874830719e-01	4.110681542246920e-01	9.474667412915578e-01 
44698	5.324106996564244e-01	1.211304055159587e-01	5.822685982949420e-01	8.100411444017855e-01	9.481315435600148e-01	9.725560727401432e-01 
44699	9.805219015015857e-01	3.757162575496902e-01	1.528839162331465e-02	5.723285859321843e-01	7.825679289095885e-02	6.717283668330537e-01 
44700	2.375234985898824e-01	2.497636695624160e-01	3.007808152124196e-01	4.416485170096385e-01	9.078031740653343e-01	4.093185674442530e-01 
44701	4.393300295059243e-01	7.735336924779851e-01	3.050064753298678e-01	6.336583041742716e-01	4.324931853602143e-01	7.642366056163966e-01 
44702	9.023487367212534e-01	3.276565737685452e-01	7.466849795294390e-01	2.675961769500729e-01	8.518546078595587e-02	1.577531332884697e-01 
44703	2.150629182416307e-01	6.175961604423803e-01	2.788835388044285e-01	7.973315165365727e-01	4.276373043785046e-01	2.270150823644433e-01 
44704	7.698875892767160e-01	4.081592058800902e-01	6.027313399141334e-01	7.851759809000306e-01	9.804877918122745e-01	6.809881328050923e-01 
44705	4.569043472674230e-01	2.180112899364956e-01	9.307518023675083e-01	7.576851629455039e-01	6.596598074117954e-01	8.385549759671813e-01 
44706	1.670037299240957e-01	9.898983645205844e-02	6.120886679795052e-01	4.720102057196248e-01	7.326481410919913e-01	4.458185287405823e-02 
44707	2.362468108703600e-01	6.349968773475834e-01	3.722384266426034e-01	9.829317903997991e-01	9.025930542976563e-01	4.574238878942206e-01 
44708	1.406849232226074e-01	1.176559720736258e-01	7.502004787093962e-02	4.195684624926971e-01	9.149874890758598e-01	5.026573527151055e-01 
44709	6.465835448571404e-01	6.848750778869144e-01	9.108165585951957e-01	2.493148843056126e-01	4.700510583212837e-01	8.913043499418088e-01 
44710	9.303030171107050e-01	9.269554055887067e-01	1.093156394126432e-01	8.610548194782133e-01	6.846405680685493e-01	7.689754468244386e-01 
44711	6.996097949797333e-01	8.516442984583062e-01	8.679652837421583e-01	3.116984629592385e-01	3.236545037122697e-01	6.006134243684883e-01 
44712	3.562803158332968e-01	5.599013145826297e-01	2.356103012504104e-01	7.285187429415615e-01	5.428331049824288e-01	1.382033550824054e-01 
44713	1.859426303701208e-01	6.835180282050362e-01	2.558593276216925e-01	2.609626782410605e-01	1.030864902320721e-01	1.708468162318910e-01 
44714	7.636200309561659e-01	7.496700350892125e-01	8.557218941188054e-01	6.744365890857003e-01	9.989849193948250e-01	3.257729519744278e-01 
44715	5.657409385618478e-01	9.292879365055300e-01	2.527283570974732e-01	6.750565784401524e-01	7.903427555180820e-01	9.373689256316837e-01 
44716	4.440320247989297e-01	4.899525500321540e-01	7.890132236243287e-01	3.119973080754267e-01	8.016510129913925e-01	1.126677268709372e-01 
44717	9.126107324439151e-01	1.579313288246893e-01	6.725690414535669e-01	1.482210332286642e-01	8.864500717662508e-01	2.154021459703344e-01 
44718	2.864243887767309e-01	7.239270167071032e-02	8.989201746410318e-01	5.422837163984234e-01	3.333553799117708e-01	2.006664407442633e-03 
44719	7.131305326303143e-01	9.697541086793664e-02	7.516766999623165e-01	5.688524262834584e-01	7.714119999536369e-01	7.506616188914802e-01 
44720	8.946253782578862e-01	3.371529385154848e-01	6.799495549313489e-01	1.473537348896981e-01	1.220951648997586e-02	4.702923099837696e-01 
44721	8.472266005572056e-02	4.562415412889055e-01	9.602448604815849e-01	8.737358836800493e-01	7.682388498299936e-01	7.618958730073161e-01 
44722	9.864036105509865e-01	6.808495818082474e-01	9.198272018320054e-01	6.589726520045533e-01	8.290706155025729e-01	8.062772731325949e-01 
44723	8.743747979748877e-01	1.154950038136425e-01	8.786699748033052e-01	7.732949721502582e-01	6.577787202120660e-01	2.120253547150760e-01 
44724	7.753016370233622e-01	3.709092523767190e-01	3.090007655830126e-01	5.269783365200172e-01	9.397616786601775e-01	8.041276507098823e-02 
44725	2.776399549458362e-01	8.343870564524024e-01	4.175657035864730e-01	9.575895103428465e-01	9.817407913421005e-01	4.297752200764489e-01 
44726	4.278818198609547e-01	6.646345139782105e-02	8.860167618310157e-01	3.881266798768783e-01	9.401993350778703e-01	6.542556111953480e-01 
44727	1.500225528841943e-01	9.266029456288567e-01	3.351051925379341e-01	6.984975425053842e-02	5.855755971677488e-01	1.641758075748458e-01 
44728	8.761270278487946e-01	4.599503946769752e-01	2.796708113884883e-01	7.547970021864385e-01	2.332453668272334e-01	9.374495316005542e-01 
44729	9.668223569015145e-01	8.547003384934275e-03	3.083587835116120e-01	2.758231220188658e-01	5.355253399049515e-01	2.481204617061282e-01 
44730	3.562358875555153e-01	8.131652948507877e-01	8.250751769286931e-02	7.738015911419883e-01	7.707548047279729e-01	6.424830903496981e-02 
44731	2.035768112184372e-01	1.986366245889276e-01	1.307117604327908e-01	8.959357258379159e-02	5.867633044658058e-01	7.091109504499990e-02 
44732	7.438491837791397e-01	7.367858573500001e-01	9.975140406738566e-01	7.895437585141248e-02	8.066356120661998e-01	5.830896373759441e-01 
44733	2.431301838919195e-01	6.827626394493331e-01	4.304003205291929e-02	5.228009952804078e-01	4.375596411701104e-01	2.762853988801527e-01 
44734	4.602505268809621e-01	4.043819980716249e-01	2.848324022650869e-01	7.686093103925741e-01	6.802051200904907e-01	8.203577421700385e-01 
44735	1.672977209870227e-02	3.644100718034479e-02	6.335230365551650e-01	9.923728979157158e-02	8.102425987879944e-01	4.042778412831378e-01 
44736	1.634855988265414e-01	1.381940954077030e-02	6.029144658720654e-01	2.941973592593322e-01	1.034129821245619e-01	1.896777698722099e-01 
44737	3.651084547699934e-01	8.472621659037015e-01	9.264636276878713e-01	3.626224949781888e-01	9.262165417551140e-01	7.330992392884098e-01 
44738	9.457121328197942e-01	1.693467251813723e-01	4.158618782720817e-01	9.887521648727134e-01	6.921477209274414e-01	8.534215194421920e-01 
44739	2.650375632872048e-01	1.523982473427422e-01	2.578035170481557e-01	5.498699655522918e-01	9.210075577353163e-01	9.380086376043076e-01 
44740	3.702277072566690e-01	9.377373298340185e-01	9.744496447846525e-01	3.750743346172731e-03	3.697461962559010e-02	7.846922431069856e-01 
44741	4.080285846293106e-01	2.004602184521315e-01	7.985116526477559e-01	1.094305003571466e-02	4.946575781771250e-01	9.019246347723178e-01 
44742	2.006208203735858e-01	8.597660329471184e-01	7.491868002103580e-01	1.270844475957958e-01	2.223885274596459e-01	6.754033419654720e-01 
44743	8.601836868842057e-01	1.681006598137788e-01	8.447500671468443e-01	2.760455646906260e-01	1.568528242208310e-01	5.368977876086244e-01 
44744	1.294670836671568e-01	4.218903875080358e-01	6.892960349513665e-01	3.872706011809737e-01	9.717603530603276e-01	6.103035926866828e-01 
44745	3.252792383196201e-01	3.419880598513354e-01	5.480409220550400e-01	2.997288826386113e-01	3.457388036631694e-01	5.850155416806301e-01 
44746	8.442112574559689e-02	7.537673882924800e-01	7.854757605984228e-01	8.829327783933527e-01	7.647104387938559e-01	2.801333383098866e-01 
44747	7.848574131656706e-01	9.653312591674418e-01	1.398993707913437e-01	5.340442129103673e-01	9.241570629757630e-02	3.622878982509896e-01 
44748	2.094475544101780e-01	9.525993931817819e-01	5.303885585304297e-01	5.419762155702227e-02	2.286449574067467e-01	6.872413827512606e-01 
44749	5.910954091656466e-01	3.581120410739035e-01	1.091317702592964e-01	2.803914441170131e-01	7.453826422548772e-01	8.089212285396276e-02 
44750	8.906950368036959e-01	7.066188010883605e-02	4.228801831709594e-01	4.387359583930746e-01	3.703907632131087e-01	7.686189868341289e-01 
44751	2.375150007370463e-02	4.548118889587056e-01	5.223863746609475e-01	8.092272606721275e-01	3.377446668863970e-01	2.870968129891422e-01 
44752	8.936059851635275e-02	1.226020795864063e-01	2.524280716909226e-01	2.292599693076964e-01	6.566462929624348e-01	3.448437779884989e-01 
44753	5.915478675586860e-01	8.660938473726129e-01	2.974431707046196e-01	1.219364256234544e-01	9.202914689296351e-01	5.260881281113663e-01 
44754	8.091778088403763e-01	5.113868780952817e-01	8.842001696509310e-01	9.183095790996727e-01	7.917783222122948e-01	6.295828114401469e-01 
44755	9.992017019536354e-01	6.824733585503294e-01	7.002446920146442e-01	4.220818846589335e-01	1.212093164777427e-01	7.063545476209161e-02 
44756	1.907008710274011e-01	1.449608165514473e-01	5.254473437207972e-01	7.130872461540100e-01	9.541880772235748e-01	8.631920106071942e-01 
44757	1.840586774908279e-04	4.354867527426624e-02	9.857940906592617e-01	2.526121308340747e-01	2.728086445819627e-01	6.424403831560352e-01 
44758	5.974559088225737e-01	8.643565126063100e-01	5.085342300629868e-01	8.948990799928546e-01	9.862929382297643e-01	4.288256989926220e-01 
44759	4.209872076385595e-01	7.954707466044793e-01	9.402125770879036e-01	3.051873768238292e-01	7.137803252384907e-01	7.319908988345372e-01 
44760	9.347701887296374e-01	7.129820271921260e-01	4.144642569192053e-01	6.350148802786203e-01	1.350639113853983e-01	5.356735733969480e-01 
44761	7.056503350407120e-01	3.257647828784607e-01	6.806343904140566e-01	2.310976782958478e-01	3.885202856680939e-02	6.348224671719700e-01 
44762	9.428968843738068e-02	3.903608724430021e-02	6.783711429118976e-01	8.008377863098112e-02	2.916482180783750e-01	9.511797874938602e-01 
44763	7.225241617870164e-01	8.891041273666099e-01	8.155362996345089e-01	2.310583918500032e-01	7.840032068938032e-01	8.018292378642733e-01 
44764	6.598840908426251e-01	2.049904140667014e-01	5.972999840030913e-01	6.000966674648676e-01	5.101777913561919e-01	3.110803092415819e-01 
44765	3.320875658337434e-01	4.449479796201680e-01	2.406233596804661e-02	7.465518227529487e-01	7.996285943312703e-02	1.591262473534449e-01 
44766	2.822253956842354e-01	7.856131944738390e-01	4.848910302319057e-01	9.628597860982920e-01	1.671087230402551e-02	5.237430587987151e-01 
44767	5.976822532702620e-01	1.110005607414062e-01	5.627791465086766e-01	2.760533957164983e-01	1.910843398380486e-01	8.544273645870515e-01 
44768	2.272331827446973e-01	9.136085016250650e-01	7.435314914880001e-01	4.276948237920621e-02	1.446668930094069e-01	5.275346979161420e-01 
44769	8.445987202434795e-01	8.045509838520321e-01	7.325251124485047e-01	4.418987037809094e-01	4.046476508512384e-01	2.427029033390353e-01 
44770	7.529790130224913e-01	7.367352166849818e-01	6.876508829592033e-01	7.770413489905379e-01	4.832870389722693e-01	7.676137423923303e-01 
44771	9.361675968096440e-01	7.655124351221660e-01	5.532269364005080e-01	4.210586265758884e-01	7.283722207547968e-01	5.699378087045335e-01 
44772	9.448016858402647e-01	3.260544735593975e-01	6.809383694459398e-01	5.075808318832800e-01	6.021078692758958e-01	8.720227092839883e-01 
44773	3.620081960046702e-01	8.293410524862543e-01	7.856312109090533e-01	1.055396874926703e-01	8.721105348654606e-01	9.302981039184602e-01 
44774	6.330743854088123e-01	7.167092546432787e-01	7.348490877704923e-01	3.655994973916558e-01	1.586079579585269e-01	1.394967381560694e-01 
44775	6.083024007306911e-01	9.115869714466794e-01	8.762319553067125e-01	2.959532832242331e-01	6.886283199715560e-01	3.595189938133205e-01 
44776	6.356702515090211e-02	6.247959163155388e-01	1.250314284698253e-01	6.167939615514101e-01	4.585454289142719e-02	8.534036496902833e-01 
44777	1.867317697902824e-01	9.906562287316919e-01	1.794581227840195e-01	8.676701397018833e-01	4.982370601493106e-01	7.815659925255766e-01 
44778	7.396928485202104e-01	8.602452561539808e-01	6.109070445461697e-01	5.253240589636025e-01	9.657849436466512e-01	4.830175789459690e-01 
44779	4.556221628820627e-01	5.988593290554636e-01	1.997268331235865e-01	1.904712501868937e-01	9.644588264471194e-01	3.583347910821134e-01 
44780	3.299679883429631e-01	5.727612271778105e-01	2.699217620631316e-01	2.061999431840144e-01	8.687145104020436e-01	9.585500825003488e-01 
44781	5.657189374629962e-01	9.322815360186070e-01	5.833459983502263e-01	6.907503659328215e-01	5.490754971043559e-01	6.292005412416535e-01 
44782	5.441540151574434e-01	7.358072673602994e-01	6.198567695076842e-01	7.236121384071242e-01	6.034774065965216e-01	1.180938291913335e-01 
44783	5.051781304670396e-01	3.431702546510707e-01	9.783390858109757e-01	1.160851745475480e-01	8.684943140803344e-01	9.441240289919656e-01 
44784	5.991027534935170e-01	3.241164764967358e-01	5.429833575817679e-01	7.988295866171036e-01	5.145877266836295e-01	5.074421840288873e-01 
44785	1.571643772335557e-01	8.445557150265927e-01	8.020341074103648e-02	4.270861397623485e-01	5.075565821060709e-02	9.489179211430800e-01 
44786	3.856362217970361e-01	6.164745956736033e-01	8.811994566960257e-01	9.689822201472624e-01	3.072249611407635e-01	4.302749538003816e-01 
44787	5.981827613889159e-01	8.513789767638682e-01	1.660822206950198e-01	2.180395304309388e-01	5.749911147053313e-01	7.695596272915414e-01 
44788	3.361333600879337e-01	8.016924470670951e-02	1.127298814769508e-01	3.144724454332480e-01	1.962544192542575e-01	9.812241955572852e-01 
44789	2.585964739595523e-01	7.953571727477746e-01	3.053406715883597e-01	8.015798320069815e-01	5.941867588992169e-01	8.199283982719893e-01 
44790	3.090220155702075e-01	7.513511361327726e-01	6.644841132985819e-01	3.892254263112440e-01	1.784372754294599e-01	7.152397715091890e-01 
44791	3.381433469886628e-01	5.640734972264960e-01	3.317143667171311e-01	2.193428036846886e-01	5.330557173737585e-01	6.389393278578945e-01 
44792	6.496177574850701e-01	1.312384782970131e-01	4.903183041561014e-01	8.156999781800900e-01	3.492780087279519e-01	6.530941839577137e-02 
44793	5.852596050059701e-01	6.854113688158856e-01	1.454786631024809e-01	6.979894864829208e-01	9.998838142491336e-01	3.417330823567384e-01 
44794	6.792136820402060e-01	2.584802882086860e-01	1.370902546388517e-01	9.845543536285657e-01	6.006011975000618e-02	7.312770135380686e-01 
44795	8.044827519005550e-01	3.690821353202137e-01	4.826281496708412e-01	4.689668647334757e-01	7.583075616314576e-01	6.610654251003011e-01 
44796	1.842066357770034e-01	9.645090815445916e-02	2.251389223267971e-01	5.159210024941345e-01	3.157937118391477e-01	7.581946397005556e-01 
44797	1.548603298863677e-01	9.654114693242178e-01	8.894331179975686e-01	6.451786345081304e-01	7.811114470386465e-01	2.387111262598592e-01 
44798	7.104880529039018e-01	3.663710515789553e-01	9.241224955414061e-01	8.559667164720440e-01	6.436053806187610e-02	9.240063093248784e-01 
44799	1.976997983631211e-01	7.435742201020821e-01	1.824865970679031e-01	3.347900534676342e-01	7.281285732649866e-01	2.425467168179093e-01 
44800	6.606706654004151e-02	5.326113246998803e-01	6.116288521381229e-01	5.486952162108828e-01	1.578188967694616e-03	3.699364133039194e-01 
