59001	8.726919469762090e-01	7.771093662721614e-01	2.782812413192732e-01	6.311865549679783e-01	6.717198391778953e-02	4.241494445242683e-01 
59002	5.907816936219026e-01	8.410387653117248e-01	4.538589876395925e-01	9.309690659544286e-01	5.074250872747158e-01	6.062808495975476e-02 
59003	8.436834923195110e-01	7.528442366760431e-01	5.359335497654665e-01	3.452253808943673e-01	9.789332877746473e-01	3.410185907692735e-01 
59004	3.024844700947797e-01	7.168583575248990e-03	8.674738150404179e-01	3.206658132004858e-01	8.597053223567573e-01	9.015987310100341e-01 
59005	8.533011441367218e-01	5.219425542847917e-02	2.502233587439281e-01	5.745983890139490e-01	7.247508423052499e-01	2.181845508600513e-01 
59006	2.820107481824284e-02	5.974427888157977e-01	9.952939171322127e-01	3.064823161375161e-01	2.286293433181147e-01	6.246590058434098e-02 
59007	7.306317606617845e-01	8.194110369400173e-01	9.035046663617271e-01	1.844907478357156e-01	7.503801024287846e-01	4.109297531707817e-01 
59008	2.451188327954704e-01	5.940635942826343e-01	1.637739893811634e-01	7.810523825609369e-01	9.392889756426630e-01	1.427072766901493e-01 
59009	1.220709733302104e-01	2.417734452717814e-01	1.498758602653983e-01	9.895447883706283e-01	5.624392584722672e-01	9.581182156494438e-03 
59010	8.911435189150011e-01	4.157404021433277e-01	6.177543758497361e-02	1.413668771932679e-01	9.903387911572767e-01	7.865262798902235e-01 
59011	3.595514280533192e-01	1.853986550985829e-02	3.839690682403599e-01	3.548453447198706e-01	3.250221816473744e-01	6.125984120241359e-01 
59012	4.173112457698729e-01	5.565394184349754e-02	4.320094484984919e-01	3.208159116659388e-01	2.401446896792132e-01	1.823895509272765e-01 
59013	7.317456648367204e-01	4.852635229403449e-01	7.764531452099109e-01	8.955196542178838e-01	2.663159050356205e-01	7.157421203869125e-01 
59014	3.822693044237184e-02	3.883868783658309e-01	9.575155656586939e-01	1.881027907077702e-01	3.779316667364592e-01	5.199548241309612e-01 
59015	1.976839733299259e-01	2.690751851857990e-01	9.356952262742888e-01	2.594594109148995e-01	4.104420628447282e-01	9.260340174315655e-01 
59016	4.598569080512304e-02	7.699934908980474e-01	9.445738829414239e-01	4.299547590454830e-01	1.248388356179180e-01	2.695960645887983e-01 
59017	4.255317060395757e-02	5.421500813877909e-01	3.252500064322958e-01	4.745626195681107e-01	8.629659930537297e-01	5.653946965771702e-01 
59018	6.569521704953872e-01	5.947116574247887e-01	5.065821905185386e-02	4.334053152396368e-01	4.902313111770112e-01	3.169741240874744e-01 
59019	1.491474356265494e-01	5.284582416193832e-01	7.053610029189665e-01	1.066630008195820e-01	7.165610323271533e-01	8.329266918976450e-02 
59020	6.266178249505432e-01	9.142450056570791e-01	3.523678543755635e-01	5.623130512248320e-01	1.737044165719787e-01	7.628099172202917e-01 
59021	4.883470681907363e-01	2.196901073771017e-01	5.328034081183389e-01	4.329209506664988e-01	6.496448664225847e-01	6.576422437362569e-01 
59022	7.025170152552971e-01	6.921980374922035e-01	1.997923246583866e-01	2.776702168759286e-02	1.667606565946530e-01	6.275831724645492e-02 
59023	5.931617182647632e-01	8.237128270900402e-01	6.574699746712437e-01	6.438199373166170e-01	2.571181418640158e-01	1.477012853825936e-01 
59024	9.607940614040913e-01	4.062655774905652e-01	6.761595270019768e-01	6.661550638573966e-01	5.129285787758084e-01	3.927205588634687e-01 
59025	7.494477330471612e-01	1.395464032606903e-01	3.069655645205479e-01	1.018155874227246e-01	7.018594544855223e-01	4.806699810925266e-01 
59026	8.646255046430162e-01	1.902065222105973e-01	7.003600884696283e-01	3.974289122956939e-01	6.231274733427574e-01	3.500049544265517e-01 
59027	5.507115556628963e-02	3.256444881323932e-01	4.220299145309394e-02	2.548634802246762e-01	3.534115098199861e-01	2.089636480477469e-01 
59028	3.176217974711311e-01	9.465732280847492e-01	3.267647467212587e-02	9.750917721423747e-01	5.903931649357048e-01	2.897946170018029e-01 
59029	1.227930570593071e-01	5.511872263397962e-01	6.960601944923681e-01	7.989525840612839e-01	2.173422897315316e-01	2.089887728025153e-01 
59030	1.916731429247526e-01	9.667900232443539e-01	3.485351765288670e-01	4.986387074453005e-01	6.860561020141728e-02	5.039463054872799e-02 
59031	9.793086885378270e-01	9.332311148444336e-01	2.406011532249866e-01	6.796687765417940e-01	3.306600271401275e-01	8.637286265677440e-01 
59032	2.967373050268448e-02	3.857311827064172e-01	1.893731142344759e-01	7.187672242143971e-02	6.405946633967546e-01	5.427846245201233e-01 
59033	2.808403704691866e-01	9.582164608678857e-01	4.893578521392112e-01	3.135168456069738e-01	9.333082330102604e-01	7.975101707491605e-02 
59034	6.033114626087768e-01	5.610128960390635e-02	6.309382434147123e-01	2.993716566354835e-01	8.550538741308515e-01	8.482805331462437e-01 
59035	5.083604299036601e-01	4.672701658994286e-02	8.150705559249365e-01	8.568956064325272e-01	5.453657240352434e-01	8.836761661263537e-01 
59036	9.072902369812551e-01	5.246744121074092e-01	8.169072809707872e-01	1.478913897405804e-01	2.043431881835420e-01	1.475673076452535e-01 
59037	1.162001584266313e-02	2.340169186862264e-01	5.332984903516707e-01	2.009931305428004e-01	3.058936411076661e-01	1.738931532827640e-01 
59038	7.437777550629237e-01	5.867340120425141e-01	1.321096141506497e-01	2.331356067364735e-01	9.002508576494879e-01	6.541784669524890e-02 
59039	3.128866238113896e-01	5.035623197926032e-01	1.215191362991553e-01	9.438248672261018e-01	8.029339764280868e-01	9.765730104300068e-01 
59040	7.921054003723457e-01	3.112944058660858e-01	2.330002655428836e-02	6.071759558316209e-01	1.681900118329516e-01	5.686657505895317e-01 
59041	4.908521219579746e-01	7.548024881420669e-02	9.334016223127961e-02	3.077594024631006e-01	2.233716385547871e-01	2.976833504148216e-01 
59042	4.553267101083541e-01	2.349916548631115e-01	5.317002695667093e-01	9.886252004600248e-01	4.359847854059118e-01	8.375939106743754e-01 
59043	1.625183537427887e-01	1.797625400031742e-01	4.243279222512282e-01	2.946279678934384e-01	4.128981467396478e-01	3.245787794350548e-01 
59044	3.600458145886873e-01	7.257847710166987e-01	8.281410992276581e-01	4.815649508878426e-01	6.696096377771392e-01	6.310750756557449e-01 
59045	4.581379613178493e-01	4.617150376838236e-01	9.423694815218306e-01	4.814379878721377e-01	6.889099351544445e-02	1.105594933547822e-01 
59046	5.010373846166941e-02	5.597431154734190e-01	1.860397421689889e-01	1.434439006929490e-01	8.675025179365196e-01	4.094113807237760e-01 
59047	4.411272515734319e-01	3.228292275792124e-01	6.444030355868875e-01	9.728275211401411e-01	3.114544275735758e-01	8.038782052713811e-02 
59048	8.104214313488554e-01	4.739727813163646e-01	2.601503605303123e-01	2.347493536000836e-01	7.686007492098029e-01	6.730485077356214e-01 
59049	5.593281330351383e-01	1.286465633328290e-01	3.988332782866588e-01	3.874692322627964e-01	6.102115146863328e-01	6.844291559813680e-02 
59050	1.854430745287999e-02	6.834947553852083e-02	5.301579537476218e-01	9.609137889747107e-01	5.497874634106585e-01	5.990489472630661e-01 
59051	7.147328186383158e-02	5.998912018723279e-01	1.587920622708239e-01	2.575130240328205e-01	7.433351030309382e-01	2.629457974168220e-02 
59052	6.669244052222578e-01	1.844623541387088e-01	3.491238073208946e-01	3.113274403434840e-01	1.572898748131887e-01	6.605782348944704e-01 
59053	3.917152613362834e-01	9.677113061620440e-01	1.345510162108350e-01	6.518656218665958e-01	2.024606592964663e-01	9.031517654206379e-01 
59054	3.249141291365559e-01	7.617887927972660e-01	3.179832875346687e-02	7.237474074232148e-01	1.492580245944010e-01	6.420098434397996e-01 
59055	7.921903234870128e-01	1.678023320472810e-01	7.103593189783205e-01	3.223482767689732e-01	1.287161205563304e-01	2.601467819233177e-01 
59056	9.213972240320394e-01	2.001894028858232e-01	8.600379842613070e-01	8.018928583720200e-02	4.577024269186437e-01	6.033730868265839e-01 
59057	1.064838655788842e-01	1.246268316752402e-01	7.878354409652927e-01	4.556076728997788e-01	4.359542724843855e-01	9.451253157784815e-01 
59058	1.161859073285879e-01	8.276695338206690e-01	9.128366214748642e-01	2.507369235394229e-01	4.795351552216034e-01	1.152972807713306e-01 
59059	1.538886889600608e-01	8.044492848238206e-01	8.770860735685966e-01	1.856870177135277e-01	5.281966917813740e-01	2.634409769733627e-02 
59060	8.276968611533273e-01	3.203870148027255e-01	1.941464297446173e-01	5.380561796659865e-01	6.427352915716987e-01	3.228625503009476e-01 
59061	7.982029615893043e-01	5.641325151380768e-01	5.230519531867709e-01	6.582409453849499e-01	6.443218009752789e-01	9.807543805710759e-01 
59062	2.616140317458725e-01	7.508056665541630e-01	1.053812117806548e-01	4.944947224550390e-02	2.064133389882805e-01	5.413354842650404e-01 
59063	9.945747880239854e-01	3.225992467825298e-01	3.690050176200480e-01	9.074114094988496e-01	5.733361703219526e-01	8.485401733073127e-01 
59064	2.270868980451892e-02	7.272248592820134e-01	6.529894576654720e-01	8.997947633731155e-01	9.129118769955411e-01	1.811861489811848e-01 
59065	9.261388610704517e-01	7.406087376832071e-01	5.015731642495715e-01	1.202852903494077e-01	2.786649168835324e-01	1.443084553556090e-01 
59066	4.431478406503554e-01	7.686787847283663e-02	7.084409709593472e-01	9.661997943027876e-01	7.351088238577865e-01	3.527627714689648e-01 
59067	9.469541744082022e-01	9.967228560693203e-01	1.035684380231278e-01	5.233538572319568e-02	4.617232784916289e-02	3.099817770114084e-01 
59068	5.936708704538973e-01	4.074711587314826e-02	6.325810237939381e-01	9.626758880739453e-01	9.481585253719979e-01	2.059171941158907e-01 
59069	8.112160609155968e-01	9.708672151765168e-01	9.331420533979041e-01	4.642055181154076e-01	8.706619780839709e-01	8.460539303934452e-01 
59070	6.453916675622536e-01	7.968008386887614e-01	5.866626676109912e-01	1.469648313461639e-01	9.170861290381691e-01	8.653275849601848e-01 
59071	2.912732867017729e-01	3.602339692228632e-01	9.421954634330214e-01	9.997142576611202e-01	3.264337630599894e-01	6.773042868251467e-01 
59072	3.524770291300849e-01	2.733879370025303e-01	6.740271424288057e-01	4.560454671532128e-01	3.257233231913872e-01	7.201994707436299e-01 
59073	7.660272441646211e-01	9.193941936452846e-01	7.609465866167781e-01	3.986082679585592e-01	8.820700812535687e-01	7.091051115231146e-01 
59074	6.045254620744500e-01	6.932861421691655e-01	6.799723262339702e-01	5.376675150066929e-01	1.574916598189118e-01	5.506343038522798e-01 
59075	3.837214449344769e-01	8.028833273811654e-01	3.474351420753799e-01	9.703841130111293e-01	9.498481587273293e-01	2.645212706478877e-01 
59076	8.357116975056528e-01	2.411214454291023e-01	6.247552398707509e-01	7.779071604730129e-01	2.408357026245611e-01	9.511890033964017e-01 
59077	4.552114468324983e-01	5.933127317546460e-01	2.245769399332707e-01	1.292385892613039e-01	4.935819844219750e-02	5.503002631246580e-01 
59078	8.494380600049337e-01	8.153854430724798e-01	4.696944563042812e-01	6.103846461560506e-01	2.139937105653778e-01	3.517645375578499e-01 
59079	3.194897572135039e-01	8.185191726398278e-01	4.505067926135412e-02	9.994620834474741e-01	3.561866871808593e-01	2.025423390802659e-01 
59080	5.500963868340926e-01	7.399081325809975e-01	5.425666461431266e-03	8.975315289094725e-01	7.102922451264655e-01	9.552738251887606e-01 
59081	1.620527990916990e-01	5.460039421664570e-01	1.963952701522015e-01	7.868080389624499e-01	3.239111021738085e-01	4.372309732424239e-01 
59082	7.379970418931903e-01	7.791225490063068e-01	3.054370453140871e-02	9.625739822921222e-01	9.083611382676108e-01	7.990190343926749e-02 
59083	5.128742449511188e-01	7.577991978068832e-01	8.952873465117474e-01	9.825687017210614e-01	3.681838434972725e-01	1.092810566114639e-01 
59084	3.343332388132499e-01	6.876736007107764e-01	9.278002292512917e-01	3.793839180746041e-01	6.871356836925893e-01	2.839869159664898e-01 
59085	5.819262571548700e-01	2.372320700610206e-01	2.389504808182598e-02	5.873519236163013e-01	1.347635985048318e-01	7.341872932082915e-01 
59086	5.426257488050618e-01	2.968163975965308e-01	2.801912349090870e-01	7.390210189572634e-01	8.362443655898069e-02	6.041023370828956e-01 
59087	1.762519917340260e-01	8.216214784521709e-01	3.832248860892024e-01	2.067956967310960e-01	7.841954602786319e-01	2.915860238911519e-01 
59088	2.866976001703635e-01	2.970697052297507e-01	4.938522169803512e-02	1.819849462164496e-01	2.796384064851508e-01	4.175690651953076e-01 
59089	2.912660028279135e-01	6.139716452984008e-01	1.052426659060841e-01	2.190662316135439e-01	9.933555633730048e-01	7.923783495986734e-01 
59090	5.030531475800337e-01	5.752818200622135e-01	2.961041965969392e-02	5.269481961275210e-01	1.626337436785147e-01	1.643740181645257e-01 
59091	2.611354888701511e-01	7.052594924835766e-01	4.611904162267179e-01	5.413267242448995e-01	4.442805109751786e-01	5.448148527856985e-01 
59092	1.454290608621338e-01	6.205325031748659e-01	3.664363307722082e-01	5.286539469513362e-01	8.273281999059618e-01	1.506317910508401e-01 
59093	8.202399713081494e-01	1.140257996106640e-01	4.477014962805907e-01	8.696251930061845e-01	2.960107458271136e-01	7.273399027657416e-01 
59094	2.871942577358308e-01	5.872767486550271e-01	3.413115475984810e-01	3.924369236419150e-01	8.063429802685711e-01	3.346671105058245e-01 
59095	1.848152732405883e-01	3.093961273829435e-01	9.099489305680379e-01	2.144256929002822e-01	8.363443235104644e-01	7.258267378089142e-02 
59096	3.787997110648079e-01	9.747981238061554e-02	7.778421662644680e-01	8.399901272915258e-01	6.388065366255150e-01	2.221226772396465e-01 
59097	3.848049796115630e-01	7.842355974876488e-01	8.426551804145124e-01	7.512413108494325e-01	3.128895444389850e-01	6.699833798548129e-01 
59098	9.018731019002726e-01	1.331295152814731e-01	7.840091794654770e-01	3.495745977152021e-01	2.754707821996281e-03	8.001992482692931e-02 
59099	7.691450001528230e-02	2.899489655578271e-01	6.672966734819564e-01	4.182260476137633e-01	6.823858896654034e-01	4.736396532848662e-01 
59100	7.528931581195878e-01	8.672011629059916e-01	7.830357806678097e-01	6.628420882219644e-01	8.162685534061252e-02	6.193801041782740e-01 
59101	7.354247624685172e-01	4.604265664054205e-01	7.168599165588896e-01	5.132669282673239e-01	3.004166936969462e-01	3.556664527187433e-01 
59102	7.353896055069704e-01	6.852216733085092e-01	1.399020497407308e-01	5.780447854558215e-01	4.364629836922805e-01	4.527915941797158e-01 
59103	2.480281648449731e-01	3.383360851268918e-01	5.859211094611888e-01	3.203734384478878e-02	6.879106828420939e-01	5.886758172831851e-01 
59104	1.120572686717181e-01	7.648251828573761e-01	8.786247833066735e-01	7.793539421536745e-01	1.830512300054781e-01	5.610106725064156e-01 
59105	2.529935949728794e-01	9.359443881250659e-01	4.282118349467459e-01	3.602937564068910e-02	5.987864763470304e-01	5.098386902873584e-01 
59106	6.554094798189632e-01	3.342112383498863e-01	9.702652566927789e-01	3.722693959121915e-01	8.474781666172101e-01	2.706819499240639e-01 
59107	7.279358486309349e-01	5.828677721241805e-01	9.559036236982343e-01	8.678378983716657e-01	1.609125571143406e-01	3.923666069248536e-01 
59108	3.206294925513815e-01	4.089407224249750e-01	7.307026925174066e-01	9.065506020125703e-01	4.409780662697638e-01	4.186133748938392e-01 
59109	4.952264192957554e-01	5.530353354071431e-01	1.834385577512153e-01	3.738512021367676e-01	3.323892770951564e-01	3.664897877566934e-01 
59110	9.348618746431833e-01	5.853828725336971e-01	3.024341758817594e-01	3.630737091242679e-01	6.214122481743862e-01	9.012206522287897e-01 
59111	8.729123994116263e-01	2.768217275276881e-01	2.354318901130147e-01	8.431776556387439e-01	6.490911234398796e-01	8.291005626456349e-02 
59112	1.138596055628078e-01	3.770269716051532e-01	6.657778283887440e-01	6.976322879538091e-02	2.448648695111577e-01	8.266903859687459e-01 
59113	4.621298357202345e-01	5.654943620625391e-01	2.356311079280596e-01	1.928325277719798e-01	4.720449640751094e-01	6.766091741978234e-01 
59114	6.114459031314803e-01	9.672713833708648e-01	2.296445091393052e-01	7.948844608826956e-01	3.411225850419712e-01	5.620337867001229e-01 
59115	1.613742481737278e-01	2.759844592194932e-01	1.474166587681587e-01	4.638084240554871e-01	6.390581683437611e-01	7.688289069425449e-01 
59116	3.650290758186155e-01	5.119705672897261e-01	4.565063400457177e-02	6.004609659316302e-01	3.551482224628088e-01	6.947417574444514e-01 
59117	6.833710226618550e-01	4.690078280256166e-01	7.176872858394344e-02	3.491488505849377e-01	5.387710568209976e-01	3.166335980951011e-01 
59118	1.758392360880222e-01	9.008925412320032e-04	8.821279606233016e-01	4.114703440160818e-01	1.937334203132118e-01	3.541729242327497e-01 
59119	8.807951821390517e-02	8.051793234446921e-01	3.214443071379532e-01	3.177240273532104e-01	6.000637838617264e-01	6.625668921799245e-01 
59120	8.797578140533333e-01	7.614380325011155e-01	9.385513513994177e-01	2.717447235583070e-02	2.252464560909413e-01	5.776095192775175e-01 
59121	7.960033792983756e-01	5.902755323752181e-01	8.958008610158232e-02	8.416540133029474e-01	1.907364978411870e-01	4.447283085643911e-01 
59122	5.363957702817376e-01	8.741075205030421e-01	9.137361370556690e-01	6.081644988656810e-01	2.232563710879797e-01	4.525071934110053e-01 
59123	9.247980974264434e-01	3.990956071760020e-01	4.534080859522373e-01	8.069260575840836e-01	8.105659516577450e-01	6.471415067311104e-01 
59124	1.610989813511721e-01	8.986454698716502e-01	4.523208297101412e-01	4.825432884891253e-01	2.163694967591993e-01	5.238461357186763e-02 
59125	1.451101802033885e-01	9.612731081253258e-02	8.138226460729832e-01	8.366153113714490e-02	1.233017831683633e-01	3.906910169826313e-02 
59126	6.612710504146624e-01	9.193051629324002e-01	6.293446340734813e-01	7.508511365162447e-01	7.609591757696863e-01	8.200811323803296e-01 
59127	1.955794446149745e-01	2.973549460514239e-01	6.941886524177103e-01	1.093155812049823e-01	9.055194449171049e-01	9.174450235056900e-01 
59128	5.618227750816489e-01	8.303175418778870e-01	3.165406306816920e-01	1.523086056822485e-02	6.372435989963093e-01	1.271065818737757e-01 
59129	6.623723672993352e-01	7.983425803474814e-01	2.575205127976465e-02	1.146931970094765e-01	2.808858683709455e-01	2.421215480389640e-01 
59130	1.670778105813441e-01	4.259960485743340e-01	3.382488588514965e-01	9.809004566543272e-01	5.096575797114790e-01	4.615506424855211e-01 
59131	1.996955788692905e-02	1.709286296604800e-01	3.808558049522600e-01	6.493141924260716e-01	9.217797661767247e-01	1.418149802562851e-01 
59132	4.693953243407399e-01	1.173592107916992e-01	4.391699263077089e-01	1.635839762927890e-01	2.266747919966815e-01	3.446893712248138e-01 
59133	8.102899979847902e-02	7.884975670783303e-01	1.750069126370395e-01	3.975696304801710e-01	8.037284281122165e-01	8.122505120990102e-01 
59134	5.246762123539468e-01	4.661007949458905e-01	6.105930919808303e-01	5.504282636337113e-01	5.807939919553670e-01	8.914789608174372e-01 
59135	7.925498116726754e-01	7.478718025367110e-01	3.174750089261099e-01	1.307986705241719e-01	7.287722587253769e-01	8.271325891032502e-01 
59136	5.923493130096930e-01	7.487418170779673e-01	9.980612187637301e-01	9.732051179619530e-01	3.980560090383776e-01	9.198409849404549e-01 
59137	1.150200977525767e-01	8.674513333791175e-01	3.720019526649276e-02	5.541900245259469e-01	3.103530920624515e-02	2.638749872631743e-01 
59138	8.988793957507607e-01	1.120643090047242e-01	5.237255434150461e-02	7.388630792213897e-02	5.096339394848952e-01	8.561009824537211e-01 
59139	8.861368200211491e-01	3.431015137318063e-02	3.222017769339502e-01	4.967299120019795e-01	5.847384150068921e-01	9.029957693549785e-01 
59140	3.882088723537553e-01	3.772882266795674e-01	6.508675714260281e-01	7.056838812798653e-01	5.080868972037392e-01	3.796398301514051e-01 
59141	5.328164699174540e-01	1.004362097477709e-01	1.283816467637111e-01	5.308776886811841e-01	7.364132724406260e-02	5.264376558020887e-01 
59142	4.507186731559777e-01	1.886614249966393e-01	3.938889887155448e-01	4.879188684224705e-01	7.428514495225863e-01	4.249242979217899e-01 
59143	7.517938556856447e-01	6.417308448076857e-01	5.369886073921754e-01	8.041664100271493e-01	7.156171531954860e-01	4.662254641140930e-02 
59144	6.602673920152091e-01	6.017539727509739e-01	8.093269825025122e-02	9.824691694148207e-01	9.848388428729209e-02	6.656711132571432e-01 
59145	8.854649383041379e-01	4.866927566410474e-01	4.295933947104930e-02	5.363325092645048e-01	1.923766379209126e-01	5.510462366747885e-01 
59146	9.159723394159098e-01	7.251931078383667e-01	6.514824464225594e-01	4.435398571395967e-02	2.560707960538896e-01	7.251237736666221e-01 
59147	5.707916415160483e-01	7.067894692098673e-01	9.137851991289226e-01	9.646806302315931e-01	1.947083371666765e-01	6.566366481858477e-01 
59148	3.896049281533830e-01	9.465021933179825e-01	2.983674929935334e-01	9.265935355455585e-01	7.506686028794705e-01	1.398464572335810e-02 
59149	9.732160819569677e-01	4.109359948946796e-01	6.157386184743320e-01	5.414877974155768e-02	3.934051638438391e-01	7.142225032272853e-01 
59150	7.198198934643621e-01	2.788701016823156e-01	2.009152594026715e-01	7.627792329354115e-01	8.152026109468204e-01	3.932918973235842e-01 
59151	3.138254696102000e-01	7.311749503627303e-01	1.184850051619508e-01	9.653079160327594e-01	7.755289360766899e-01	3.745558012158404e-01 
59152	6.904316896993814e-01	3.463205775927383e-01	8.134527042570769e-02	6.042168883626428e-01	3.110012073586700e-01	2.760536075923842e-01 
59153	2.608535360828291e-01	7.006061355120531e-01	2.225558004447053e-01	5.592210290763625e-01	6.271996705919503e-01	9.732244037898371e-01 
59154	5.732056747997206e-01	6.004157525489180e-01	3.841603982188554e-01	1.889442932740526e-01	6.545645322904757e-01	7.775655620626944e-01 
59155	9.031667965013379e-01	3.743844252891766e-01	5.643566327934883e-02	1.040820554383481e-01	1.371636582245881e-01	8.716382742261692e-01 
59156	4.973739532275935e-01	4.509891278347881e-01	6.028132241232382e-01	6.158589583895444e-01	4.162970434018863e-01	3.783421601999282e-01 
59157	9.904147596053848e-01	1.067287326356064e-01	7.246627377926664e-01	7.176002956543119e-02	7.109456209982492e-01	3.566394468567518e-02 
59158	3.478136376234766e-01	9.717991575467396e-01	7.362700806633896e-01	5.703694380681820e-01	5.310201861574408e-01	3.634697507896785e-01 
59159	5.435938413923578e-01	1.042258609571615e-01	9.638855033385966e-01	9.277542396112132e-01	2.931701542312141e-01	6.184500356290722e-01 
59160	7.053198012082464e-01	1.963369502668907e-01	9.928344609182489e-01	7.617554644875952e-01	3.004190057052388e-01	1.299981186771757e-01 
59161	6.333937387137645e-01	7.977929589328323e-01	5.809872465119638e-01	2.362069623713414e-01	4.136519168567154e-01	9.972842903795113e-01 
59162	6.145491225712696e-01	4.040666764621002e-01	1.040130225494565e-01	3.392118598982747e-01	4.758267060275314e-01	8.149586440133669e-01 
59163	3.748758050496112e-01	8.236403436510080e-01	7.867578010944453e-01	1.111458852473394e-01	3.940097817191900e-01	3.177779867862249e-01 
59164	4.746156360370180e-01	9.376036231115478e-01	4.220038477433863e-01	4.385011393756145e-01	8.653578627227609e-01	7.151740019746003e-01 
59165	5.695117453902549e-02	5.706776634653461e-01	9.115109522414910e-01	4.978563499161304e-02	3.324331279529413e-01	2.119299579467298e-01 
59166	1.797837541344500e-01	9.658268666667057e-01	9.722916413900870e-03	7.607710006464138e-01	2.020338285723859e-01	4.233748337362776e-01 
59167	7.580552905602638e-01	8.165829516093167e-01	8.274415101983777e-01	8.620683135753816e-01	1.557948110419301e-01	3.032682157602479e-01 
59168	6.770269571230872e-01	5.306706160915413e-01	1.269085594112559e-01	4.637847577518713e-01	6.418165013388808e-01	5.209183411304459e-01 
59169	7.815627445380962e-01	1.164321373758987e-01	4.585219637763323e-01	2.035665922814825e-01	5.549332767515133e-01	3.238798260334320e-01 
59170	9.187405942560828e-01	6.118844512905387e-01	8.945574899644393e-01	8.302515464975738e-01	6.616700862821517e-01	2.269906174517193e-01 
59171	4.218150397864241e-02	8.414538404166018e-01	1.928174836527638e-01	5.190442039254328e-02	6.022248410630155e-01	3.948513122251496e-01 
59172	4.752792541288208e-01	3.602801311576181e-01	2.114342633688051e-01	3.027207638615373e-01	2.223484442673384e-01	3.672290748763965e-01 
59173	6.059889800874465e-01	8.993754013904256e-01	8.978996909679378e-01	7.328975394987024e-01	3.631601586766355e-01	5.397161923068186e-01 
59174	2.538158801634870e-01	1.447229032147317e-01	6.561483296827173e-01	7.123378439398192e-01	3.482894954962141e-01	2.110816059685692e-01 
59175	3.621766997325126e-02	2.670300892866357e-01	8.229660572591080e-01	9.307751599376906e-01	9.728163531854825e-02	4.846361430755985e-01 
59176	1.577657769237486e-01	1.394631392971906e-01	3.260899834922003e-01	3.505832605765123e-01	1.913675601553952e-01	9.283148245552159e-01 
59177	7.454345728016619e-01	6.666468142842160e-01	2.885949552471726e-01	9.568688366361283e-01	9.693675786114146e-01	5.109433999801722e-01 
59178	3.240979110468635e-01	5.753565582331999e-01	4.103188009049366e-01	2.219976015491400e-01	3.082540972662410e-01	7.734789600472334e-01 
59179	7.617137938559585e-01	5.620699774297280e-01	9.182018632619651e-01	4.178621230730145e-01	2.744078209038860e-01	2.664913582925179e-01 
59180	6.289437290415837e-01	3.106254908771373e-01	5.335214475791535e-01	4.519097858350304e-01	2.414006503491666e-01	6.308030833633631e-01 
59181	9.365459293762901e-01	3.991664272729151e-01	7.702662226605538e-01	2.626359124028291e-01	7.497496878494274e-01	9.616337828159489e-01 
59182	1.909507364923836e-01	4.951842606510894e-01	6.282805971001650e-01	4.795456917395562e-01	4.520530968215564e-01	5.976481752459184e-01 
59183	9.904890917197284e-01	7.761510078684198e-01	1.730047330134570e-01	4.008078926246650e-01	9.981486094175599e-01	4.812588302796981e-01 
59184	1.742868522062371e-01	7.598624032735184e-01	4.332880724376478e-02	9.248871500254083e-02	1.777245258808716e-01	3.177366281476508e-01 
59185	3.589800732950587e-01	8.066682553881166e-01	6.283621194904494e-01	8.925015208742123e-01	2.585780407574857e-01	8.697627698396159e-01 
59186	5.233046037719141e-01	1.951239696681145e-01	2.689291971125310e-01	2.935708264324678e-01	4.577598820709436e-01	1.867888449629717e-02 
59187	2.552046087827555e-01	6.487106185633273e-01	5.138631451473865e-01	8.834852058829206e-01	1.282563103028835e-01	9.659162419689429e-01 
59188	4.811333806631776e-01	1.187454015569507e-01	7.420672493717015e-01	6.541381136766347e-01	5.195532941816157e-01	7.402158587892613e-01 
59189	1.353969434906714e-01	6.938401463878529e-01	5.000782615971184e-01	1.787257507344362e-01	7.863288613903936e-01	6.778027874779901e-01 
59190	4.964623793477483e-01	1.453089342197910e-01	4.844710424004454e-01	1.248244983725364e-01	3.781045509400333e-02	7.430490836235923e-01 
59191	9.945872682121523e-01	5.611150588659174e-01	9.381730532917069e-01	2.635164648590220e-01	8.546858852983852e-01	3.959329353626505e-01 
59192	2.821953498209805e-01	1.098904940811407e-01	4.464355346031652e-02	7.960584949683670e-01	9.933756999640613e-01	1.728998637632000e-01 
59193	7.619747369373100e-01	4.745090806272389e-01	2.916452657858121e-01	5.040419858433501e-01	1.286471938382123e-01	8.111985599674277e-01 
59194	2.442578441669503e-01	2.640441377945450e-01	5.050387063552806e-01	7.443361057640687e-01	4.427698885289812e-01	2.913675672800129e-01 
59195	4.221388932420588e-01	9.392322678767295e-01	4.366765019654653e-01	9.066099356425041e-01	6.405676578360459e-02	4.744869570594686e-01 
59196	6.496590188004351e-01	5.864403399575690e-02	3.560201545972471e-02	5.878320720921419e-01	3.221604988547789e-01	8.902879012237712e-01 
59197	9.837650074547926e-01	6.043558486757594e-01	1.783948392506665e-04	2.840856044944774e-02	4.004143436441265e-01	9.935540948033119e-01 
59198	2.013084246783091e-01	1.623890801157752e-01	4.680631749648895e-01	4.929536904641211e-01	6.664310659591253e-01	5.967103692687631e-01 
59199	3.041522499658876e-01	9.106889105917368e-01	8.607545070633080e-01	8.091909563211682e-01	6.550250158901443e-01	3.035243951266279e-01 
59200	1.005585236011811e-01	7.716390866654176e-02	2.427566630033574e-01	5.372350255666464e-01	9.837738447747072e-01	3.068134287869621e-01 
