37801	9.868328273235042e-01	5.191025228794210e-01	6.099478647159170e-01	7.422268743357746e-01	9.641238353048097e-02	4.668742574131462e-01 
37802	8.038590200263351e-03	5.879057909305700e-01	9.088128529995739e-01	5.511961605172586e-01	7.416991031457201e-01	6.385587619797135e-01 
37803	1.824710612103674e-02	2.049534051702141e-01	5.878244236054944e-01	6.806985296684777e-01	7.546319657725431e-01	2.683203538266571e-01 
37804	3.444716517554930e-01	9.210441368264352e-01	7.958165583181273e-01	6.719530917107841e-01	9.547156090637275e-01	7.657468303878544e-01 
37805	1.014819425071971e-01	1.391813173606905e-01	7.968635646611748e-01	8.550369212660179e-01	1.203885493429324e-01	1.909155772025304e-01 
37806	8.345298375163832e-01	1.072213766664366e-01	7.100181000819514e-01	4.444777017666389e-01	8.494482510022112e-01	8.064304840780937e-01 
37807	9.113519591797851e-01	8.574868412024745e-01	3.943362745430024e-01	8.201648117136978e-01	4.086830017197332e-01	1.360353772230611e-01 
37808	4.587235732277499e-01	4.269301078407700e-01	3.409887828589365e-01	4.654799683324434e-02	1.076286370435863e-01	9.562074816581828e-02 
37809	3.148683506599014e-01	4.521002887990793e-01	1.666488452659216e-02	1.106849085123674e-01	1.240533800442020e-01	9.713804935903197e-01 
37810	8.764317393658830e-01	2.255353225513992e-01	1.105618109510102e-01	6.732953035613966e-01	8.057224335175578e-02	2.309503602939427e-01 
37811	8.642108807639269e-01	9.151020813338002e-01	3.381717369603793e-01	5.742289808458784e-01	3.595797826347779e-01	1.876199879625905e-01 
37812	3.806594644583107e-01	2.709317418145629e-01	4.510682869940383e-02	7.749957390013131e-01	9.109655306259941e-02	4.537898304191371e-01 
37813	9.110311162243742e-01	5.498201267560107e-01	8.807199382599070e-01	2.520198986176494e-01	5.963681235892550e-01	9.883485753034933e-01 
37814	3.476406467834677e-01	9.112364742491564e-01	4.404488636369113e-01	3.643055317757211e-01	2.192138276152377e-02	5.645022436811133e-01 
37815	3.356860249003796e-01	8.983531221274068e-01	7.900375666981738e-01	4.462478358513898e-01	5.716484252231421e-01	8.706098100499295e-01 
37816	6.771981966109938e-01	4.358593059870691e-01	7.857118909180686e-01	1.536993310571179e-02	1.008828636728613e-02	1.452916735528464e-01 
37817	2.029899210683023e-01	3.907477508255969e-01	4.162234153674093e-01	2.480967502333674e-01	1.657434893612487e-01	5.073199684300087e-01 
37818	7.018865806525045e-01	7.677460511996159e-02	5.714009472035807e-02	5.826065189124116e-01	3.287945042032723e-01	6.535082183096130e-01 
37819	5.709550937502436e-01	6.764351509867400e-01	5.647446925587695e-01	1.140395738715490e-02	4.074068229679981e-02	5.866660753202932e-01 
37820	5.759062010682683e-01	3.764267076628407e-01	4.850191969820388e-01	3.659437673007808e-01	8.226745435142305e-01	5.666762173951959e-02 
37821	2.365535773507103e-01	4.998727396595630e-01	4.925269277265886e-01	2.226546780311757e-02	5.152426732309361e-01	5.026152140938748e-01 
37822	1.675571413559639e-01	7.182325942992385e-01	8.933629649194716e-01	5.837805567233733e-01	9.663293445326059e-01	5.910645381505902e-02 
37823	9.110052515338199e-02	6.682159251851104e-01	1.358810594006819e-01	1.482406198737401e-01	2.508224436318606e-01	4.646755636039542e-01 
37824	8.017488386490144e-01	8.217775373821042e-01	1.411107141250329e-01	3.664935307421226e-01	8.331814947692591e-01	1.818513968874940e-01 
37825	9.531596060624158e-01	4.090876958375274e-01	5.582781045503347e-01	4.381788025787933e-01	7.750314631383082e-01	3.809526475989039e-01 
37826	4.948464243183129e-01	1.158504002335716e-02	8.808253877241282e-01	9.873733525105628e-01	3.385050829213602e-02	3.960680604894031e-01 
37827	4.899885661387763e-01	2.014076496481000e-01	1.143006543229803e-01	3.833515310582479e-01	7.851882068371345e-01	8.062999885558617e-02 
37828	4.424579848733070e-01	8.762887319905165e-01	7.488459240406965e-01	5.783390442739889e-01	2.452935139859531e-02	9.996683676725572e-01 
37829	4.301460741228173e-02	8.262781900476097e-01	8.214459045890001e-01	1.841253220029759e-01	1.927717203240710e-01	6.546273993582592e-01 
37830	3.659767188904698e-01	1.459313259208255e-01	6.371509473012532e-02	9.242548234408046e-01	5.841101284996187e-01	8.387465578684334e-01 
37831	3.052074705740472e-01	7.895655281793165e-02	8.503315983574519e-01	1.860328578325141e-01	6.632990486283316e-02	8.841821066495880e-01 
37832	5.821009183219172e-01	5.563184710016095e-01	8.558975583202660e-02	6.964015731105588e-01	9.396700020598574e-01	8.707779626691611e-01 
37833	7.770315719661450e-01	3.821279869331643e-01	7.470666941940164e-01	5.258774955411802e-01	9.604670312071532e-01	7.715960460582729e-01 
37834	5.255458627480761e-01	3.481638619434852e-03	5.978742356402214e-01	3.469917668714150e-01	1.876069606224108e-01	7.906459564299536e-01 
37835	1.619165764012917e-03	5.535836795128806e-01	9.365772823507792e-01	6.533426049413824e-02	4.778385024880238e-01	5.206874108503979e-01 
37836	9.040808188282330e-01	7.830459730620710e-01	5.996439636683296e-01	7.544124167200236e-01	9.690788313602464e-01	6.659738685311628e-01 
37837	6.385945229039502e-01	5.511797492165024e-01	2.222923390671110e-01	7.241842787359768e-01	2.475813218613999e-01	1.619623411269683e-01 
37838	5.949622414051380e-01	2.461289336188366e-02	5.440903280601326e-01	3.420289351334930e-01	5.504903889030639e-01	5.045573588016244e-01 
37839	1.136249807261047e-01	7.603625118547876e-02	5.080389974210593e-01	7.114992168319874e-01	4.230280185225550e-01	6.956459580434701e-01 
37840	5.021451727962798e-01	4.246471842865679e-01	2.492296370906893e-01	4.387224546813976e-01	4.899814452463674e-01	7.270681395787132e-01 
37841	9.594098655317956e-01	3.940622636089391e-01	5.101141126407842e-01	5.590538287344640e-01	1.484746798633014e-01	4.791929435353693e-01 
37842	2.250276967999654e-01	7.870692027672517e-01	3.037269228621046e-02	4.473200363327376e-01	5.112534810375672e-01	2.779540146132717e-01 
37843	6.092823774597060e-01	1.062157219770438e-01	3.025669079751553e-01	1.533727050541773e-01	4.482446575761981e-01	8.530572973438806e-01 
37844	6.579300638558018e-01	5.618696383023027e-01	9.290935485293593e-01	1.659690612768610e-01	2.733688546686288e-01	3.521215665862530e-01 
37845	8.616150193203310e-01	7.755140274649086e-01	7.767687513384822e-01	1.108446564110204e-01	2.142364821463062e-01	2.667501961191884e-01 
37846	8.379127959897336e-01	1.736463472124405e-01	6.608124597281275e-01	3.480269081648564e-01	7.327001764125657e-01	8.092871395914290e-01 
37847	8.272198517002258e-01	9.577278732125312e-01	5.963563418930193e-01	8.575925444520975e-01	4.050479090796075e-01	1.076098224649251e-01 
37848	1.355465585997079e-01	1.433028607365223e-02	2.138255449076302e-01	4.381134665748633e-01	1.677029911278295e-01	6.620702024838283e-01 
37849	2.911707634530825e-01	8.256330554492926e-01	2.239398403204697e-01	2.202643119824418e-01	9.916021167261536e-01	4.973086954547599e-01 
37850	5.723858785686948e-01	8.532171355808233e-01	2.728227224540071e-01	3.491546294415158e-01	9.640617919918437e-01	4.870592046003133e-01 
37851	6.159048255607042e-01	8.019745879815773e-01	6.607055522784151e-01	2.767172848231705e-01	1.500014956807725e-01	3.934057282253195e-01 
37852	8.600442394893823e-02	9.772213478466595e-01	3.511336009721894e-01	6.823607658419575e-01	8.348138918330957e-01	7.561815105174582e-01 
37853	7.899705887725440e-01	9.703604504328037e-01	7.705117965911105e-01	3.796133214512902e-03	4.084739165420057e-01	9.382147881846012e-01 
37854	6.658663356983412e-01	6.996446804607495e-01	7.638478431682325e-01	8.898061760188110e-01	9.199089924431914e-01	7.554499594287248e-01 
37855	3.871148710079095e-01	4.922948705462249e-01	6.086670945438869e-01	6.599375939275779e-01	8.414495004534021e-01	5.727288865357306e-01 
37856	1.469967980622299e-01	4.573543255484450e-01	3.747034740516467e-01	8.077023503406450e-01	7.340716108372768e-01	5.247049697324191e-01 
37857	2.011080781003032e-01	8.200760347862150e-01	5.019263171134174e-01	5.522416795381538e-01	5.024368006281726e-01	3.367402084808518e-01 
37858	3.084231895899508e-01	2.924073889350553e-01	3.071006584479942e-01	7.893498571539996e-02	2.962035221495682e-01	7.155745754556612e-01 
37859	1.714977343433992e-02	9.620698578479093e-01	4.152192554507494e-01	7.809976166025724e-01	8.518760334010590e-01	3.351282474282795e-01 
37860	5.364475755656359e-01	2.389909044089685e-01	8.274231179745044e-01	1.451146701095228e-01	8.989284983365463e-01	6.688726179622452e-01 
37861	7.178435566452535e-01	4.592529593311497e-02	1.262269435106902e-01	9.254703023123882e-02	8.536276467394213e-01	8.602985543479671e-01 
37862	6.172519999636580e-01	5.473572437406318e-02	6.803745886685209e-01	1.191783170770753e-01	6.069774039122171e-01	1.828113888310322e-01 
37863	4.559185255579271e-01	9.154005935021678e-01	4.752187777660875e-01	7.630191844715826e-01	9.943355796832292e-01	7.714222999156557e-01 
37864	4.785937594615825e-01	1.148535265190776e-02	7.334921572979037e-01	8.938130149123320e-01	7.924829697201414e-01	5.853681906989627e-01 
37865	2.289412618749501e-01	3.289305448201161e-01	8.243590951079313e-01	5.636437938379327e-02	4.740452149296390e-01	7.232875929788163e-01 
37866	7.252369978116997e-01	1.918887711092312e-01	7.692128889119313e-01	8.514639413223900e-01	2.844358013404700e-01	6.228405351856913e-01 
37867	7.117624952046957e-01	9.016878017697892e-01	6.775762600254157e-01	3.921370834075553e-01	2.086611838120321e-02	2.845536634719715e-01 
37868	5.749484727042488e-01	4.767846439391303e-01	1.999542569741394e-01	5.016725000467489e-02	2.398038279450516e-01	1.942898361917072e-01 
37869	8.215895503859918e-01	7.183975874066342e-01	2.057751888436150e-01	5.550817072182342e-01	6.122106018533048e-01	9.982581585637564e-01 
37870	1.404498974515357e-01	8.411518637282550e-01	3.271887033838726e-01	9.648089925594669e-01	8.975162435777095e-01	8.012339183135117e-01 
37871	6.880965850726219e-01	6.227532409237480e-01	9.931226898884040e-01	4.573094739845532e-01	4.742171817804767e-01	2.775584907632128e-01 
37872	8.015000870458316e-02	1.859796765195111e-01	1.792462920673407e-01	7.577262687299988e-01	5.781167599270663e-01	2.001124104485439e-01 
37873	4.227993220197034e-02	1.530652321656538e-01	6.768970548533355e-01	2.422341891761097e-01	2.032324826359900e-01	9.167008827983871e-01 
37874	4.365240253678169e-01	2.482203255632056e-02	6.350984702050213e-01	6.422992142114319e-01	5.799037397745549e-01	2.473090715926649e-01 
37875	6.405573727751883e-01	7.203536376917519e-01	8.846093532091981e-02	9.677460761590609e-01	6.851626297855575e-01	9.859771788986293e-01 
37876	7.689799940069113e-01	3.732592148581795e-01	6.087304193567160e-01	7.621026834296540e-01	8.305686888427328e-01	8.294760067153145e-02 
37877	3.966117419286685e-02	9.107186975473159e-01	2.689272771910426e-01	2.189074662602076e-01	6.684449662773148e-01	8.470440371181089e-01 
37878	4.190198771744127e-01	7.107248984792851e-01	1.092692837627927e-04	9.591693156208700e-02	9.529590876553948e-01	2.033417519197528e-01 
37879	1.261781389481286e-02	3.894831125575505e-01	2.281637844760734e-01	6.477162840998342e-01	3.178232630332109e-02	8.080675242506282e-01 
37880	8.950253561581603e-01	6.723396990785094e-01	5.284211614767188e-01	9.834862914790801e-01	6.400857747719091e-01	2.135837912622764e-01 
37881	9.694634699120482e-01	4.090657687788204e-01	5.868430061204559e-01	5.781938888031030e-01	1.711684517428132e-01	4.174116944975274e-01 
37882	6.611414894746344e-01	2.108296259356801e-01	3.281303915791821e-01	9.300687666656769e-01	4.297370926615489e-01	9.965753578564969e-01 
37883	7.771128033181246e-01	8.487569698359617e-01	7.073002558701207e-01	7.772220726018875e-01	9.446739013980487e-01	6.602593430598542e-01 
37884	9.805638245216403e-01	9.572917152928615e-01	4.974245515174347e-02	2.087276085320523e-01	6.050079993926957e-01	8.152478192072585e-02 
37885	1.679513278268051e-02	5.000333550851948e-01	7.538644809992353e-01	5.452162942593993e-01	4.835196460986136e-01	3.939502557711444e-01 
37886	7.588000855216757e-01	4.529831155450005e-01	8.030160245499648e-01	3.456430911764703e-01	3.117700388244214e-02	9.741844762927780e-01 
37887	7.630547856739978e-01	6.923184933570765e-01	1.850141022284581e-01	9.118517725317980e-02	6.223872595570922e-01	6.147511948900070e-01 
37888	8.776053464401538e-02	3.995000624095555e-01	4.635081642603074e-01	7.950607909797974e-01	1.767221350114430e-01	4.081820651926948e-01 
37889	4.553201335739904e-01	1.572859590674220e-01	3.654737800198951e-01	5.050625891913951e-01	3.660135680651355e-01	9.704817794125908e-01 
37890	5.865873711121210e-01	3.828087008478160e-01	4.705151340321242e-01	3.404518516456950e-01	9.280249951072154e-01	9.540347801307378e-01 
37891	7.344021074168394e-01	6.868250806288910e-01	4.070178952100770e-01	5.374181315011429e-01	3.246817133970008e-02	4.381948990925191e-01 
37892	5.116026077939210e-01	7.955229574793591e-01	1.305133919839344e-01	6.966167100223790e-01	8.867081347325388e-01	7.529006515410266e-01 
37893	3.113679044467247e-01	9.744686693765543e-01	1.524007139505822e-01	7.748760687070322e-01	7.695294598906903e-01	3.291228489620252e-01 
37894	1.830581334340657e-01	2.248495934646808e-01	4.864088080294471e-01	5.485319134539608e-01	7.299121826560759e-01	8.524223760945827e-01 
37895	5.190136928665515e-01	3.164995533025356e-01	2.352310764767374e-01	9.895288268986758e-01	6.569514049482306e-01	1.632560715839528e-01 
37896	9.435636070294137e-01	3.913535123650699e-01	8.500811522128439e-01	3.505815017738294e-01	9.287716438662129e-01	8.825493235525439e-01 
37897	7.887764013320098e-01	4.403742511944725e-01	6.780722805662417e-01	9.192897933159442e-01	1.369909607511903e-01	5.647804148331194e-01 
37898	6.721904448569708e-01	4.483588651979151e-01	5.392490842096737e-01	8.245911588075530e-01	2.232349334392859e-01	3.087785436347027e-01 
37899	1.537140073039168e-01	4.062930668733516e-01	5.336281370993835e-01	6.401228153333640e-01	9.548249807929736e-01	2.635403192897980e-01 
37900	4.925451914279467e-01	4.738386731938639e-01	5.800398725923337e-01	7.277762679046841e-01	4.633674996268784e-01	2.369912775405642e-01 
37901	8.910323394886369e-01	4.069311061906308e-01	6.283447899056341e-01	7.411134912358194e-01	7.575126084301214e-01	5.571164333061858e-01 
37902	6.236628147883633e-01	5.462890092964698e-01	9.974906849663195e-01	3.017350948889437e-01	4.655788021467527e-01	1.344816452518486e-01 
37903	8.665155101877243e-01	1.377692465380622e-01	5.828405109154249e-01	4.057645939317367e-01	9.623604053456152e-01	8.060754443547108e-01 
37904	7.145431375664394e-01	1.160744121838708e-01	2.123685112280624e-01	2.481712746658229e-01	7.561972279828960e-01	1.671934915553748e-01 
37905	5.117115939556209e-01	2.487424189451814e-01	6.410321647492387e-01	9.175146654795457e-02	9.765186868498654e-01	1.043996639104558e-01 
37906	3.287427440885188e-01	8.675510263385023e-01	5.113307705667479e-01	9.570875339941529e-01	6.086645171086604e-01	2.688433785312080e-01 
37907	5.142039668346774e-01	2.323273314313625e-01	8.151323878276778e-01	5.116946513353356e-01	5.340624267859675e-01	2.807111895087693e-01 
37908	6.461762970528455e-01	4.005779365080306e-01	4.184804365124928e-01	2.290168075026091e-01	8.063425304397673e-01	3.808408413924467e-01 
37909	3.509225139165868e-02	5.208856675405454e-01	4.969152540419787e-01	2.474607626197211e-01	7.690569422063683e-01	2.531124815592135e-01 
37910	4.146542541750959e-01	2.807685361619892e-01	5.018549005043949e-01	5.568641845867336e-02	3.725200027099438e-01	4.783735868885990e-01 
37911	1.600860828347905e-01	7.012627467984626e-01	3.459246127614400e-01	6.714168534015383e-01	6.583502803269542e-01	9.545891303357618e-01 
37912	9.402602319327463e-01	1.725542466959703e-01	1.869164613014629e-01	7.553926192947629e-01	6.842488984969672e-01	7.209788880874305e-01 
37913	3.610380833787090e-02	3.304251950841514e-01	1.215568241297998e-01	4.545842448503637e-01	5.594420025867606e-01	9.278993545695671e-01 
37914	8.354250867084717e-01	5.945342539784192e-01	4.487850221101125e-01	3.323403402847891e-01	8.419950170638016e-01	2.178419638508195e-01 
37915	5.854528218440026e-01	2.566492707732363e-01	4.986105000128087e-01	8.730772188273618e-02	3.123356896975710e-01	8.711305027227525e-01 
37916	5.656813087713352e-01	4.724217725323615e-01	5.723932490555538e-01	9.116059219984365e-01	1.438386254682386e-01	2.307435289168467e-01 
37917	8.661950518685370e-01	8.409885693532361e-02	4.032977760784783e-01	5.311151270433865e-02	8.394914762300865e-01	8.754667410978427e-02 
37918	7.740904012574303e-01	8.755952845679574e-01	4.179718691939357e-01	8.956472253872302e-01	3.301795294183211e-01	9.774138717806963e-01 
37919	8.235465799567973e-01	1.656046156611315e-01	5.719481252934542e-01	2.723316016012484e-01	4.979449559459206e-01	4.139431418915946e-01 
37920	4.901735654520679e-01	8.339777732426197e-02	6.705924131304921e-01	9.887840659305379e-01	1.707054992069982e-01	9.829281028280631e-01 
37921	8.599145681876291e-01	7.363868079783333e-01	4.553498748947633e-01	4.323078172431830e-01	6.479927295111085e-01	5.991885003630019e-01 
37922	6.630513461600297e-01	5.141877809139843e-01	6.832873572983255e-01	6.634912177284673e-02	5.672992940839843e-01	5.227788330627506e-01 
37923	1.538957958826310e-01	3.413896948757533e-01	3.983741171650468e-01	5.718676650765667e-01	2.370369197973222e-01	7.285536465833679e-01 
37924	5.492815363916017e-01	6.058349928845815e-02	8.941582622444995e-01	1.212296616850559e-01	3.329151008897066e-01	3.921032177247588e-01 
37925	5.351728035766504e-01	8.230886668074358e-01	4.755009950490207e-01	2.057652162414813e-01	8.118727322723124e-01	6.462064942560188e-01 
37926	1.886933186038832e-01	6.717872999942802e-01	3.825933022343522e-01	6.440431934986465e-01	1.040951167718019e-01	3.058603127979954e-02 
37927	2.432316933959870e-01	7.671464633974928e-01	5.447738126594451e-01	9.265190506943125e-01	8.334955851703396e-01	1.120731062777681e-01 
37928	4.492978832914019e-01	9.873913815186319e-01	4.534628011535214e-01	8.476720009221099e-01	5.592590461295373e-01	6.904997209508437e-01 
37929	5.762256470398166e-01	1.085405825211390e-01	7.510832207049630e-01	4.703839092843159e-01	2.297702442061949e-01	8.399832112900835e-02 
37930	8.624871270090747e-01	7.649430477828454e-01	9.070869879364442e-01	3.379881220580955e-01	9.707082644899880e-01	7.189597197430952e-01 
37931	9.841946163141143e-01	1.594015826282099e-01	3.907470197373755e-01	3.667879180828053e-01	8.034447765925177e-01	4.948421365091774e-01 
37932	3.973739498282661e-01	4.667646952284336e-02	2.619885994410089e-01	9.421477624877113e-01	9.731955206828171e-01	9.548418461134853e-02 
37933	5.422086829981807e-02	4.224934035085577e-01	8.287556566431913e-02	5.076836694533395e-01	2.701654039650063e-01	6.421346117938564e-01 
37934	1.981833899385219e-01	8.463910514704841e-01	7.506751943149954e-01	9.492666106434849e-01	3.167749602891388e-01	9.804454385211903e-01 
37935	3.326493177249326e-02	1.792620868325523e-01	7.453884863040356e-01	9.403519197089374e-01	5.172502088906478e-01	7.160967503283623e-01 
37936	6.593116394520325e-01	5.014448252047621e-01	8.754983329565722e-01	5.005865872374674e-02	8.682327432875674e-01	6.789431090834286e-01 
37937	5.449007952329241e-01	2.656066926501722e-01	7.256195790719332e-01	8.068893951395942e-01	2.077544546722222e-01	6.988150992890890e-01 
37938	9.023735797509428e-01	2.619753229720403e-01	1.213085023319854e-01	9.852491454152619e-01	7.696589924253798e-01	3.914739067626530e-01 
37939	6.273837567434570e-01	9.678423828295629e-01	2.378649577674758e-01	3.780589510584524e-01	9.171089930073866e-01	5.546399180566146e-01 
37940	3.585043891139815e-01	9.503739247798798e-01	7.339020048891669e-01	1.038928749523558e-01	8.907258444888172e-01	2.511522137798146e-01 
37941	8.199896252807182e-01	5.500374834751884e-01	7.525970389845767e-01	6.954879582372904e-01	6.000961421989353e-01	6.208297818064828e-01 
37942	3.744310668550576e-01	1.449969369661980e-01	8.864364749223164e-01	1.000506454613296e-01	9.518863321057923e-01	9.419092912887732e-02 
37943	7.988657447504186e-01	8.542599113910738e-01	3.561662525665789e-01	9.201742475480653e-01	8.395090563406744e-01	1.258252445262974e-01 
37944	3.116481538450570e-01	4.668928130841315e-01	9.366762689019908e-02	5.495131116125328e-01	8.449517641425840e-01	1.077661989758565e-02 
37945	1.041530292034862e-01	2.034561527909041e-01	9.611505446774655e-01	8.380550340926531e-01	3.073490282089212e-01	8.518763887006214e-01 
37946	8.920724740680645e-02	1.273386530239781e-01	4.019138717101486e-01	8.418042863913832e-01	8.228266112612684e-01	2.010013443422510e-03 
37947	4.626340681978660e-01	1.972576781163261e-01	1.470069508752818e-01	3.490705426545211e-01	2.973083235776556e-01	9.889328251541279e-02 
37948	4.432614717833984e-01	9.617406832807421e-02	9.531531943721478e-01	7.994277243499773e-01	1.634831541047819e-02	7.926622502471610e-01 
37949	9.252529693419360e-01	3.279964692555352e-01	2.595550628656312e-01	1.892059576647384e-02	8.775095808680680e-01	1.045068265425539e-01 
37950	2.969721566405949e-02	9.816626100715541e-01	3.079629797991193e-01	9.908477608071863e-01	8.197176436985459e-01	6.153120080080405e-01 
37951	8.427241490421463e-01	9.089248915710136e-01	7.426506610320186e-01	2.446380207522949e-01	7.507291774967355e-01	5.654772722932870e-01 
37952	2.466480341957174e-01	2.133632452289403e-01	7.627349504096130e-01	3.936549850709992e-01	5.624337878834613e-01	6.004327352160740e-02 
37953	4.925482680520733e-01	5.695259666859759e-03	1.562173418496816e-01	4.457014619585599e-01	8.051229840168371e-01	1.725656572601598e-01 
37954	2.383637117400596e-01	7.303759528931119e-01	5.005621265156950e-01	4.979187750713521e-01	7.492965491252470e-01	3.780717069181016e-01 
37955	6.024256016139060e-01	7.789937647893065e-01	3.597343165239945e-01	9.103885814130253e-01	7.698415251308314e-01	1.794519602225404e-01 
37956	5.257005889554045e-01	6.125656741729778e-01	8.837685132789279e-02	2.683512499874230e-01	8.572036949252727e-01	8.391060288246284e-01 
37957	8.338285222807100e-01	1.038517286553289e-01	5.246927405356861e-02	5.965634722246619e-01	4.975067141919894e-01	6.149030619370299e-01 
37958	6.566067457462692e-01	9.900549822440627e-01	6.205983216038897e-01	8.128240880616121e-01	4.357564437369613e-01	4.257213056207268e-01 
37959	9.853897453217719e-01	6.741201554770210e-01	1.560972580481773e-01	4.859518718374669e-01	1.720389300827118e-01	9.053938071734243e-01 
37960	8.640235787555686e-01	7.744645321622792e-01	6.843875719627308e-01	2.237578952795630e-01	6.848531131096431e-01	4.542290966279009e-01 
37961	4.032098555021034e-01	2.105537020650477e-01	6.679477033521737e-02	4.915867068299962e-01	4.789049520524707e-01	9.239984652604900e-01 
37962	3.306927351889632e-01	3.127334738675195e-01	2.785019391581891e-02	3.831620092425319e-01	9.092969460921814e-01	5.253569081078083e-01 
37963	9.980650716452231e-01	5.659036913727893e-01	5.154118898862097e-01	6.186633927834515e-01	3.787277789687402e-01	9.511683336231710e-01 
37964	4.438469793851706e-02	3.641175242905121e-01	6.252884886345307e-01	2.004819564523557e-01	8.500693961279789e-01	7.973274191829038e-01 
37965	1.058757631601187e-01	7.140929744178862e-01	5.717919508795216e-01	7.902633351228495e-01	9.378508696974492e-01	2.566450635235035e-01 
37966	2.444924317507504e-01	3.410607247338913e-01	4.671987655885512e-01	3.112872020859677e-01	8.326474315638874e-01	9.461037176410220e-01 
37967	2.352856673464578e-01	1.633401667528507e-01	2.588371910428802e-01	2.631358612622767e-01	5.465021759953825e-01	1.681341366694002e-01 
37968	7.884927693700849e-01	5.445672471749444e-01	7.340378285078508e-01	3.039046587906334e-01	1.632306399583959e-01	1.127656070109297e-01 
37969	2.550729919481431e-01	2.076153378969130e-01	4.768831313014418e-01	8.803614805826738e-01	4.080972943492687e-01	3.269525269637595e-01 
37970	6.776888992999163e-01	5.139730579750487e-01	4.104550138164568e-02	2.494808497137767e-01	3.042363926322369e-01	9.788963710790949e-01 
37971	5.061259137029415e-01	5.487288243829873e-01	3.199570958129862e-01	9.733246792914927e-01	8.600160269346163e-01	1.526045269112124e-01 
37972	9.194283969325145e-01	9.530169381541279e-02	3.159446936640631e-01	1.782655875097334e-01	3.584375550776895e-01	8.624468701251069e-01 
37973	3.463997246447950e-01	1.469303239821132e-01	4.070141168343900e-01	8.043755268698444e-02	4.508349827727466e-01	5.702447567927860e-01 
37974	1.932031596979141e-01	7.059079747208897e-01	7.778600951553603e-01	6.700862914650172e-01	5.862694548379022e-01	1.859573890389676e-01 
37975	9.970388184287766e-01	2.639583541378185e-01	6.999304470140163e-01	3.808431934476100e-02	5.134392038515951e-01	4.166839646253194e-03 
37976	1.698069042385588e-02	1.956511708887532e-02	5.528956640292404e-01	3.369377862368421e-01	9.928897968460293e-01	4.129116904981954e-01 
37977	4.895423131480545e-01	9.123181933128826e-01	5.082133843136082e-01	8.054870072777788e-01	9.058378035695468e-02	8.666509393912978e-01 
37978	6.679338769372245e-01	4.369835050017496e-01	1.358126290774963e-02	7.494799330595321e-02	5.174210576887340e-01	4.644162456804962e-01 
37979	6.451927505644005e-01	7.106242178523094e-01	1.703242199357246e-01	4.230528452540994e-01	3.807105088516653e-01	7.565936752392881e-01 
37980	6.090102342930670e-01	3.777493268147806e-01	2.055202891144530e-02	3.089406813070833e-01	4.158336466252029e-01	5.339912327630405e-01 
37981	3.131075209533365e-01	4.328143370490588e-01	5.535563503175771e-01	8.660031849825770e-01	7.697521232859008e-01	5.464461466979450e-01 
37982	2.789148754807724e-01	2.592944359682940e-01	4.587643395451663e-01	7.871282597943806e-01	6.478144278041155e-02	5.493481199021210e-01 
37983	6.537791991856784e-01	7.327153197176360e-01	9.863316253695319e-01	6.673604620934280e-01	8.076633134892505e-01	5.037526825926046e-01 
37984	1.317767077739242e-01	4.528560635879897e-01	2.143768999792528e-01	3.021009277096488e-01	8.759089088420891e-01	5.950874088309180e-01 
37985	5.869460248327563e-02	4.849191426694948e-01	9.728367361113600e-01	7.924663139472093e-02	7.938598239765781e-01	3.886703822709016e-01 
37986	6.132378646234227e-01	1.069673444642533e-01	8.214847193199605e-01	1.667942144753385e-01	9.729705299124916e-01	5.912368421402000e-01 
37987	7.132403611732835e-01	2.518854049276027e-01	8.505312781084940e-01	1.720047002527885e-01	3.901366425632204e-02	9.153127213545669e-01 
37988	7.213528201549094e-01	6.927928634420004e-01	6.480280406065416e-01	7.076844450587800e-01	3.601533255354284e-01	4.556913536301308e-01 
37989	2.114371276513846e-01	4.919300333093526e-01	9.085474172181205e-01	4.258140276306374e-01	7.940309610190014e-01	7.844563255945483e-01 
37990	2.090143646155551e-02	8.527255639679383e-01	2.693754682640431e-01	9.937381725729155e-01	9.319721953626593e-01	6.323529177495990e-02 
37991	3.824085543781559e-01	5.452100595204207e-01	1.702026367048745e-01	2.038932732324550e-01	7.120042739957591e-01	1.431731661517048e-01 
37992	7.951301153726550e-01	4.252446347033813e-01	3.950585710793075e-01	6.456613930154878e-01	5.972493349561697e-01	4.340722353356296e-01 
37993	5.609741139043933e-01	3.186021551110792e-01	1.268650987776299e-01	2.090021545109349e-01	2.628659970419789e-02	4.870184243130584e-01 
37994	6.646935081410658e-01	2.377237273555825e-01	9.789484576224109e-01	5.732409253591862e-01	6.635377554518812e-01	7.729794181757511e-01 
37995	3.576972504880732e-01	6.844391919134367e-01	6.257049816780281e-01	6.270727187521163e-01	6.781773640206910e-01	5.576771770406874e-01 
37996	6.903080109927375e-01	6.058591793318555e-02	1.028872360954467e-01	8.605106476976120e-01	2.644791911656406e-01	8.148915105568671e-01 
37997	3.683813383655536e-03	5.960930607263432e-02	2.401361447945871e-01	3.987423844629631e-01	7.052706990881221e-01	8.373854802164181e-01 
37998	8.328146197985926e-01	2.662448129925154e-01	1.559876348618360e-01	9.596797185762225e-01	4.752469675034504e-01	1.822742345660339e-01 
37999	4.466981424236196e-01	1.399404751788548e-01	4.199979623872777e-01	4.256465995803692e-01	7.131814005380410e-01	8.353571737349766e-02 
38000	1.986260177561203e-01	7.087865102611419e-02	7.679749092869343e-01	8.243309994341484e-01	6.979513697782305e-01	4.461522728419641e-01 
