56601	3.431361030522436e-01	2.390434473003463e-01	7.988174729043699e-01	4.388955624023897e-01	3.665309573367848e-01	7.240524518881237e-01 
56602	2.851754693711062e-01	2.806461487340956e-01	2.268981618000651e-01	2.187736105261248e-01	3.270913508381189e-01	6.038648908044514e-01 
56603	7.807672418564405e-01	4.941708382657593e-01	6.639456267766402e-01	1.227303520416517e-01	7.169711057641409e-01	6.779923549285123e-01 
56604	8.288244110666330e-01	6.380483324816676e-02	3.467820139354011e-01	5.145137745488965e-01	3.247207912265885e-01	5.769190115746665e-01 
56605	9.988965592341947e-01	7.654853690254899e-01	5.421576078711812e-01	6.179251804100001e-01	6.336733338579877e-01	9.861730546626137e-01 
56606	5.827850622976130e-01	9.768094373758927e-01	2.252165019629600e-01	3.816025347363216e-01	4.157049993126211e-01	5.917474592997448e-01 
56607	1.056549861587840e-01	7.008804691493886e-01	8.723936080338404e-01	3.325531479588492e-01	9.196540796755134e-01	1.994849584062979e-01 
56608	9.364180392289618e-01	7.004213215319539e-01	6.936557971377185e-01	6.003636655399407e-01	8.231516735736055e-01	4.106269024361981e-01 
56609	2.783560200027917e-01	6.519760841745772e-01	4.744317356843649e-01	6.251380339381928e-01	1.664898587234737e-01	7.991525269109535e-01 
56610	2.020570455128593e-01	1.653864174920071e-01	5.646378954707821e-01	7.442146533840404e-01	7.833115983676685e-01	1.983112293287698e-01 
56611	7.303877075809928e-01	3.660966601996201e-01	1.751206662390012e-01	9.556042095439529e-01	7.476991949359417e-01	5.908256655516222e-01 
56612	5.473516683780363e-01	8.533541810947257e-01	2.917061342353495e-01	4.197452759462154e-01	1.859073290535748e-01	2.113602139108629e-01 
56613	6.192302348181746e-01	1.223253678168754e-01	9.117815354428168e-01	3.128860314902319e-01	7.226890333568161e-01	7.349332085507611e-01 
56614	7.235129339264300e-01	1.045052893946438e-03	3.869092922596770e-01	1.979446691451336e-01	6.261830872978005e-01	5.533991509831506e-01 
56615	9.970971960560872e-01	8.282401328106598e-01	7.187855689408190e-01	5.617350915268693e-01	5.724547857290389e-01	5.020971668428262e-01 
56616	7.600463208556391e-01	3.028424928443704e-01	8.681938270424464e-01	9.351669870946403e-01	2.584467023883232e-01	6.158930215127268e-01 
56617	5.259926521806012e-01	8.057983707663595e-01	4.692472021417912e-01	8.176987868816120e-01	2.255436467125749e-01	6.551545311953660e-01 
56618	2.905900032681366e-02	8.447738815307495e-01	7.774798990122415e-01	9.408405357696304e-01	1.576599125553201e-01	5.001689319033963e-01 
56619	6.757737438547303e-01	8.811728464817502e-01	5.012139852630040e-01	6.268303564874597e-02	7.911751516122255e-02	1.273970720951432e-01 
56620	6.160821870975579e-01	7.621471075164839e-02	9.556372049058030e-01	3.348677555727156e-01	6.379498022785176e-01	5.280919901691805e-01 
56621	8.369649224155419e-01	3.979961226684954e-01	8.309344830135510e-01	7.051587489923270e-01	3.331631092974744e-01	8.938118493621293e-02 
56622	3.210517700393925e-01	8.591557619437369e-01	8.951795561682337e-01	7.902989721811837e-01	6.768545483596877e-01	1.207232024151474e-01 
56623	4.454535033765498e-01	7.059135486865014e-01	9.654970839458970e-01	2.229334019231300e-01	6.467540839904705e-01	1.231569960355558e-01 
56624	7.231023342921875e-01	3.225278273795396e-01	4.329842051644736e-03	2.243163190895302e-01	3.852108630282855e-01	8.344735721286729e-02 
56625	3.517133911846734e-01	1.293049660182115e-03	1.596620679645157e-01	3.073505956248150e-01	3.361608052328978e-01	7.976118707086947e-01 
56626	8.354425857939956e-01	1.731257271827784e-01	1.956079929115288e-01	6.663770683418853e-01	8.782844761751054e-01	5.287711026746645e-01 
56627	7.557582537437595e-01	1.993362457488367e-01	3.879268641527401e-01	6.509378094463319e-01	9.896352183956817e-01	6.478141204676656e-02 
56628	7.716610118614794e-01	4.350887213065702e-01	7.706949607332679e-01	7.371580953417151e-01	6.580221232297002e-01	4.174490442580772e-01 
56629	8.603150913772709e-01	3.811244570562264e-01	7.399768716376167e-01	8.646449334289157e-01	6.054407761457566e-01	1.251877342002409e-01 
56630	9.480922906417829e-01	9.571541673304300e-01	1.264807843260843e-01	1.077543581406373e-01	2.645047624895837e-01	4.626415895589821e-01 
56631	9.053662288493319e-01	9.994734781791798e-02	6.357673172074217e-01	1.009742217608608e-01	7.663244166254646e-01	5.140517929168659e-01 
56632	6.297453244355252e-01	5.220826699035627e-01	7.133880391313638e-01	1.767218812260413e-02	1.730204788842334e-01	7.030232570613842e-01 
56633	8.245360016937070e-02	9.446814907457127e-01	1.381119779022932e-01	8.531485609026386e-01	6.818395856217666e-01	7.961341011319933e-01 
56634	2.705976046950545e-01	5.421546765333762e-01	1.772585581882198e-01	1.057447586700994e-02	4.067996094966305e-01	7.826993343339764e-01 
56635	1.357622100672509e-01	3.548918996727522e-01	7.398535016644064e-01	2.622429943933352e-01	4.626462578133895e-01	4.358263688328799e-03 
56636	7.248845844179785e-01	3.680124866627215e-01	1.043056119719081e-01	3.606519011597391e-01	4.689867084235823e-01	8.706300285973726e-01 
56637	8.747036940766050e-01	9.873203239344620e-02	3.927126980352740e-01	5.880917327423076e-01	1.164042205160503e-01	5.657331769195074e-01 
56638	2.911149893380306e-01	1.988578206854210e-01	5.104146671995589e-01	4.292269672403238e-01	5.200638112239837e-02	1.922542523556642e-01 
56639	2.253610683723171e-01	3.226039858174529e-01	7.344089288890403e-01	4.026196265605370e-01	3.331784616844629e-01	1.412085379200096e-01 
56640	1.853189604288521e-01	4.689406717517137e-01	4.961004375927618e-01	9.251724620932585e-01	7.311836666107102e-01	9.587466954061513e-01 
56641	9.295307262472485e-01	4.560682505630275e-01	3.267591816032115e-01	3.383633775349536e-02	8.167201517227666e-01	7.957458900267937e-01 
56642	9.044663663508680e-01	6.914238453337103e-01	8.944779224202399e-01	2.971790639204807e-01	2.795155780760178e-01	1.088214247062902e-02 
56643	8.629122408399881e-01	5.706305674140484e-01	2.097399631560501e-01	3.733269075738857e-01	9.998575351200334e-01	2.617463442784484e-01 
56644	5.655811599295498e-01	2.252186030266893e-01	5.843503300959013e-01	2.999900883529289e-01	6.278382295872262e-01	9.175287917803642e-01 
56645	4.411986262729385e-01	8.131571900160783e-01	3.864694635320778e-01	9.372990638657003e-01	7.383296521093369e-01	1.176531296771267e-01 
56646	8.960457588061903e-01	6.678603778909241e-01	5.737213802401542e-01	2.228049404094019e-01	7.016967156444195e-01	3.904415314972594e-01 
56647	1.855082997053435e-02	6.061630815296262e-01	8.186537636530836e-02	9.130287528564356e-01	9.033421454501069e-01	3.613809544413262e-01 
56648	9.239108953270646e-01	7.662543858244337e-01	9.320115223210359e-01	1.336508584831147e-01	1.395812929326581e-01	9.318690569754080e-01 
56649	3.953972027615631e-01	7.051624528622080e-01	1.570876595364361e-01	9.797475333231257e-01	5.152540749475612e-03	7.849258891236623e-01 
56650	8.972763246378286e-01	4.463511670224141e-01	5.980830786740794e-01	2.837457877042451e-01	3.836502304224531e-01	3.364127303177550e-01 
56651	4.013989173813718e-01	2.796959887629822e-01	4.273107743017891e-03	9.751202976215260e-01	5.025009291723841e-01	7.059698233874374e-01 
56652	3.655618286531241e-01	5.210517596085796e-01	3.121329044514023e-01	4.474272054840937e-01	4.340805119993540e-01	2.154750494358479e-01 
56653	8.088081599254199e-01	3.579914068607574e-01	9.817294352602817e-01	7.408196817807945e-01	4.916422653438720e-01	1.213107277272785e-01 
56654	6.726887382905412e-01	8.870394685710964e-01	8.264731805894865e-01	8.297763978269772e-01	8.667870014285608e-01	8.316257213389621e-01 
56655	6.147022864849783e-01	7.640633256007281e-01	2.779768878957149e-01	2.127853651590577e-01	4.780911330497317e-02	6.616271183181680e-01 
56656	5.491980954768128e-01	4.492080306863450e-01	9.413231075468115e-01	5.534712036854919e-01	4.243283283078709e-01	4.438240362535343e-01 
56657	2.594410266072680e-01	7.898901569609950e-01	9.648757958621139e-01	5.715739315243317e-01	2.373173619794275e-01	3.989563073958067e-01 
56658	7.870489809601796e-01	4.612552190484736e-02	7.569477147222253e-01	7.687784162204612e-01	7.869452036856418e-01	2.485899796004361e-01 
56659	8.900891439477396e-01	4.596339419761831e-01	1.356294477058712e-01	7.165623245372261e-01	2.894103393374990e-01	2.416448668770701e-03 
56660	5.481880454105269e-01	9.041126262881386e-01	7.664797747351600e-01	8.261649337719031e-01	1.168979909815351e-01	8.142888880401332e-01 
56661	4.877920516244099e-01	6.660960864583477e-01	2.634969182608169e-01	4.291151587055601e-01	2.195672896781784e-01	6.878252465686878e-01 
56662	8.729391954247556e-01	4.790083167511077e-01	4.777154035296828e-01	8.378149908212084e-01	5.058224780977808e-02	7.150327655091103e-01 
56663	2.367712982170150e-01	8.376312287699577e-01	7.611582874139576e-01	9.937190129392404e-01	6.064096445247575e-01	5.481034910995995e-01 
56664	2.423089920740151e-01	4.964987884724973e-01	7.737432610121292e-03	3.779384402455475e-01	2.130611125440621e-01	2.971477719476203e-01 
56665	3.803548889143182e-01	7.612491579545890e-01	2.012603977700977e-01	1.468346631838170e-01	5.874140912608309e-01	3.181583887516327e-01 
56666	9.611235512239502e-01	7.520614288524079e-02	9.842544756756417e-01	2.246204694847672e-01	5.043213015908009e-01	2.038217648881589e-01 
56667	9.124457160534550e-01	3.772604965498952e-01	6.828300816392666e-01	3.901611191174766e-01	2.150754873711036e-01	7.334123294490447e-01 
56668	1.051938846265869e-01	4.518467855881186e-01	5.710435582190023e-01	8.663521720405445e-01	4.455657980616977e-01	1.774532022780987e-01 
56669	4.144556626744827e-01	6.878747901357127e-01	6.739519907505960e-01	4.221930952846040e-01	6.581322991559899e-02	8.870131032946581e-01 
56670	7.193408676978856e-01	4.461681192955785e-01	6.482622612492471e-01	9.206012654679834e-01	5.930027824793955e-01	2.356763520444168e-01 
56671	2.387596542196160e-01	5.541263337033457e-01	3.108824949296575e-01	2.230141294295965e-01	7.787468031881130e-01	8.152037969861198e-01 
56672	4.268358943177554e-01	6.911925187759067e-01	1.924642930703537e-01	1.096659759570220e-01	8.135363789338322e-02	4.075397804414573e-01 
56673	8.430783054060668e-01	1.865475225199701e-01	8.593865660295760e-01	4.141218631594078e-01	5.289969409485333e-02	3.049523636256123e-01 
56674	5.915750659031678e-01	4.673553572349974e-01	9.928271542269863e-01	2.655270561881024e-01	8.895484525196015e-01	5.864038367692399e-02 
56675	1.525401594827604e-01	6.088893197518258e-01	5.048085029725025e-01	8.008024207320076e-01	5.294905852198091e-01	9.781128545189802e-02 
56676	3.647877231076303e-02	7.682502394394252e-01	6.519376191552438e-01	3.473612677060819e-01	9.912643688690217e-01	4.306844218776955e-01 
56677	1.625650642265403e-01	4.181002627211158e-01	1.218769401879408e-01	3.550293572968940e-01	5.277662386781379e-01	2.032305780813240e-01 
56678	7.625691382040126e-01	3.708445440842046e-01	3.897781006012941e-01	6.219557037679272e-01	7.849664072436124e-01	4.426777951618087e-01 
56679	9.269080678592008e-01	3.765414726811189e-01	9.100331523968062e-01	9.197352216205258e-01	6.420685293348826e-01	7.995816044507462e-01 
56680	9.783756052974498e-01	7.946086888176429e-01	4.084709242025720e-01	4.831841082699523e-01	5.954111090839892e-01	9.379615094223812e-01 
56681	5.809953937218503e-01	6.318898813947522e-01	7.062117483961451e-01	2.329330124114328e-01	9.792511491008341e-01	6.974761167995055e-01 
56682	6.636174342891282e-01	1.418162128617131e-01	1.155763790549600e-01	7.854943744770690e-01	4.968455706242684e-01	6.433426181987593e-01 
56683	9.887249530240544e-01	2.594147083626197e-01	1.418716181730254e-02	3.785030531596872e-01	8.813704121305469e-01	7.991535690609149e-01 
56684	8.211808483214960e-01	8.082784795240865e-01	1.756950417420338e-01	7.312140002526408e-01	7.280137006789510e-01	8.177635710769163e-01 
56685	5.307956047033870e-01	7.063893059764007e-01	6.123722594288979e-01	9.392665289059591e-01	1.895734137806918e-01	2.077833680472259e-01 
56686	8.772280378626790e-01	7.705688075025421e-01	8.396732494419782e-01	5.834397857931628e-01	3.501819448313592e-03	8.189243985428123e-01 
56687	2.809159021270070e-01	6.671192537374419e-01	9.607406114045254e-01	3.964922811819670e-01	4.526136277488496e-01	4.575861815631325e-01 
56688	3.983489891506494e-02	4.413385803072427e-01	7.170008899257523e-01	5.402206073236748e-02	8.198416339325912e-01	5.983713020562992e-01 
56689	8.531756302589437e-01	6.410224817884259e-01	4.066497811147244e-01	2.887067153531624e-02	3.722364820410667e-01	1.346634817936753e-01 
56690	8.466342426122325e-01	9.030320867444538e-01	8.410527877700761e-01	4.590065015754693e-01	8.422986151847516e-01	3.062620108510656e-02 
56691	6.667898696226952e-01	7.195266525817694e-01	8.011950085876486e-01	5.064631185990121e-01	3.029664379092709e-01	8.046968280359622e-01 
56692	3.253875166761631e-01	5.838823400362778e-01	4.718160813077428e-01	2.861281280806885e-01	9.803746212182448e-01	9.244297090565924e-01 
56693	7.437143096438210e-01	2.020952013330977e-02	3.657682893638352e-01	4.607151995695732e-01	7.423158086567726e-02	1.856099228307651e-01 
56694	5.908650116021116e-02	9.274072111246210e-01	8.266324046191911e-01	4.657362822749355e-01	9.562778826599372e-01	1.988688861945965e-01 
56695	6.003997640686108e-01	8.029121248065085e-01	1.019009724733890e-01	4.414525513730256e-01	2.619186259163165e-01	9.441995876581406e-01 
56696	4.720787524581322e-01	9.287084955390117e-01	6.637262397742487e-01	2.732737605801195e-01	4.351716141380237e-01	9.666926776835195e-01 
56697	7.797058815042050e-02	7.605591308141868e-01	5.505750172541360e-01	5.497866694581632e-01	4.668725842921401e-02	5.309496384723809e-01 
56698	4.742163785147557e-01	7.904015685386963e-01	5.511591586056906e-01	8.399846678785908e-01	2.511167676426083e-01	6.253907394713679e-01 
56699	2.559459024369465e-02	3.102032688028195e-01	5.527979505959889e-01	8.522269948628857e-01	7.759395510777549e-01	5.090758327902648e-01 
56700	5.109588105748216e-02	3.763393151463658e-01	3.119879575967733e-01	1.529968535308711e-01	8.177918665193915e-01	5.739065835130898e-01 
56701	9.719644118901176e-02	2.898706189775237e-01	5.026150790521013e-01	7.609226809632604e-01	5.631443795576433e-01	9.377866931901251e-01 
56702	7.276153586467800e-01	6.411149681737250e-01	6.983458235386507e-01	2.781903754352547e-01	1.909016371662270e-01	7.450330824335260e-01 
56703	8.091400139076356e-01	6.651180156809827e-01	5.354346505065610e-01	3.602991720476650e-01	5.051026830939123e-01	7.865514181491693e-01 
56704	9.856899119846941e-01	5.306972733376070e-01	9.675468648632742e-02	5.384878621150218e-01	3.829242682004926e-01	8.726942375640824e-01 
56705	4.756369443962523e-02	4.340201492579748e-01	2.490335522447869e-01	3.595516520363985e-01	5.870170027888459e-01	6.682541876417837e-02 
56706	9.334582360151495e-01	6.842134439778577e-01	3.566960377417021e-01	4.360733146015896e-01	4.451361249411181e-01	9.198404172993453e-01 
56707	3.738600073260535e-01	1.727514831222368e-01	5.609553850074090e-01	7.220583039904285e-02	4.509418585574915e-01	7.518570226392974e-01 
56708	8.172389128325688e-01	2.600818724651271e-01	4.169750378546189e-01	3.526735628734685e-01	6.203810445127921e-01	9.220777214141924e-01 
56709	1.392249805569765e-01	6.060709560318249e-01	4.527749942861381e-01	2.359796670433039e-01	1.445588176811854e-01	8.356992624866307e-01 
56710	1.086739046073863e-01	1.921225125864719e-01	2.697194112789442e-01	3.577074568521732e-01	5.516741646228703e-01	8.567364145334514e-01 
56711	4.245328756163516e-01	4.851324001723586e-01	5.409498580456478e-01	7.812289133580537e-01	9.212057147739482e-01	9.860859829867659e-01 
56712	7.010693306573990e-01	2.950657216343404e-01	1.588374656433414e-01	2.620247151991468e-01	3.672715524990445e-01	6.097793246664942e-01 
56713	1.388173737278289e-02	1.845104648659520e-01	8.698611971316212e-01	4.308567756930631e-01	5.371840282050818e-01	4.902422411787520e-01 
56714	3.529344966415942e-01	6.764090087620583e-01	9.631319721057695e-02	8.057094909277324e-01	9.123886762710235e-01	2.408720148917623e-01 
56715	6.414087534143630e-01	2.106258041274854e-02	4.329945274782341e-01	9.111281646933073e-01	3.787700372649217e-01	9.846686925667658e-01 
56716	7.678645787610973e-01	8.033029133469346e-01	4.698010922734631e-01	3.088144368067451e-01	5.845318262393269e-01	3.910068070474113e-01 
56717	2.949004193278497e-01	2.856011564310645e-01	6.860725286817516e-01	4.537378854368524e-01	5.476258720958725e-01	5.334408071513478e-02 
56718	6.351720963768531e-02	5.615076094686555e-01	2.378545460467481e-01	9.333784067693066e-01	9.923643851617185e-01	7.750385742518299e-01 
56719	4.236206474823974e-01	3.452988813376515e-01	4.514475825482270e-01	5.199338446929743e-01	1.510083722653838e-01	3.638362583535892e-01 
56720	7.608058600503979e-01	7.924171256797468e-01	3.848988387663377e-01	1.938003870629707e-01	7.035452899073927e-01	7.636688764969207e-01 
56721	1.784690791640752e-01	4.714098686684901e-01	5.669717893781940e-01	6.482701719031996e-01	7.802243054752351e-01	1.515036151518596e-01 
56722	3.927697848494955e-02	7.512472433742355e-02	4.371047720485855e-01	7.253495071667011e-01	5.288626097742760e-01	9.847306441444581e-01 
56723	7.786935883474972e-01	5.923798194119613e-01	5.462382531474522e-01	1.654813392858400e-02	5.257582257156066e-01	5.386026383091708e-01 
56724	7.915867081804139e-01	9.493788736636652e-01	8.839015196468223e-01	2.430342902629796e-01	4.693127178909782e-01	3.490989144654474e-02 
56725	6.068705490822301e-01	2.301185774757148e-01	8.273270171262915e-01	9.917693878485678e-01	4.239189650043468e-01	5.308723070336843e-01 
56726	7.554382638798274e-01	6.023880441684221e-01	2.282175236512988e-03	3.224100527923601e-01	2.506582156059604e-01	7.825064807117481e-01 
56727	4.739136684098810e-01	2.899351940909099e-01	8.576312050491717e-01	9.110184404584665e-01	1.528470125761102e-02	3.864938148234476e-01 
56728	8.957490841372633e-01	7.939782896051082e-01	9.788736342354090e-01	4.419873368190543e-01	8.105264235336922e-01	5.046318599510154e-01 
56729	9.805899751282250e-01	6.021131312484449e-01	4.540107331490194e-01	8.644914947750473e-01	8.451474215114244e-01	9.233234510399976e-01 
56730	8.994013862215920e-01	4.520179701279933e-01	1.534420285157124e-01	7.267284033478836e-01	4.437873579765611e-01	5.773609935200592e-01 
56731	2.576007099159065e-01	1.992256213907272e-01	1.797490372228199e-01	2.598828851524195e-01	5.216356746487486e-01	4.304072532944415e-01 
56732	4.238936539850634e-02	9.955493430586296e-01	7.203424473853514e-01	9.000205704476780e-01	9.065677830514348e-01	7.356271486429624e-01 
56733	2.865143848054644e-01	8.023168667230368e-01	5.296054377824093e-01	2.653880190408733e-01	2.443042030764297e-01	3.401318608504403e-01 
56734	7.700198789918887e-01	2.248941782046548e-01	9.422449920988851e-01	2.240306116752469e-01	8.938567251404080e-02	7.873924136103095e-01 
56735	1.473540622495832e-01	9.887870587356329e-01	2.394103832726415e-01	3.007960907652956e-01	7.155154616178551e-01	6.831977412492026e-01 
56736	8.781570842853548e-01	9.731161715337616e-01	8.824233631055911e-01	5.790612150817463e-02	2.329990562205198e-01	4.040590372886784e-01 
56737	4.883133748026161e-01	2.753884216190262e-01	3.996083798816467e-01	2.086558217223062e-01	1.754089920667042e-01	3.061761624674202e-01 
56738	9.442829708309299e-01	4.619233768721686e-01	1.084930287247957e-01	4.738884081476780e-01	7.273113959130418e-01	3.527972318012255e-01 
56739	8.140202694637795e-01	4.973312744392693e-01	5.776914100058802e-01	7.562652610970033e-01	7.213618861145162e-01	6.670770825199210e-01 
56740	5.436576742416517e-01	8.687159488297608e-01	6.558641412555539e-01	7.830680579799544e-01	1.695120391293951e-01	3.713796024077477e-01 
56741	4.662657987634958e-01	4.766912341474980e-02	3.444957739415093e-01	3.486891614034256e-01	1.055752449229244e-01	5.774948301620292e-01 
56742	7.527481986921040e-01	5.938886197255405e-01	8.528832522467167e-01	1.523565781080893e-01	8.025444414478468e-01	2.829224384775956e-02 
56743	4.585327405755095e-01	7.468274118131154e-01	4.902156207199281e-01	5.670257693003051e-01	2.207158199607934e-01	2.175270166329700e-01 
56744	9.198230015671919e-01	3.473608895891164e-02	7.148582910722393e-01	4.975144111074108e-01	7.910013500559150e-01	4.362201771867555e-01 
56745	1.645914936273319e-01	3.346590242975666e-01	3.049361255508550e-01	8.204556348828858e-01	1.177270818118598e-01	4.744481646802501e-01 
56746	1.918352368249722e-01	5.839928805753556e-01	5.221172880949999e-01	5.363310107664815e-01	9.326820424444424e-01	6.276925330179243e-01 
56747	1.138258409285107e-01	6.854302406708851e-01	2.215811522778036e-01	9.667090931752274e-01	8.377868192446357e-01	2.412559372565038e-02 
56748	9.950013370229869e-01	2.963195593544839e-01	7.709530055387658e-01	4.852169572772537e-01	8.633453291204504e-01	9.916688254995593e-01 
56749	7.027439739102237e-01	7.831683302219810e-01	2.640491399280956e-02	4.176022649824630e-01	2.806827408637305e-01	8.174062645143858e-01 
56750	8.538224421692185e-01	4.452742344910625e-01	1.520652883462912e-01	1.587585672544123e-01	2.657298689082870e-01	2.697923701581509e-01 
56751	6.332067319346624e-01	4.575651061989204e-01	8.537852507335065e-01	1.553240200296622e-01	9.938961169654019e-01	7.864672927122877e-01 
56752	7.830165530475864e-01	1.077219574282514e-01	4.718975333831727e-01	4.597705325390075e-03	7.443105013781742e-02	3.096843521621471e-01 
56753	2.872329905104046e-02	6.943238669514301e-02	6.060039115166310e-01	7.996763045898063e-01	5.546493444380580e-01	4.693492401714200e-01 
56754	7.913451300893655e-01	2.573933178826204e-01	2.525175699277397e-01	8.177500440821750e-01	6.749955828650834e-01	5.332003112571315e-01 
56755	6.351563081308996e-01	5.288180245686407e-01	9.784745457481940e-01	7.872215964771908e-01	6.875765918230529e-01	2.442044146564810e-01 
56756	5.701396616968046e-02	3.207833237577152e-01	7.017695208554015e-01	9.107992173688483e-01	4.761073437873774e-01	6.956656373551421e-01 
56757	6.972665096154747e-01	2.591238963693026e-01	8.033875952490548e-01	1.691640425329861e-01	2.637216016946927e-01	8.778186453868722e-01 
56758	4.788483946951331e-01	2.924449007457331e-01	9.472510325476765e-01	8.485230621176414e-02	9.212120533553940e-02	5.019003765200732e-01 
56759	5.542015463831842e-01	8.834663354249048e-01	7.592936944026937e-01	8.067191167765851e-01	7.012163790414186e-01	4.342892772677771e-01 
56760	3.399194275680554e-01	3.363726871723182e-01	9.631073018364177e-01	3.183939728505881e-01	1.235942831838477e-01	6.506838936594705e-01 
56761	5.625983875070691e-01	1.806082498191894e-01	9.714672174171858e-01	2.643679078968093e-01	9.140746672237640e-02	4.475745607389019e-01 
56762	9.600335457176127e-01	7.886739763378510e-01	7.066984571082044e-01	7.634211405010061e-01	9.578380193364984e-01	9.704200592685585e-01 
56763	6.412397854222170e-01	4.366864135659702e-01	2.628649595486303e-01	5.884908175042322e-01	5.215387197777344e-01	3.549861648841697e-01 
56764	9.039119355864413e-02	7.574026616091853e-02	2.384524998434132e-01	8.496848884269991e-01	8.824593829375037e-01	9.396688793504931e-01 
56765	2.839741652291148e-01	2.223788100398978e-01	2.760415660571500e-01	2.470814665998712e-01	5.407727828904859e-01	3.996358492409977e-01 
56766	8.977653602593417e-01	1.033711703975551e-01	5.802440990601871e-01	8.692325772108662e-01	3.677390782943643e-01	6.716515657825636e-01 
56767	3.168071374841068e-01	3.277726235463156e-01	4.603255421204146e-01	2.350559459231123e-02	9.119376358166047e-02	4.181635609912516e-01 
56768	9.939256538608696e-01	7.324335494695388e-01	8.548499745572219e-01	2.567906129438386e-01	3.209243665081097e-01	3.763886943349562e-01 
56769	6.117767782936696e-01	4.113155605324151e-01	4.521289604958748e-01	8.502292781370828e-01	2.610004484937528e-01	3.345883429677171e-01 
56770	7.898981570219147e-01	5.449746137228676e-01	5.569671530076150e-01	6.593972261340345e-02	7.920560803227388e-01	9.773993543243964e-02 
56771	4.655755723200625e-01	6.898214405820805e-01	2.011111058299947e-01	4.581967091458834e-02	5.590540173272854e-01	5.688501845900203e-01 
56772	7.174712371628131e-01	8.758611552770534e-01	8.966228081363360e-01	1.777967788175665e-01	8.993667498693647e-01	9.878165721836577e-01 
56773	5.959603398088181e-01	8.932924032645730e-01	7.202501211875352e-01	4.508103139003787e-01	1.500830157427504e-01	4.117448722998355e-02 
56774	8.271990082353349e-01	7.618597940364200e-01	4.524900477623987e-01	2.793279682655483e-01	6.120890721735028e-01	7.134904962561515e-01 
56775	6.139163112332655e-01	4.019872287297562e-01	2.584651095133578e-01	1.708834637752192e-01	4.679269518088209e-01	5.052118983609657e-02 
56776	2.686233996733201e-01	9.335025241288833e-01	7.403426304181771e-01	4.697345055033148e-01	9.793221950434717e-01	2.993966472798011e-01 
56777	3.858468962767380e-02	6.967934317406236e-01	1.752578020911933e-01	9.352074982296711e-01	8.745902105581901e-01	7.462455149489666e-02 
56778	9.230240699476675e-01	4.705505499013469e-01	9.679169547594697e-01	6.432741906695414e-01	9.213608642673869e-01	1.179999705022201e-01 
56779	6.844486778995249e-01	7.485598720370605e-01	8.798597645386400e-01	1.369387256619235e-01	2.788784030260883e-02	4.919488362464816e-01 
56780	8.504292219180750e-01	6.418041515358743e-01	8.939360654418991e-01	1.088943314314328e-01	8.126876157767547e-01	3.618630167850587e-01 
56781	1.594155212675294e-01	8.131101498441352e-02	2.953655404482808e-01	8.997581516857064e-01	5.510455204877283e-01	2.746877350260912e-01 
56782	1.991547984998463e-01	5.896302105810634e-01	9.714811672323761e-01	3.744126010567009e-01	5.248377083450732e-01	8.460713773249050e-01 
56783	4.490371525515975e-01	4.478617778270793e-01	3.166219272262519e-01	4.169541073110672e-01	9.113596803095936e-02	2.379827910279775e-01 
56784	5.349540778132873e-01	7.755846459304843e-01	9.865426630650380e-01	4.148138418862661e-01	9.125233715924077e-01	1.443050290198554e-02 
56785	9.067626785984089e-01	7.629525935104827e-01	6.562346549035212e-01	8.006987435746467e-01	8.718469249419155e-01	4.689222702146146e-01 
56786	1.625617598940440e-01	3.126244574378358e-02	5.502332851990281e-01	4.579273003423248e-01	9.310205974294899e-01	1.012788052210951e-01 
56787	7.326150353684160e-01	1.301753954636750e-01	6.909090158021585e-01	7.040962021351309e-01	5.045879965203758e-01	2.157467236815704e-01 
56788	5.501675794600358e-01	9.536251495376347e-01	6.636085015086497e-01	8.667895066862877e-01	3.705792563830406e-01	7.547444695396091e-01 
56789	1.047722972486039e-01	9.055333341963279e-01	5.303291154700933e-01	9.131495984798063e-02	3.203471756169327e-01	4.428524865968397e-01 
56790	1.057454632156275e-01	2.271098537496803e-01	2.058050796416612e-01	7.619801181191486e-01	2.780859685866563e-02	7.765200411791541e-02 
56791	2.309023878681019e-01	1.903703567527097e-01	1.089144498616990e-01	7.811356730671299e-01	6.482976570950344e-01	3.993504682552770e-02 
56792	8.824144782882252e-01	3.809126924634504e-01	1.701104427548640e-01	5.733234940903836e-01	8.500889413292002e-02	6.746984392752398e-01 
56793	7.890702177719540e-01	6.351764735929558e-01	6.283235883472131e-01	4.526787192806037e-01	5.019659798135823e-01	9.989028447302537e-01 
56794	2.074231883545514e-01	6.067382770621862e-01	9.044361784609203e-01	7.377523038246446e-01	6.980532373758280e-01	2.247833540778530e-01 
56795	1.806047904214844e-01	8.037987005914555e-01	4.518932078275332e-01	3.864098700631456e-01	5.657788182449428e-01	4.797018051518601e-01 
56796	4.640618746467223e-01	7.966812061130447e-01	6.700721619045698e-01	5.729763245084213e-01	5.778168787145135e-01	3.183698189996043e-01 
56797	6.129113717996103e-01	4.602313565370773e-01	6.992825114630546e-01	7.830218145544743e-01	3.355485016179963e-02	7.842914055959748e-01 
56798	4.577202533640528e-01	8.226250683994150e-01	4.194678791889306e-01	8.604384171126589e-02	2.753037872143573e-01	9.214338590025128e-01 
56799	8.494668597585833e-02	4.827269755689087e-01	5.281721360646990e-01	9.893828649024400e-01	2.204792793935534e-01	2.262253729748658e-01 
56800	2.141662185146316e-01	4.010840698150378e-01	3.002407310066003e-02	6.660594263421649e-01	7.874939398781834e-01	5.958028913456028e-01 
