11601	8.084775036240357e-01	4.134125795277825e-01	6.966317587982079e-02	3.533493626645530e-01	8.517208047452015e-03	2.830278995833490e-01 
11602	6.368011616341775e-01	5.604273879716301e-01	7.818881318820120e-01	8.304070918031070e-02	8.580262897806364e-01	9.699586424836696e-01 
11603	9.691043589120285e-01	3.255405865262917e-01	7.752248974401620e-01	6.037615694123142e-01	8.579911416666541e-01	3.047954832691678e-01 
11604	5.986048423678637e-02	3.561674865689908e-01	8.200791295711320e-02	3.479939146656515e-01	4.522280182932634e-01	9.810286899940245e-01 
11605	7.831190180886159e-01	8.512291274272041e-01	2.920377800669697e-01	6.593554372244307e-01	8.251099557732744e-01	4.953461142700846e-01 
11606	5.101814738056536e-01	6.335874589316488e-01	9.087586937978671e-01	5.798446501511357e-01	9.869368220618632e-01	9.172759018453192e-01 
11607	8.628725497344847e-01	6.237379832303794e-01	4.777032893512879e-01	6.447606816164966e-01	7.067786924106901e-01	3.357295791319244e-01 
11608	6.147193236345050e-01	6.758830508570574e-01	6.612701656582161e-01	3.899442206090056e-01	2.796446202693715e-01	5.192613068592089e-01 
11609	6.947397038781735e-01	3.395051045061578e-01	8.754287934281997e-01	7.767476168352867e-01	6.874990191718093e-01	3.276568112558019e-01 
11610	7.577763063636498e-01	4.706180372604253e-01	1.788859386830060e-01	4.981408596495823e-02	1.299734740191947e-01	3.995893990619058e-03 
11611	5.451602007007041e-01	6.401549482905096e-01	6.375833533879292e-01	4.539188940329100e-01	2.199995979759840e-01	6.245201749841310e-01 
11612	3.711947958782291e-01	8.287214724480740e-02	2.482581577488492e-01	8.488980852295170e-01	7.276328288613040e-01	9.550368501595393e-01 
11613	1.846276638957801e-01	3.423521520301477e-01	6.309199010165967e-01	8.458978295539962e-01	7.322963726391534e-01	9.105645212859681e-01 
11614	3.651591359475437e-01	4.270360760516655e-01	2.500696253264647e-01	2.405879289100822e-01	2.037836924212909e-01	9.375686449639353e-01 
11615	5.682447406315453e-01	9.615599992506020e-01	4.081866817586993e-01	7.471306793145512e-01	1.137408474989891e-02	5.381601557778940e-01 
11616	7.511265733051703e-01	5.565342854506030e-01	1.783151036027424e-01	3.887099262274382e-01	1.045317948351297e-02	3.983147015787264e-01 
11617	1.323010074590803e-02	3.816479753617421e-01	4.811868492891951e-01	2.614882584947572e-01	2.305460601255978e-01	2.088196776848378e-01 
11618	2.165251086542966e-01	4.151737244870392e-01	5.511718301806467e-01	8.474450096708932e-01	2.610715535753740e-01	2.834682023541388e-01 
11619	7.580095304912000e-01	6.262306899885790e-01	7.105042788714656e-01	8.079155352003480e-03	8.668186188986612e-01	9.142879712927565e-01 
11620	9.456478003159388e-01	4.350633590645452e-01	8.758479700776972e-01	3.538344816089768e-01	1.821940379134352e-01	8.872220552932574e-01 
11621	8.919946378525322e-01	9.333206116842667e-01	4.437563402781991e-01	7.030974098961322e-02	3.220305374460437e-01	4.542095197617121e-01 
11622	4.686244430340009e-01	3.352606386576130e-01	8.358574951234541e-01	9.498112923231959e-01	5.967488971523702e-01	6.640355524905192e-02 
11623	1.586309695423725e-01	8.132740058066668e-01	4.815772797360910e-01	7.098027997230193e-01	6.607190150118987e-01	7.426488333114650e-01 
11624	9.932710025428194e-01	4.187285450374375e-01	3.688795228343827e-01	7.037752809486236e-01	4.268077008551022e-01	2.356981417330439e-01 
11625	6.180632517757189e-01	3.724555007053797e-01	6.707615007975891e-01	4.939112218534161e-01	7.262899827800179e-01	8.529555391766855e-01 
11626	3.811332766810122e-01	6.182846201668888e-01	7.862761503952910e-01	8.248896169592113e-01	6.885943611565020e-01	1.083066873756734e-01 
11627	2.790991367209233e-01	1.572188037248416e-01	4.435673260332864e-01	1.149566313787161e-01	1.070300955823763e-01	4.031622318565670e-02 
11628	1.813601866277681e-01	2.656610655904101e-01	8.535902289923235e-01	6.629374663638591e-01	9.754638653134293e-01	5.143092440042222e-01 
11629	4.055862996753241e-01	9.687348673905875e-01	9.330377890416597e-01	7.744658225097069e-01	6.725101478735498e-01	3.598454894311007e-01 
11630	1.016396377708947e-02	2.905733996492686e-01	7.323009906021417e-01	6.809254650403398e-01	7.844846215026847e-01	4.585909729164983e-01 
11631	5.338810037513640e-01	1.656178977180356e-01	7.687559261772577e-02	3.201571536809938e-01	9.905075146772468e-01	7.654699537742278e-01 
11632	4.284638410566672e-01	2.696066509325089e-01	9.226887579647306e-01	8.720311675556149e-01	3.845632827768863e-01	2.971885308144561e-02 
11633	9.123473907412716e-01	5.659234694046543e-01	2.953799186718556e-01	7.659376192679338e-01	2.288609357685134e-01	2.708437839852850e-01 
11634	2.802468628064947e-01	6.344472354438376e-01	2.395786509102111e-01	2.132846518481545e-01	4.089130574878831e-01	9.120887992494222e-01 
11635	5.731301412792551e-01	4.190770217306339e-01	2.026621984330295e-01	3.054311314157355e-01	1.000024863053125e-01	9.871468199357143e-01 
11636	7.640221043322338e-01	6.338834900566765e-01	1.527647171880886e-01	8.408976969499596e-01	9.540406437376703e-01	1.432722313996741e-01 
11637	6.063676507241873e-01	3.825044843286762e-01	4.128788827978442e-01	5.290564082232566e-01	2.545356514186299e-01	7.974421655747305e-01 
11638	5.587752613047022e-01	1.668830416942402e-01	3.633656345137235e-01	8.541551804422192e-01	9.328206614278353e-01	5.922265702822369e-01 
11639	1.249989639618429e-01	2.130675237686688e-01	2.266738052604132e-01	3.645776148720540e-01	4.263521756168232e-01	6.355868632139577e-01 
11640	2.766664136558149e-01	9.994823173617396e-01	5.466388447893033e-02	4.793286120888445e-01	3.049134483118138e-01	1.546663707842428e-01 
11641	4.664754315588975e-01	6.893555264404767e-02	7.885498608409194e-01	6.192401487469860e-01	9.098332495940072e-01	7.425905041129284e-01 
11642	7.625123806123214e-01	5.162008998525333e-01	1.250949879759434e-01	1.753912629445043e-01	4.525730761012869e-02	3.796306398602345e-01 
11643	9.728334285192347e-01	6.040325693804922e-01	5.465136815544748e-01	3.361990625672969e-01	4.581877493570501e-01	4.793343425166487e-01 
11644	9.284256333151951e-01	5.831867133188930e-01	6.924018667509788e-01	1.550994381099471e-01	9.477643281909471e-01	1.187540419021407e-01 
11645	7.906863013239048e-01	2.244307418467620e-01	1.182363587982191e-01	8.453501858028352e-01	7.037593539356065e-01	4.231498075756942e-01 
11646	1.655612141664891e-05	1.702347854945039e-01	4.920853602197419e-01	7.885664169623360e-01	7.894749342414900e-01	4.019186093480879e-01 
11647	5.311569206096032e-01	5.519873143881501e-01	9.181195096662824e-01	6.562519090512078e-01	7.273785773326543e-01	9.633768172764111e-01 
11648	3.588254844578102e-02	7.002120053862277e-01	5.674093861912420e-01	5.823962300002558e-01	3.641106795352467e-02	2.559713508263097e-02 
11649	6.173057251690448e-02	9.648367012687198e-01	6.087838484015241e-01	7.541324392678833e-01	1.199361389130057e-01	5.565481765924711e-01 
11650	8.728864811700240e-01	9.106224407025717e-01	7.809789184392332e-01	9.911228404339043e-01	7.559726260397456e-01	4.847382719091783e-01 
11651	4.142726475439373e-01	7.559891826268235e-01	6.549730574036823e-01	9.063580077636791e-01	5.445555991234983e-01	4.444479916451722e-01 
11652	3.082766166461057e-01	7.571251973310138e-02	9.964353060333223e-01	2.263961258467269e-01	7.319644287843091e-01	7.238138833659765e-01 
11653	1.897729431231380e-01	7.678469772300902e-01	4.240258882865430e-01	7.571823293143801e-01	3.502432067646846e-01	4.604369562400677e-01 
11654	7.827794648626724e-01	4.119737792815891e-01	4.252736570431263e-01	3.915633127985351e-01	1.661062180838111e-01	5.452097964217932e-01 
11655	9.481114893910063e-01	3.899269925383511e-02	4.558322366587036e-01	7.290904073645782e-01	3.011553922207818e-02	2.118048622327879e-01 
11656	2.138286792737565e-01	4.443881867660154e-01	9.677940448596114e-01	8.688017366774389e-01	3.507461940640333e-01	5.123496439831097e-01 
11657	3.132497278569498e-01	6.590228107101390e-01	5.880621637162110e-01	3.096850338902720e-01	8.854189370225272e-01	3.200265920348589e-01 
11658	3.349891679058732e-02	7.519187968000392e-02	8.787356879928782e-02	4.575248050771303e-01	8.323742089943840e-01	4.381167755639724e-01 
11659	9.179617617828594e-01	6.151536733913952e-01	8.500905553112228e-01	3.432354183603243e-01	6.716986189930228e-03	1.619677292937263e-02 
11660	8.884452147821175e-01	9.548284755809365e-01	5.518947218320774e-02	3.442774509751599e-01	6.839188829455147e-01	8.530501140528592e-02 
11661	5.560823136736091e-01	8.977475622192712e-01	5.296931981713013e-01	5.238763580675593e-01	7.665492984310488e-01	8.804393922353346e-01 
11662	3.622600158500765e-02	7.979902628799855e-02	5.394622029454736e-01	6.242881653012187e-01	3.894840601782706e-01	4.248811395023396e-01 
11663	9.443147573360776e-01	4.229829769688579e-01	5.000730191823435e-01	3.218832566970416e-02	8.805077820459882e-01	3.324472277110662e-01 
11664	4.703051016993379e-01	7.984695433631863e-01	9.476009015681226e-01	3.203956565448994e-01	1.417049617235106e-01	9.543178877580528e-01 
11665	3.365924294742720e-01	3.015017603996684e-02	9.091463628733281e-01	3.917819021231411e-01	3.744276274807880e-01	5.930652453531815e-01 
11666	4.770869135284270e-01	9.305099411543971e-01	4.908128071067914e-01	6.780111699728347e-03	4.543862987562950e-01	2.573621055378402e-01 
11667	8.872195039350630e-01	4.906123008069639e-01	3.371611318258388e-01	4.266817064148755e-01	1.149004656425214e-01	7.266451920041094e-01 
11668	8.515628459172150e-01	5.921522297859901e-02	1.496281685073060e-01	3.516358646338972e-01	9.140354864830316e-02	3.013595008763296e-02 
11669	6.840830928106247e-01	5.617086503476411e-01	8.286054939164805e-01	6.316839939130862e-01	8.821043068925405e-01	9.703104556399912e-01 
11670	5.860018812054777e-01	2.186967363668125e-01	4.606312142967392e-04	4.951482436131445e-01	6.104786384899535e-01	3.748882586950847e-01 
11671	8.821348896632600e-02	8.756555155271922e-02	3.053981993838205e-01	5.790262960731174e-01	9.434566325244757e-02	7.597844986057768e-01 
11672	8.363884016109576e-01	9.815651676531719e-01	2.503967989470795e-01	1.735495329711351e-01	4.082468736023860e-01	3.652972645896009e-01 
11673	9.001947249752444e-01	2.598097195196011e-01	4.245124875681999e-01	4.982289301688918e-02	6.114455841534984e-01	5.159160366821643e-01 
11674	7.995884357018343e-02	2.955286764984618e-01	7.762468656414406e-02	9.085643374866640e-01	9.272126704115480e-01	9.597289939223458e-01 
11675	8.788747926609939e-01	5.132145511513644e-01	1.784257298234970e-01	8.793354238752906e-01	8.362794764508864e-03	7.889043683134506e-01 
11676	2.542236825703754e-01	9.657628373083485e-02	8.764699198661697e-01	5.596218819541958e-01	6.756025798039523e-01	9.708155835842787e-01 
11677	3.194063800943114e-01	5.119909814149100e-01	9.523807507717892e-01	5.698031790413909e-01	6.855405143860450e-01	3.606276239085140e-01 
11678	9.351004440966530e-01	5.857352393612896e-01	6.204373434281151e-01	3.596129311991916e-01	6.355581323781787e-01	2.318829275816134e-01 
11679	8.755289678813559e-01	7.155169759483622e-01	5.274116040800753e-01	9.531536549111612e-01	6.240813129693649e-01	4.546242744916232e-01 
11680	9.128826483678457e-01	5.029561051646975e-01	9.678388256429875e-01	9.130837772568147e-02	3.822915290399881e-01	9.762016204074964e-01 
11681	8.802127460391320e-01	6.365152116103634e-01	7.277790367266997e-02	7.566826654396405e-01	1.961370930988980e-01	7.483804839422835e-01 
11682	7.274982485582578e-01	5.155434736588707e-01	2.603714648915322e-01	6.798789988643857e-01	8.534665223460022e-02	9.459119792775772e-01 
11683	4.050662277289974e-02	2.044709586559194e-02	5.316472181732055e-01	6.609439662010148e-01	3.800600275304448e-01	1.672053505513842e-01 
11684	8.928268937826281e-01	2.555889949461394e-01	8.827223264997464e-01	4.202384978627034e-01	2.087426493916394e-01	5.068036394691112e-01 
11685	8.748627723543265e-01	1.216252972938238e-01	9.759744168147325e-03	8.427015975316529e-01	2.129336750195053e-01	3.920512732081354e-01 
11686	8.189032179391492e-01	9.314642059297600e-02	2.856648435283754e-02	8.916811216118192e-01	8.498290864982778e-01	2.247035779173968e-01 
11687	6.400616050884415e-01	5.773273345908743e-01	7.402470515762675e-01	9.004330699799736e-01	2.572063334552601e-01	8.255937038108677e-01 
11688	8.463450492575508e-01	2.977129562281598e-01	8.460408001421209e-01	3.779922669650951e-01	9.586569224291747e-01	2.261008272069044e-01 
11689	5.451976175164793e-01	8.514838162118028e-01	4.816898221530438e-01	4.279199440162256e-01	2.717223136088449e-01	6.904324720103445e-01 
11690	9.347235834853368e-01	1.465850854975102e-01	8.120577693041683e-01	9.444833276534841e-01	9.892866830291630e-01	2.499144432367359e-02 
11691	3.365346008616195e-01	8.081899005026509e-01	1.181378649166496e-01	3.651010852144571e-01	6.998710221144702e-01	9.679669514149274e-01 
11692	5.898046631318539e-01	3.399326267372503e-01	5.452942860058017e-01	3.300517142424600e-01	2.403656967172239e-01	8.025006194610618e-01 
11693	1.556454180533278e-01	8.671074550911353e-02	1.002135752235603e-01	1.686217729787444e-03	4.647030124742086e-01	5.887049718707357e-02 
11694	2.277870449366919e-01	9.900629990687887e-03	9.103543133988764e-01	7.094768670897358e-01	4.378205740069135e-01	1.820766265420600e-01 
11695	3.999093386344190e-01	3.725441570265890e-01	3.286617120395702e-01	2.119671079385873e-01	3.170274842144118e-01	3.179483950687332e-01 
11696	2.369585522622608e-01	6.535620850760313e-01	1.261382951057229e-01	3.550964171789104e-01	1.866317029048836e-02	8.260093172201930e-01 
11697	3.230633685938378e-01	6.084678334223422e-01	1.659419439574433e-01	8.683576545996394e-01	9.385195481304636e-01	4.063076406746673e-01 
11698	6.708582735950399e-01	9.416496571813010e-02	4.930183861837808e-01	7.710718488186001e-01	9.585118344791754e-02	9.577213986579894e-01 
11699	8.299423460056737e-01	3.236382283846094e-01	9.676220286486773e-01	7.402966594045500e-01	3.311509500868390e-02	4.054426021899295e-01 
11700	9.223732859466101e-01	4.330244341087641e-01	7.779867592165185e-01	2.510349979861802e-01	6.449915420473514e-01	9.501424343093030e-02 
11701	5.689833930549134e-01	8.819500943096122e-01	7.485763285069617e-01	6.951216881606364e-01	2.370465110228614e-01	7.672394987974500e-01 
11702	5.211310053808293e-01	5.601098796166991e-01	3.757073322197922e-01	6.870729493382727e-01	4.284675337506773e-01	3.142268798845945e-01 
11703	9.338058954727864e-02	9.932580688005584e-02	4.083918456027246e-01	5.863989757310595e-01	8.703976556986559e-01	5.042430290506422e-01 
11704	5.441203739233875e-01	7.003400017043296e-01	8.278812574352516e-01	5.117424025720648e-01	4.406366606432184e-01	8.609963524439355e-01 
11705	9.171850047619944e-01	3.630099461241671e-01	2.940207860870384e-01	6.951717639785129e-01	6.140449441103474e-01	9.390123281343897e-01 
11706	7.901860074094431e-01	1.830283366995996e-01	8.209624219783407e-01	5.387623354507435e-01	8.781500253258971e-01	5.800893300120204e-02 
11707	3.060018342481934e-01	3.992810302410652e-01	6.181188126179011e-01	6.817091664679856e-01	8.635397911367658e-02	4.658634636857843e-02 
11708	9.959360463525803e-01	1.797345686609552e-01	1.459121532486343e-01	4.043278914896435e-01	7.661335443920146e-01	1.630980894729021e-02 
11709	9.085709205402858e-01	3.102539178497409e-01	7.166498106516198e-01	7.364521775098760e-01	8.219963204218057e-01	1.572864708291769e-01 
11710	5.974485294881503e-01	7.391813251838001e-01	5.202964169533441e-01	8.914693160408499e-01	4.343530886966517e-01	1.343413610636915e-01 
11711	8.304816437095783e-01	2.245390956404335e-01	3.173696977632910e-01	6.514440656879190e-01	7.633014310911770e-01	1.955197226235269e-01 
11712	7.094529986891212e-01	6.930326487370919e-02	5.948007528645921e-01	3.275718108413610e-01	7.510124313416948e-01	6.811547319782687e-01 
11713	3.741581572099394e-01	7.469484772286138e-01	8.608893006392239e-01	5.200703109242349e-01	1.512763682525960e-01	6.270228445655772e-01 
11714	5.363801198715251e-01	5.984728832722050e-02	9.372767628809795e-01	2.530299300574837e-01	7.962994658370965e-01	7.592730828371239e-01 
11715	4.103164008866606e-01	3.937479953252468e-01	4.984544075552628e-01	9.306128178400047e-01	2.852173109004355e-01	9.328074962519144e-01 
11716	6.495417843803493e-02	1.156989541443526e-01	1.573465914266867e-01	3.823238766669873e-01	7.671430198322716e-01	9.206480229835250e-01 
11717	5.778435992905142e-01	4.765960180557314e-01	9.899512878572342e-01	1.726443521551063e-01	8.041678293627537e-01	7.409637191989290e-01 
11718	8.537990841333750e-01	1.783259861070318e-01	4.879121959618815e-01	7.146883847725989e-01	6.983962970312667e-01	6.391885646801388e-01 
11719	3.417112288725149e-01	2.347764164371306e-01	6.990358530073594e-01	2.789879912878331e-01	4.878063464946143e-01	4.953353188444559e-01 
11720	3.826107412495700e-02	8.981227473812750e-01	8.890833141697028e-01	5.367154816802198e-01	8.287355652212797e-01	1.743006246044769e-01 
11721	4.695229779321342e-01	8.936897436593145e-01	2.899995787488295e-01	6.268695693588209e-01	2.760136198606405e-01	5.714259858110109e-02 
11722	5.475175918766845e-01	8.538572196168160e-01	5.337386166368325e-01	5.374688797339187e-01	2.650157130626104e-02	3.379064455339250e-01 
11723	2.784325984671864e-01	8.803006554396361e-01	5.162324321066181e-01	7.663447944290679e-01	5.949890397465737e-01	2.146287286722235e-01 
11724	4.055333586435454e-01	9.367002690847499e-01	4.494051455750154e-01	1.045692116509048e-01	2.156882599069217e-01	9.372114920696297e-01 
11725	5.999045304953607e-01	2.539493340318786e-01	8.353342394509047e-01	4.889878441994022e-01	7.906648161777597e-01	6.640698042065231e-01 
11726	6.632884688038790e-01	2.601877936442326e-01	5.577595474001763e-01	9.532880475527086e-01	8.870573630030534e-01	8.337731677264781e-01 
11727	1.043064566814836e-02	4.345749548797379e-01	6.876303868776329e-01	5.441692627706421e-01	9.720438346136565e-01	7.141319581838940e-01 
11728	8.820757083045672e-01	2.504764326151817e-01	5.944326131578687e-01	3.983081399455239e-01	1.682122657858824e-02	1.894216529044424e-01 
11729	6.129368690834087e-01	4.223545856877950e-01	1.261219215235309e-01	6.234201419276279e-02	5.269237973386999e-01	3.418101814304526e-01 
11730	9.995535062623925e-01	1.268283273683993e-01	5.957595159279926e-01	8.348877452476359e-01	6.158161715678014e-01	3.864243316400909e-01 
11731	4.989575489884976e-01	2.791046399060192e-01	6.466121252843235e-01	5.671709638867392e-02	2.323926869930665e-01	5.336694878217156e-01 
11732	8.904902641151521e-01	2.428233331268762e-01	9.682444427014536e-01	5.781206505271237e-01	7.869925958975184e-01	9.402882768494488e-01 
11733	2.922526082453563e-01	6.690683037364242e-01	1.907647089989692e-01	8.866852214032249e-01	6.737644368194809e-02	2.075859360432187e-01 
11734	7.610687384200603e-02	6.803133127653568e-01	6.299405217310137e-01	2.022287953655370e-01	7.426553269581195e-01	1.568643186040522e-01 
11735	5.440389772616508e-01	7.422088327548507e-01	2.836926459724515e-01	1.397984927239821e-01	5.770965780024866e-01	8.995088175402529e-01 
11736	5.262228243640730e-01	7.605412652532297e-02	1.786134569806110e-01	1.728349491827353e-01	1.327712229139969e-01	4.110061439736775e-01 
11737	7.065044370044509e-01	2.326148656348767e-02	6.538294771005537e-01	6.747488797059045e-01	6.013821370906114e-01	4.408220725324108e-01 
11738	6.150371560896920e-01	8.936347453359677e-01	1.098903762688350e-01	8.058018655543224e-01	7.803199667391926e-01	1.772668199507831e-01 
11739	1.338780113187982e-02	8.564268405811987e-01	8.575801327161399e-01	6.433283228628935e-01	5.865563594673557e-02	6.002354592085981e-01 
11740	8.001926414669457e-01	6.026946132083864e-01	3.424442914977876e-01	8.388528697373591e-02	7.424931059323685e-01	9.195408695002742e-01 
11741	9.833941045139889e-01	2.687159298307802e-01	9.955949964912585e-01	1.620075610289385e-01	4.415508790135155e-01	1.283662189395941e-01 
11742	5.730137050026161e-01	1.480553155523051e-01	1.516277059687431e-01	2.268431821031697e-01	8.228041952582096e-01	7.530098430593544e-01 
11743	6.676652546355805e-01	4.378413513479015e-01	6.466445883953220e-01	7.775556309044155e-01	2.436432164365627e-01	4.269645546688533e-01 
11744	9.548224508551986e-01	2.570310175684425e-01	2.833913947843906e-01	8.124025831056770e-01	9.003593404313360e-01	3.420470307311262e-01 
11745	4.126380418486139e-01	7.005519814326204e-01	9.447416439395127e-01	7.550823338120628e-01	7.844372684063563e-01	6.872347494062198e-01 
11746	6.746232028466758e-01	7.678313724546839e-01	9.559506792370001e-01	6.702181988722730e-01	9.298389334836225e-01	3.975015577848542e-01 
11747	7.985844182775284e-01	5.028526380205772e-01	5.455568738028206e-01	9.502121242462714e-01	7.296958201237469e-01	3.683610685953689e-01 
11748	7.032219668399645e-01	3.973610747593274e-01	8.062024199432705e-01	3.498665547696252e-01	1.749167051980815e-01	4.984563591417188e-02 
11749	7.768311094384786e-01	1.297391560532801e-01	3.068766534826144e-01	6.022250422286918e-02	9.421417391589572e-01	2.072359934482891e-01 
11750	4.022695349539954e-01	3.547797810075711e-01	9.077879748809096e-01	3.470111788935080e-01	1.098621143539725e-01	6.922252428216046e-01 
11751	3.424592783406653e-02	7.844853172006483e-01	4.600566148106273e-01	9.901966075367279e-01	4.547035160729213e-01	3.898955478285884e-01 
11752	3.876981648559208e-01	2.532879338847883e-01	8.927481863148269e-01	9.332550386587414e-01	2.035000576653984e-01	6.224440059729125e-01 
11753	3.016161072541103e-01	9.067220245053629e-01	1.980508026657863e-02	1.078185267317195e-01	2.565885792749881e-01	1.947217859303214e-01 
11754	1.576641631115527e-01	3.341968824780531e-02	3.244609419836015e-01	4.645408165941671e-01	9.364219247067450e-02	2.666026806768974e-01 
11755	6.717768105081174e-01	4.959117278903312e-01	6.213824616844684e-01	5.795647849233657e-01	8.429229067838392e-01	7.312445760384410e-01 
11756	2.717900277449703e-01	8.771688346179057e-01	5.157298932390892e-01	7.318466425555975e-01	8.673654416889722e-01	9.704334093120105e-01 
11757	1.217421903841860e-01	2.550636065448931e-01	2.237213427311374e-01	1.449037623335159e-02	1.883186447379732e-01	4.272214003965358e-01 
11758	6.369343822062641e-01	4.899347519920835e-01	3.339434244362374e-01	6.567394629385040e-01	5.977532791894643e-01	5.905320037112255e-01 
11759	8.514612488688255e-01	7.554174423010169e-01	6.239516924246921e-01	1.759221903867657e-01	2.199582584295227e-01	7.175938848953666e-01 
11760	4.425248710636631e-01	8.917350689376402e-01	2.135056123200365e-01	6.390733274813151e-02	4.712998538610059e-01	5.642851863821434e-02 
11761	7.951519087865725e-01	7.430898816059762e-01	9.335973537217813e-01	3.108818015600004e-01	4.749365236959124e-01	8.009627949450923e-01 
11762	2.813152104063496e-01	5.966787140800984e-01	5.602640102432407e-02	5.050365531374871e-01	6.111690903134500e-01	2.443450462279586e-01 
11763	9.322579535340229e-01	2.481034725197142e-01	7.342797982200421e-01	2.662013779702603e-01	9.048429354582181e-01	3.320330769438450e-01 
11764	8.567333816814857e-01	7.563041838613824e-01	8.745051877920074e-02	4.806850736405165e-01	9.322263742481481e-01	3.074087776743848e-01 
11765	1.982789585358831e-01	3.747512448461499e-01	1.991438461463637e-01	4.117845708559195e-01	4.386585775942815e-01	6.704437000073696e-01 
11766	4.682130899597952e-01	2.338104863808539e-01	4.135335811476845e-01	4.018104432159152e-01	5.446922879408543e-01	8.884701053092583e-01 
11767	2.027732376953462e-01	8.260074988128653e-01	4.851488189236954e-01	2.587996391853316e-01	3.310440514846910e-01	9.631790923714541e-02 
11768	5.031446854132902e-01	2.633020050187139e-01	3.444213817568595e-01	2.374244831676709e-01	5.295033829889741e-01	2.492643167494164e-01 
11769	5.694575605771772e-01	3.862367642047986e-01	5.568500145137543e-03	6.569080793563780e-01	8.669218383109765e-01	9.377948743932857e-01 
11770	9.643168570307628e-01	6.520079638119824e-02	3.125461187737743e-01	1.634607031771265e-01	4.769853672371178e-01	7.512046968337170e-01 
11771	8.339044031844961e-01	9.451984571969130e-01	9.850151832145709e-01	2.474379843321806e-01	3.470088999471669e-01	5.297074706897640e-01 
11772	1.359080891757775e-01	5.497821381081743e-01	3.557149690369679e-01	6.210569080994729e-01	8.085817772935060e-01	6.867590209873202e-01 
11773	7.173748173366183e-01	3.117264622411348e-01	9.500610260060341e-01	6.179619862781661e-02	5.491509454088057e-01	4.795644085293470e-01 
11774	3.110605153772331e-01	1.186085055203217e-01	8.658011727341456e-01	3.166290155223706e-01	7.755165853423609e-01	7.327230105794608e-01 
11775	2.544238894499949e-01	7.398334419074624e-01	7.979238069606590e-01	5.669700086894306e-01	9.032941450845888e-01	2.749091741977768e-01 
11776	3.181747050574863e-01	7.371985482690849e-01	2.201076309290284e-01	3.031898878063959e-01	9.846365326012655e-01	5.671165313418566e-01 
11777	8.328973584961600e-01	1.205446213113817e-01	1.168986689843697e-01	1.886123275331279e-01	7.416015294108547e-01	9.254804462778756e-01 
11778	8.753713485204482e-01	4.589763467474731e-01	2.372069080533492e-01	8.254323740608209e-01	5.207725453752896e-01	7.863578534621549e-01 
11779	3.049967821245066e-01	8.318330612181840e-01	9.049663594481379e-01	1.707979543929910e-01	1.484620762748933e-01	6.804829443248375e-01 
11780	9.035209654381131e-01	4.028859661905495e-01	4.203163857666386e-01	7.014447719331108e-01	9.698559748799801e-01	3.236105308512275e-01 
11781	9.763539461308876e-01	2.880306794718051e-01	6.080907865465110e-02	1.964615770599160e-01	5.912205672782010e-01	4.544561079025530e-02 
11782	7.635781084017726e-01	4.241179253086997e-01	1.659902321016370e-01	8.804767773861423e-01	6.127302528418276e-01	9.075917615124918e-01 
11783	8.059572231983567e-01	4.881016008966144e-01	3.665681077943035e-01	4.316413078604459e-02	3.135339744917741e-01	8.873406536352544e-01 
11784	8.295219842481995e-01	6.185307566162808e-01	7.191737143877771e-01	7.344883432306760e-01	7.893287114749331e-01	8.676357906626704e-01 
11785	4.149712870898523e-01	6.928496764473848e-01	2.705217563875587e-01	8.352876733221521e-01	3.942944479148344e-01	2.403777308018774e-01 
11786	1.588982037077184e-01	3.706483940457219e-01	5.284084102736826e-01	2.197072823623695e-01	5.671099711056380e-01	1.196289770862222e-01 
11787	2.651528931526248e-01	3.306880790417493e-01	5.437469028605832e-01	4.311431252542618e-01	2.111648559622303e-01	1.564771552367495e-01 
11788	3.387348863010923e-01	1.712207869492568e-02	6.445787565990252e-01	7.053029945610571e-01	6.028620948097026e-02	9.581127310907993e-01 
11789	5.926436477306503e-01	8.898081937291697e-01	5.766434877070801e-01	3.118173616527661e-01	6.242965369598458e-01	3.659721987163518e-01 
11790	1.794531518497752e-01	3.926782358403682e-02	5.882187469807541e-02	4.499749087029951e-01	8.745554969061891e-01	4.531163226129097e-01 
11791	6.903526395048726e-01	3.345370014824611e-02	8.237647166586317e-01	2.187610497785551e-01	2.531609825106156e-01	3.908746872986084e-01 
11792	3.383900268647773e-01	5.183138756632404e-01	7.215627663403577e-01	8.821369297253605e-01	9.494570009175022e-01	9.327276223025879e-01 
11793	3.861408496211007e-02	2.881918872185945e-01	9.498497009975135e-01	6.831928415611352e-01	9.934948817796516e-01	1.013591001282256e-02 
11794	6.413055721862734e-01	5.861385290446405e-01	8.999441042076536e-01	2.179490594276921e-01	8.979558906974066e-01	5.242406407018382e-01 
11795	5.839212581440439e-01	7.740904208152044e-02	5.635084642858750e-01	6.427431328421194e-01	5.273839507845156e-01	4.380639611920640e-01 
11796	9.585945545502914e-02	2.177365902893881e-01	4.715176613403101e-01	9.196241721136608e-01	4.364976400679432e-01	7.246786443165870e-01 
11797	3.104988594122691e-01	7.748876669327205e-01	2.429925195141661e-01	3.206162528696545e-02	6.570245966580811e-01	1.924495204316683e-01 
11798	9.647892480552146e-01	6.956386816201912e-01	4.806414076502628e-01	9.146389485870670e-01	3.788315227156652e-01	4.741362889642530e-01 
11799	9.247748590655508e-01	2.013709443627721e-02	6.027481754323227e-02	8.247189628075431e-01	2.380861543296306e-01	9.582307082406388e-01 
11800	3.489596030437199e-01	8.220074124736746e-01	3.563974985649798e-02	9.124680673295948e-01	4.647505453157940e-01	5.630237011066749e-01 
