20201	9.345474256829114e-01	1.746544931897216e-01	9.763690857106676e-01	7.153054087959720e-01	5.265352132388089e-01	7.594769032483347e-01 
20202	1.470270967795640e-01	9.555182279811791e-01	7.077586509789148e-01	6.816854489416282e-01	5.922638008334971e-01	5.849304201942545e-01 
20203	9.059269264833661e-02	4.297793751721175e-02	8.102997228551189e-01	5.177294502583004e-01	8.097364850387613e-02	6.587929947575522e-01 
20204	9.012697315315109e-02	2.266242062796951e-01	3.863045719388428e-01	8.169038229700661e-01	5.493259362640446e-01	1.426842404262555e-01 
20205	4.590349078453309e-01	5.760823067166294e-01	7.467219763187328e-01	6.617958963205087e-01	1.154296086707290e-01	5.178949453485641e-01 
20206	9.794623935499519e-01	4.997703435364041e-02	6.925494390039469e-01	9.558314787949582e-01	7.652824431496125e-01	2.190846517770945e-01 
20207	7.153083815776317e-01	9.123095399291765e-01	1.746028792926124e-01	4.230670320908851e-01	5.939949888708047e-01	7.668666801261095e-01 
20208	7.997451819478280e-03	6.845876815191413e-01	8.098446181089826e-01	8.182971746745972e-01	2.023171313117804e-01	8.908182666128587e-01 
20209	4.770901689664880e-01	2.924441044649315e-01	1.174424724268925e-01	8.633947413709921e-01	1.093479274349976e-01	6.667684086909370e-01 
20210	6.078981331586363e-03	5.683828352803284e-01	2.428507154075665e-01	7.528009581159805e-01	2.301787311351759e-01	3.582803240782955e-01 
20211	2.706959029988832e-01	2.096411242194665e-01	4.082573584319359e-01	9.632453420028302e-01	1.654726025487634e-01	1.735398011158872e-01 
20212	1.823299937799247e-01	8.807809845920563e-01	8.584934104506362e-02	3.569328730725371e-01	3.038480162172802e-01	6.798443299158683e-01 
20213	1.237995531986466e-01	3.118454685024197e-01	3.644320109693482e-01	9.336441713076290e-01	1.301426427113556e-01	5.667491422811286e-01 
20214	8.244624374548264e-01	6.072328121435050e-01	8.591932467460601e-01	9.419049103473802e-01	4.706275530488359e-01	9.685411741810577e-01 
20215	6.086733185726559e-01	4.767065343804222e-01	5.369240089957249e-01	8.515240339802225e-01	2.295074920307414e-01	7.671027405965620e-01 
20216	2.098043580585180e-01	5.002033954952859e-01	9.767438648160286e-01	6.180617164904539e-01	4.634487370324548e-01	1.422164673647920e-01 
20217	7.916015180720023e-01	6.457787308123795e-01	2.299745149118707e-02	8.774508591170660e-01	2.711603884916568e-03	3.268454677084673e-01 
20218	5.572951885672729e-01	1.265111570835631e-01	6.386909362108870e-01	9.217271995366212e-01	6.015532792553088e-02	7.688335793879040e-01 
20219	4.884763413520886e-01	8.846177653803573e-01	3.760663910657477e-01	3.476695876324873e-01	8.265226752620761e-01	8.466939441145835e-01 
20220	3.162107618135450e-01	4.351959938347321e-01	3.234004780293445e-01	8.531347708092699e-01	2.867200273492932e-01	5.529079705257471e-01 
20221	6.202375109401707e-01	4.965243854078112e-01	5.311136555537179e-02	5.969813757561991e-01	1.145861018982651e-01	5.165601025878266e-01 
20222	7.391978431209911e-01	9.061876199702674e-01	1.623388334002061e-01	7.621952946121783e-01	7.836384786216721e-01	1.650504372851227e-01 
20223	8.904076185498422e-02	3.409336667232838e-01	2.915615943686858e-01	7.277316985315325e-01	2.626608657942437e-01	3.517169222942166e-01 
20224	4.965652774537752e-01	7.511372071463323e-01	2.363346872089127e-01	8.726316685195228e-01	9.880679431315828e-02	6.285736247098882e-02 
20225	7.193256121684450e-01	4.150175561267033e-01	4.980533563057209e-01	4.272608973212823e-02	2.681523269359732e-01	7.847733836550141e-01 
20226	5.956340602578754e-01	8.883898378761438e-01	2.812977690628254e-01	6.487454258132472e-01	4.853712131666817e-01	3.958838709610905e-01 
20227	1.653055284010738e-01	2.245690558220116e-01	3.020714904656966e-01	3.276443618012799e-01	9.867643504341899e-01	8.570996862170750e-02 
20228	4.926947990864026e-01	7.580511228917404e-02	4.266436353449913e-01	7.842563934550884e-01	8.035368108207066e-01	6.893045011392350e-01 
20229	1.359733152836437e-01	3.001020878088205e-01	4.404417078199059e-01	3.723080024925564e-01	1.727337558626820e-01	5.392485021330642e-01 
20230	4.351653649635452e-01	8.920593680311271e-01	9.542660587254288e-01	9.332187212692661e-01	9.347854577632553e-01	2.224183851957407e-01 
20231	7.179921049242802e-01	5.304195180211307e-01	1.108082226062232e-01	9.992898739871057e-01	1.791649433687166e-01	5.961794362385662e-01 
20232	3.951737444825348e-01	3.444704717697904e-01	8.207484920605778e-01	6.972452349482314e-01	6.721148335710703e-01	8.075128424947675e-01 
20233	7.829552035699390e-01	1.648096321918115e-01	8.833179547839416e-01	2.095988384492690e-01	9.490660256468998e-01	6.868547651389869e-01 
20234	8.989033395885040e-01	8.503934046488225e-02	9.869568529478073e-01	3.393450469427486e-01	4.573473434230999e-01	1.596906083448281e-01 
20235	8.785935490758128e-01	8.925127083866451e-01	5.174997591029386e-02	8.328596073355803e-01	8.257314296559112e-01	9.865354336735492e-01 
20236	5.527799206565972e-02	5.437235341145301e-01	5.169549512290186e-01	1.660862151375442e-01	5.430134076359744e-01	6.961198950633964e-01 
20237	7.622656513761104e-01	9.381871521185092e-01	4.059036636752559e-02	5.830141429710268e-01	6.354323866010795e-01	7.127052004042571e-01 
20238	3.905269850001331e-01	4.183875897053571e-01	8.775148325960687e-01	2.738449393184134e-01	6.279864281546261e-01	8.265808582429685e-01 
20239	9.606997044574003e-01	5.268897672774688e-01	9.116201987078507e-01	9.476565569395463e-01	8.662348142202174e-01	3.689675416652893e-01 
20240	1.073471648187131e-01	7.448283628303690e-01	2.614802500519344e-01	1.590971407290069e-01	5.776879701659493e-01	8.721167924218423e-02 
20241	1.456325744025561e-01	6.329659622316091e-01	6.309352133567143e-01	6.625875256315747e-01	7.990521773691532e-01	1.739486205270275e-01 
20242	3.587074202293099e-01	5.613178282796023e-01	1.121357721798754e-01	3.992977870624968e-01	1.443319712506290e-01	7.475681587809548e-01 
20243	1.120029870010926e-01	5.348589562507621e-01	1.659557480206507e-01	9.895178195971613e-01	8.087038960348367e-01	7.939421761752768e-01 
20244	8.160986773744685e-01	7.694036000265757e-01	3.208319429870843e-01	7.277188760823192e-01	7.170601569661219e-01	1.870667567416405e-01 
20245	9.668641728194730e-02	8.244073217848350e-01	9.318951195720094e-01	3.581666673338817e-01	9.835044629795032e-01	5.095830892722975e-01 
20246	4.453783465760659e-01	1.291370369163980e-01	1.425490515039065e-01	7.631355946711896e-02	7.917245625479726e-01	9.416012288730597e-01 
20247	2.502621799941464e-01	1.504319827772826e-01	5.029190571526619e-01	3.623979521740218e-01	5.497297698397794e-01	6.472510284032911e-01 
20248	1.099661104893154e-01	6.617327568408720e-01	1.821099841883918e-01	2.759218585099661e-01	6.512505759723720e-01	9.908138802232286e-01 
20249	6.986403421958165e-02	4.673492533468405e-01	7.602174802498042e-01	3.906959772066660e-01	1.950681289634985e-01	4.772776367502649e-01 
20250	5.777627339483066e-01	2.917545462454458e-01	3.016849580694386e-01	5.096578535203160e-01	6.499212140449887e-01	2.851894205832805e-01 
20251	1.924094232695221e-02	9.529956015539336e-02	4.143264574996784e-01	1.617899938308587e-01	1.716131200881736e-01	2.060510200476511e-01 
20252	1.033912227039185e-01	4.218753000823200e-01	3.564830028249337e-01	6.063102798565805e-01	7.842732527220031e-01	9.062127726647131e-01 
20253	2.535613077942102e-01	8.942393632113186e-01	5.679455290399238e-01	4.356712919826020e-01	1.701612217212847e-01	2.191961045466345e-01 
20254	4.264851722058305e-01	2.400252559408663e-01	6.865453578934750e-01	1.867026519899735e-01	6.307212336131937e-01	8.816134868569735e-01 
20255	6.639802887402383e-01	2.084839670958389e-01	1.733680331024192e-01	9.656652468096769e-01	7.181418206161548e-01	8.232892471474079e-01 
20256	2.508546673929573e-01	7.373827634087683e-01	9.185888073028013e-01	6.651811248926358e-01	8.991727572396271e-01	9.020192692531362e-02 
20257	8.712321449402869e-01	2.563979477884238e-03	5.120772274732950e-01	2.277151472995594e-01	6.088742593344647e-01	2.963504797296368e-01 
20258	1.339279194986112e-01	8.624355671286749e-01	1.905898424752941e-01	7.018734485385351e-01	2.981068591112769e-01	3.607510641965787e-01 
20259	9.210695535508309e-01	7.245920313171074e-01	6.007763206031064e-01	6.076149109786446e-01	9.112946833070809e-01	2.314975537506386e-01 
20260	4.892283978356181e-01	5.752749715816579e-01	4.399815208464775e-01	6.625964309380373e-01	5.409402179256735e-01	1.581233414626323e-01 
20261	4.858856776197840e-01	7.917948853186307e-01	8.955061048714007e-01	4.044744844569240e-01	4.569760102112666e-01	7.946788616453665e-01 
20262	4.946764118478990e-01	3.282081546858923e-01	7.972428415889120e-01	6.753638855532575e-03	5.559233024511129e-01	4.061171004577154e-01 
20263	3.031041185851694e-01	6.898512219497241e-01	2.685526675863902e-01	4.936939610604634e-01	3.917246704882592e-01	5.666595266976671e-01 
20264	8.544450257227034e-01	3.127942235734287e-01	2.912515575491132e-01	4.552213458601485e-01	9.204091345520733e-01	2.025462403905328e-01 
20265	6.867188996107871e-01	4.096375319220301e-01	7.778212119721907e-01	1.267004199916033e-01	7.223396239440608e-02	3.187614294322028e-01 
20266	2.848237614542357e-01	5.581196400141900e-01	1.105563147508336e-01	1.803298658599750e-01	9.625941249367753e-01	5.675323249621002e-01 
20267	9.750087279710028e-01	4.572705363190130e-01	8.957404796479924e-01	7.722515690942535e-01	4.640241751745456e-01	4.516637816334440e-01 
20268	1.783686690863076e-01	7.671282937597149e-01	1.415150035831682e-01	4.469213366726978e-01	2.608222543545171e-01	5.332396740714272e-01 
20269	1.358086290470365e-02	1.152672796115592e-01	8.460338976448559e-01	3.048324204538169e-01	5.704886254717078e-01	7.664430317312679e-01 
20270	5.073786608443496e-01	2.572075246168335e-01	1.760805636532980e-01	2.851998723508790e-01	3.839079450740981e-01	2.483145260477040e-01 
20271	6.039613022487430e-01	6.687317065283338e-01	8.064341665275554e-01	7.145176169995766e-01	8.490615728539701e-01	7.690282909986694e-01 
20272	2.820499414960155e-01	8.240703003593116e-01	2.262988268520212e-01	1.777904206783466e-01	5.963218689879038e-01	6.903230020265668e-01 
20273	6.294542027774519e-01	7.746905380742115e-01	4.574512953206205e-01	7.709692063606201e-01	2.216118747469093e-01	7.182735496751376e-01 
20274	3.042088799663861e-01	2.351927376516129e-01	8.335408297523581e-01	1.502427771455808e-01	5.400251585710911e-01	4.040294547584045e-01 
20275	9.166858088768487e-01	4.740381894977941e-02	6.612369798408994e-01	9.276637206448539e-02	3.326036917663197e-01	4.514492444933622e-02 
20276	3.410808985778507e-01	9.365649940150627e-01	7.138766309776701e-01	1.475150646397448e-01	6.510826105489780e-01	5.629382033659789e-01 
20277	9.165433556384143e-01	9.331325520449936e-01	3.870085032596293e-01	1.428421820247742e-01	1.109229722576788e-01	9.833303722475332e-01 
20278	8.331651840513410e-01	7.403771750351308e-01	7.580209103217446e-01	2.906164789063002e-01	5.113463809300896e-01	9.796327850686539e-01 
20279	8.890028115776381e-03	8.155552608964757e-01	2.148255222546055e-01	8.424308578681344e-01	9.657980380420564e-01	7.548506808256966e-01 
20280	2.464603126265389e-01	8.824838469189051e-01	8.022545002411373e-01	9.076972924674382e-01	9.752502189833905e-01	1.348581915417957e-01 
20281	9.528422169167745e-01	3.163311170955799e-01	7.142318509119711e-02	6.667188474287833e-01	4.638461817353248e-01	7.225057956401751e-01 
20282	2.296570507947621e-01	3.803895369080778e-01	6.556383472195074e-01	6.166655540543914e-01	5.232317189328520e-01	7.665613194771862e-01 
20283	5.999959263019244e-01	3.563969025185317e-01	5.069384945123170e-01	3.580168361580078e-01	6.470133814248319e-01	1.828487497674528e-02 
20284	3.376496207610004e-01	6.559034100062695e-01	8.338401363388822e-01	5.524751430156060e-01	4.983342674087427e-01	7.996381739152774e-01 
20285	3.073258238413026e-01	7.447945800352817e-01	6.821220203685211e-01	1.095803236167786e-01	6.524918720370586e-01	6.573722393519116e-01 
20286	2.444385151585743e-01	6.053340884881718e-01	9.737033564474915e-01	3.158617002497714e-01	2.720529359169551e-01	4.375495381828163e-01 
20287	3.836749542428530e-02	5.017099867117172e-01	8.179390750908940e-01	6.940058426437926e-01	1.183755403004473e-01	3.411707940237461e-01 
20288	4.605671616553176e-01	7.183714666023717e-01	6.975676965422778e-01	9.675056561676346e-01	7.638830229471824e-02	3.445810779671097e-01 
20289	9.857905316100412e-01	4.140379230557186e-01	4.844875077179109e-04	8.196306674832621e-01	9.665130665369859e-01	4.988187549164606e-01 
20290	6.192688409328782e-01	2.738388899126271e-01	2.436133349517423e-01	3.013908613013992e-01	3.834192135294057e-01	8.961052069888009e-01 
20291	9.587631006533108e-01	6.278577286879801e-01	5.014392954769727e-01	9.324664566351410e-01	9.437194289377515e-01	7.734922313939279e-01 
20292	3.700159943522960e-01	9.820869243620368e-01	2.752022176399838e-01	1.879550694431900e-01	6.760927665401683e-01	3.935777579404310e-01 
20293	5.291258634669361e-01	1.366599277298245e-01	1.119492245428028e-01	2.266935595435526e-01	1.041655838974591e-01	1.883375268375210e-01 
20294	5.712746375106622e-01	8.995611504183901e-02	6.023754503589009e-01	5.717591250183802e-01	9.095867825251011e-01	5.688885164302254e-01 
20295	7.057787993484078e-02	5.288556229923179e-01	8.427274063428526e-01	3.141912148865830e-01	8.302464842937172e-01	2.261466194065971e-01 
20296	2.102964214097226e-01	7.890095844813667e-01	8.540043480945771e-01	7.117357168866953e-01	7.214760411165078e-01	7.977237765666674e-01 
20297	4.852279478149619e-01	9.149203500314244e-02	7.798107004630429e-01	7.604301654549456e-01	2.794471044463325e-01	4.559034665375498e-01 
20298	1.540079233953766e-01	8.085729679132686e-01	5.925633942673744e-01	2.659571479381794e-01	3.526652745682119e-02	6.967289781648335e-01 
20299	4.542946747757004e-01	6.065411649674834e-01	7.866850932066725e-01	5.667012466894003e-02	1.783002899858636e-01	6.962718752661123e-01 
20300	6.255586410991655e-01	2.488781699207044e-01	2.251274982584303e-01	4.682860469763568e-01	5.630693848072874e-01	5.537398208648617e-02 
20301	6.944326663829539e-01	7.733658062170100e-01	8.443835670335141e-01	5.484370140118697e-01	4.851015231037054e-01	5.658596076843606e-01 
20302	3.461607901128758e-01	9.703294709186673e-01	6.573516426875031e-01	1.259714901102574e-01	7.307596363736129e-01	9.367987475994969e-01 
20303	5.818749566478072e-01	8.847675597689895e-01	7.453717150471042e-01	1.744383509151816e-01	1.507247072415076e-01	7.806382425039253e-01 
20304	8.711673290800152e-01	6.050193820172080e-01	3.871794074714088e-01	6.578524222866876e-01	6.616895071518093e-01	5.654796974572724e-01 
20305	3.541242970871387e-01	2.872481477853135e-01	8.143578673779768e-01	5.792517953455689e-01	7.555341952273316e-01	3.774272517196030e-01 
20306	6.346257778977163e-01	4.499668611446241e-01	1.507930574709517e-01	4.790093444655693e-01	9.984038756221550e-01	6.358945805746571e-01 
20307	4.486895168426863e-02	3.445646652693696e-01	6.062240514933244e-01	7.022205943717718e-01	4.705361558452882e-01	3.369836874012759e-01 
20308	6.390193415056072e-01	5.241111202743422e-02	2.217512467046041e-01	3.843910565527114e-01	2.268494629426158e-01	3.724759539461117e-01 
20309	1.650292985909755e-01	9.801679202263094e-02	9.774953359633197e-01	5.522087060623843e-01	7.558692143093185e-01	6.391848426494677e-01 
20310	1.176884030539954e-01	1.099935109307959e-01	9.264329909004425e-01	9.320462704319722e-01	6.892453067420261e-01	6.819671856621128e-01 
20311	3.094735216859139e-01	3.238710841740813e-01	1.319340463410756e-01	4.602665796225269e-01	8.028804286396506e-01	1.303379214975694e-01 
20312	9.616115973152274e-02	8.477493803239192e-01	4.749025872326003e-01	7.023852112248471e-01	5.499699742300296e-01	9.454387430778886e-01 
20313	3.936889816046175e-02	1.889893157356369e-01	9.978498551053228e-01	2.611201448650659e-01	5.733803722883484e-01	2.246993180479386e-01 
20314	6.335960988111776e-01	7.384096708793239e-01	3.227161100705695e-01	6.110914347744972e-01	2.906183769417081e-01	7.858532391422676e-02 
20315	2.502762769583037e-01	4.083067799957035e-01	1.885788348450227e-01	1.767092673930848e-01	3.403530504276757e-01	8.778241415870488e-01 
20316	8.586764530551976e-01	6.498265721135896e-01	2.016952252954688e-01	9.906104998619345e-01	1.100931512704553e-01	4.575653469458061e-03 
20317	1.209484208938426e-01	2.062543114676393e-01	8.523250337933772e-01	5.958510081264428e-01	9.086395226924864e-01	4.022950080234068e-01 
20318	5.412897507386700e-01	9.480084213186095e-01	5.912843237590437e-01	5.391396058439927e-01	2.091285657180141e-01	1.646646955817308e-01 
20319	7.638389238919313e-01	8.427246649948529e-01	9.030743664610545e-01	8.655503349683948e-02	4.538160993036889e-01	1.936927429371014e-01 
20320	1.651403574110662e-01	7.040923762619925e-01	6.019995233984662e-01	3.537191922560889e-01	8.808016441207387e-01	9.423525738261419e-01 
20321	2.315433338431378e-01	7.394780967102750e-01	5.921791454740702e-01	4.332385591386065e-01	7.300885961065482e-01	7.022722972101869e-01 
20322	4.378142130737259e-01	8.510370174660520e-01	9.085266086778262e-01	2.901392464014418e-01	4.468880251268335e-01	8.171661309046513e-01 
20323	6.924342544248487e-01	9.881777763311648e-01	7.651745517575995e-01	2.837185777182312e-01	5.273173817094962e-01	9.743031179412748e-01 
20324	4.483832732999620e-01	2.911563051357662e-01	8.170277824704665e-01	3.514576397610165e-01	3.777113386326056e-01	2.708438813084941e-01 
20325	5.451503826981179e-01	5.428516960436719e-01	9.749362575704866e-01	1.471499056309228e-01	8.965708882997608e-01	8.557379012255640e-01 
20326	8.950247899140347e-02	1.281142216772373e-01	5.952159979358390e-01	6.816816249311350e-01	5.613527812815051e-01	3.253045935767259e-01 
20327	3.839539216756606e-01	9.991669943552310e-01	1.763416105771165e-01	2.924805298878255e-01	2.893062402910117e-01	6.232296361696114e-01 
20328	1.096466603268155e-01	9.817404951815216e-01	6.114074120351148e-01	8.748212125500763e-01	2.654590724340915e-01	1.387247932789497e-01 
20329	8.491243300256899e-01	7.138423461997148e-01	4.298810984147159e-01	6.661521120304950e-01	6.529998549506999e-02	8.075924370473215e-01 
20330	9.369959933389891e-01	6.104503681931879e-01	3.504441326253321e-01	9.119322504438144e-01	7.576002742897721e-01	2.470150204594317e-01 
20331	7.676701516693785e-01	8.471027532811755e-01	3.751292426023303e-01	3.628861491395562e-01	5.287843777466492e-01	9.364820238838354e-01 
20332	6.881907427162820e-01	9.127382994223099e-01	9.356490177734051e-01	8.645323537590599e-01	2.052188288444741e-01	2.249552575987555e-01 
20333	4.877619894630099e-01	3.148654896369509e-01	2.066957523146159e-01	9.916940103246337e-02	1.896867017213659e-01	4.721548252143687e-01 
20334	2.378941943114131e-01	3.881103128139443e-02	1.859971709484221e-01	6.677752927261290e-01	7.049631433118895e-01	2.512971564434921e-01 
20335	4.753677293077893e-01	6.419591361852173e-01	8.617475246366800e-01	8.258118619331214e-01	5.538913861633704e-01	6.193477984607908e-01 
20336	7.282688192689181e-02	3.215615373670876e-01	4.664505517419663e-01	4.479561245292221e-01	6.844476865066438e-01	9.952349294886156e-01 
20337	3.844381479473962e-01	3.726384292229258e-01	9.079732289109255e-01	3.200871652551401e-01	2.371707825163243e-01	1.131920572897382e-01 
20338	5.450424233195570e-01	7.249327719793341e-01	4.280575469266891e-01	7.517381756341728e-01	8.241021730117976e-01	6.177442486480550e-01 
20339	2.238930003828802e-01	6.199636685754935e-02	6.565552799294494e-01	4.098901713313023e-01	7.297716595836783e-01	3.615184227756776e-01 
20340	6.611873277747945e-01	2.051393884258063e-01	3.477558495233561e-03	5.229348524114745e-01	3.095124989326636e-02	5.573689451242653e-01 
20341	1.422826504066040e-01	1.037781318201582e-01	8.789304824913529e-01	6.087332021485703e-01	5.517342568150415e-01	5.633781689979965e-01 
20342	6.039681316371859e-01	9.361724047624378e-01	9.360165982209223e-01	5.119413600824501e-01	2.562595700175779e-01	1.731873802715854e-01 
20343	6.251334173721883e-01	8.013019933371348e-01	8.981201522509196e-01	5.319096429887738e-02	5.530401685056464e-01	7.222223247970558e-01 
20344	6.709352129469324e-01	7.769331693541879e-01	7.842186916546052e-01	3.274904928763818e-01	1.868233402198289e-01	5.139903507726222e-01 
20345	6.890089156520595e-01	8.480106684602847e-01	7.191297391984285e-01	6.924864746129543e-01	3.709455204060979e-01	7.500809890916948e-01 
20346	2.498554192715582e-01	5.132281708127019e-01	8.538591209118530e-01	1.287859012972498e-01	1.219613729612722e-01	4.055933772612332e-01 
20347	6.921640702952464e-01	7.259295045984581e-01	3.417657820236710e-01	6.281806680505074e-01	2.378708642152468e-01	5.980253520412488e-01 
20348	8.013680483220927e-01	8.630042815874350e-01	3.993273449127224e-01	6.994882001073510e-01	9.161952458863124e-01	9.523675134183688e-01 
20349	4.217105244387456e-01	5.871304588332449e-01	7.293006823068954e-01	2.059292156276895e-01	9.146209517096267e-01	9.161240229923856e-01 
20350	7.199195664003117e-01	6.036298668960248e-01	7.641346909870089e-01	4.390493051330789e-01	2.961163410433179e-01	1.350802109274455e-01 
20351	1.891302937591124e-01	5.459717603148762e-01	6.483083817401474e-01	4.298941467096536e-02	6.747576620777872e-01	7.702697547014197e-01 
20352	4.485827919321986e-01	3.669217319073723e-01	4.961992588342164e-01	7.903485739558695e-01	9.951024004235409e-01	7.340701230494632e-01 
20353	3.883739255314572e-01	7.964704482799724e-01	5.970744046368983e-01	7.877012704441796e-01	4.959586483873235e-01	5.132696500575494e-01 
20354	7.400687838625483e-01	9.176691728260690e-01	1.004001084251330e-01	4.693694657037824e-01	1.235983884537585e-01	1.502105966909838e-02 
20355	3.854934882305067e-01	8.435179548540702e-01	6.186509270307845e-01	1.496281787518543e-01	2.825672599871490e-01	9.147672680741024e-01 
20356	2.847083896792998e-01	4.716975537462614e-01	4.607390283889785e-01	9.330167718851086e-01	5.146869684172268e-01	1.354966900011043e-01 
20357	7.032865261208668e-01	9.632697608150866e-01	5.024184219084766e-01	1.994857849550833e-01	7.536183343052949e-01	4.975208218663562e-01 
20358	9.335559080045465e-01	1.419922598367521e-01	2.939912701463286e-01	5.306303121757835e-01	9.296935302809316e-01	7.899499185336520e-01 
20359	4.389996223333290e-02	6.697623136778187e-01	7.076190908940598e-01	1.443000706584659e-01	1.391317793816010e-01	8.312174793478183e-01 
20360	1.593211307932255e-01	5.246252676121077e-01	6.747354342018885e-01	7.779720578240100e-01	6.742534468296233e-01	9.573026941890376e-01 
20361	6.927393254324511e-01	9.589618365089231e-01	4.290002474696377e-01	1.534783533557683e-01	8.919786079283704e-01	9.436872163525257e-01 
20362	2.889750433568726e-01	5.952651340492373e-01	9.069569767019511e-01	7.913934657310105e-01	7.947509190043206e-01	6.605753105415848e-01 
20363	2.889142871317055e-01	7.283068265432058e-01	8.025675703783368e-01	5.829055572780341e-01	2.589371387189893e-01	7.322611006592685e-01 
20364	3.728554753460248e-01	3.028371009523222e-01	4.020234138714259e-01	8.047456624008462e-02	4.471371716107880e-01	5.411551932530269e-01 
20365	9.116920455879030e-01	6.064583024040135e-01	6.578046086513459e-02	5.864274793241301e-01	3.844303597623624e-01	7.400339076947579e-01 
20366	5.437301730475064e-01	7.716968519481350e-02	6.989957437380198e-01	9.727304209828053e-01	2.306480385505818e-01	5.909743516663901e-01 
20367	9.164176368696697e-01	5.196230823731157e-01	1.862394852499661e-01	8.233746131059595e-01	3.110165476384650e-01	9.809904042542867e-01 
20368	4.839499231818830e-01	5.999308347701704e-01	7.092972303318312e-01	2.865174935602199e-01	1.828363920482045e-01	9.682343690508205e-01 
20369	1.877859375382708e-02	5.556918673942294e-01	2.710714695374814e-01	4.208020076252529e-01	6.361664336343139e-01	7.182086416139307e-01 
20370	9.619572013439411e-01	5.478584792222169e-01	3.246669435522831e-01	2.773766174341443e-02	1.342859580806857e-01	7.090973037803068e-01 
20371	7.677715694381723e-01	6.780161315938533e-01	7.862669889751203e-01	4.667673127105307e-01	6.507465521109973e-01	1.691502706004075e-02 
20372	5.774166391125957e-02	5.671641885150057e-01	5.365381094331565e-01	2.439811491612257e-01	3.905388011553040e-01	8.475546570716215e-01 
20373	2.249715529498512e-01	8.744887243371871e-01	4.474854918417919e-01	9.342687837473437e-01	1.610062174317456e-01	6.303218838899964e-01 
20374	9.025031523325030e-01	1.797848111855727e-01	1.860137508185644e-01	1.735746218699844e-01	6.005868192764869e-01	8.221801849185397e-01 
20375	8.917832634839151e-01	5.625440201547668e-01	3.700386636750952e-01	2.164502065705369e-01	5.902816818981812e-01	5.043246217557810e-01 
20376	9.255475103508437e-01	3.580532508706922e-01	1.823407528839729e-01	7.118144988603026e-01	8.248205635812229e-01	8.330873049949702e-01 
20377	7.287295263860046e-01	8.825622279581438e-01	4.002514930443147e-01	2.652676353534998e-01	1.265433766537082e-01	7.907902941996187e-01 
20378	1.128222924251213e-01	3.515149300692207e-01	6.652790185368056e-01	5.603077842669132e-01	2.857837133509031e-01	8.262852359685512e-01 
20379	1.906296676912483e-01	1.882868652177448e-01	6.070047154123917e-03	3.766434185098128e-01	3.618614870877291e-01	6.066568664306108e-01 
20380	1.988236029626912e-01	2.536447501059830e-01	1.692008861197163e-01	5.688622666377864e-01	4.700949571421812e-01	7.594825680178975e-01 
20381	7.318688839356735e-02	3.956424670273636e-01	1.175358184229284e-01	2.555276412775403e-01	1.074569658876662e-01	9.423563820041513e-01 
20382	8.861494627251054e-02	8.361864922736708e-01	8.249186094966338e-01	4.888664393168252e-01	1.014541271615094e-01	9.514619866160033e-01 
20383	2.796567335164439e-01	2.142764195866307e-01	3.029769162195627e-01	9.449357520532495e-01	7.745842038535440e-01	5.887606295704658e-01 
20384	7.712209875561394e-01	9.652138715447922e-01	7.770474947882106e-01	7.772910347102634e-01	3.418572900546050e-01	1.389089818759398e-01 
20385	3.839479006752129e-01	5.406808930172962e-01	3.925537319819227e-01	5.531487867949292e-01	1.095431596550826e-01	8.626486891241040e-01 
20386	3.126313543471654e-01	1.827300480486499e-01	2.582911561514675e-01	4.301671727700938e-01	4.382576893261902e-01	3.657481220391338e-01 
20387	3.725235547742450e-01	5.268726355987008e-01	2.019346138471433e-01	1.974421638052176e-01	1.573907491552600e-02	3.033887410086527e-01 
20388	1.489041499555596e-01	2.953958084319699e-01	5.176651610609447e-01	4.518810661751223e-01	2.403315600195581e-01	2.922493644488274e-01 
20389	4.064169527992685e-02	1.155254711003627e-02	2.574632359936196e-01	8.176891905337987e-01	7.888435822859610e-01	5.993205260482246e-01 
20390	9.565981724097385e-01	1.727914824955126e-01	1.400014185998595e-01	3.491519039259999e-01	7.259402697561030e-01	2.495445782549421e-01 
20391	2.118005930501039e-01	3.857162363760715e-02	4.322746263035920e-01	4.700917492015714e-01	4.687387968733622e-01	8.705323160954436e-01 
20392	8.358398712407052e-01	8.412623516476072e-01	3.974049512284831e-01	3.777448462218721e-02	3.870451498716349e-02	4.131440261440091e-01 
20393	3.411632256308400e-01	1.876086654083844e-01	7.085398345759789e-01	8.588283866917846e-01	6.394897315835066e-01	9.488713945955370e-01 
20394	1.510777511406121e-01	6.801314273290948e-01	9.604239421712346e-01	4.085409871342317e-01	4.978206173972323e-01	7.492675239915343e-01 
20395	7.861512716795091e-03	4.544187893413095e-01	9.220590064870469e-01	1.478629313166546e-01	8.035706932673095e-01	6.479992757774886e-01 
20396	3.974075100372580e-01	1.537128585175205e-02	6.865708998807570e-01	8.296821363408501e-01	4.854630350533235e-01	1.553096962884579e-01 
20397	7.002144519706324e-01	3.213029058283674e-01	9.965720479360651e-01	9.761940319911550e-02	3.590773904505546e-01	3.527656245756734e-02 
20398	5.107634293431246e-01	7.002406165470558e-01	2.228852278659517e-01	2.193032639191035e-01	5.590690027731792e-01	8.623749599151197e-01 
20399	1.681746580489793e-01	7.101467539137912e-01	5.425063867785532e-01	1.285985997545526e-01	1.186877405823617e-01	4.032700371012417e-02 
20400	8.778661237460869e-01	1.265492532991568e-01	4.947457930514337e-01	7.999251302331337e-01	2.744121850814727e-01	2.983164858530818e-01 
