46601	2.671787432707747e-01	6.115878134088534e-01	8.181785209189069e-01	1.981947665094374e-02	8.387810182006941e-02	7.643245853317551e-01 
46602	8.435323056036291e-01	9.556353702003301e-02	4.522860578504792e-01	9.402936193814005e-01	2.692004187354820e-01	9.141908762576947e-01 
46603	9.610770656546005e-01	8.477669632284748e-01	7.807939456686349e-01	9.775549559749453e-01	7.614069514728183e-01	5.034331118238313e-01 
46604	1.173645444760865e-02	3.107185383842879e-01	2.357163472267410e-01	6.160414650179639e-01	4.776230917673666e-01	5.200937159918685e-01 
46605	9.440204146988785e-01	3.555092016959140e-01	4.173318531444910e-01	9.463327158923879e-01	8.542771781116153e-02	2.046932811870674e-01 
46606	9.431158764954265e-01	3.526064610819362e-01	8.162810945959208e-01	7.612943974143334e-01	3.724259377328800e-01	9.001591964159902e-01 
46607	5.256189822804271e-01	2.159582428708478e-01	9.957227334360232e-01	9.779050405965676e-01	1.562518617865871e-01	2.649231521715052e-01 
46608	8.920959163886010e-01	1.173289269755264e-01	1.126901149343188e-01	6.728898615915747e-01	9.488388248481038e-02	8.740970664071371e-01 
46609	1.763229729497447e-01	1.066203373980803e-01	1.848156043257637e-01	4.120393206421469e-01	7.226618024160442e-01	6.624386965587915e-01 
46610	9.321330366340154e-01	6.666822166492614e-01	1.794789778904426e-02	3.494648897785064e-01	6.130149320759880e-01	1.033756156002058e-01 
46611	5.541581709655738e-01	5.561308085714145e-01	4.559820766821420e-01	3.704392650958334e-01	3.174252055200866e-01	8.284080144150220e-01 
46612	2.705984610461623e-01	8.430441878005137e-01	4.436625682020851e-02	2.663211944821855e-01	8.209492279314200e-01	2.006181186067956e-01 
46613	5.312443466536907e-01	7.130451443200210e-01	3.179470460479832e-01	6.439344615880095e-01	3.859350054459343e-01	4.128309285327936e-01 
46614	5.180315275294853e-01	5.622579788613403e-01	5.194512659308740e-01	7.028471323209103e-01	9.742972995034872e-01	2.421130678812568e-01 
46615	3.652858284140406e-01	9.064303356718413e-01	9.087952849961796e-01	3.832337262030848e-01	2.558952249846865e-01	5.218102166065063e-01 
46616	4.866093418032906e-01	8.100533959502603e-01	7.794102471225943e-02	9.425914184854326e-01	1.804926605804323e-01	3.953662302323460e-01 
46617	7.709994324347933e-01	4.510911220922559e-01	2.384104180328596e-01	8.153656892550019e-01	7.174123165744414e-01	5.935964549861832e-02 
46618	1.598380739613613e-02	2.486566627624709e-01	7.724047898186392e-01	3.339308534441194e-01	8.925911243504804e-01	1.583397952645737e-01 
46619	7.467617824425743e-01	4.106226514143043e-01	7.205977741259140e-01	2.662130479077869e-01	1.134697832695533e-01	6.948950731637399e-01 
46620	5.083261162547050e-01	4.787556116835939e-01	6.013254083699200e-01	4.171214007852233e-01	8.619893378866786e-01	8.572206338202677e-01 
46621	9.389316173917296e-01	3.485986792243080e-01	6.672740293048667e-01	1.687264210398898e-02	2.911900972440793e-01	8.477666903509603e-01 
46622	4.122388723363349e-01	6.218952921321128e-02	2.988578119775550e-01	6.506492903691946e-01	8.775552184682130e-01	1.627012808633509e-02 
46623	7.100089363334742e-01	8.935390263300105e-01	2.649267908488059e-01	4.824137256864522e-01	2.274698793084686e-01	1.575179147336250e-01 
46624	6.407535209510259e-01	9.742316617510429e-01	5.681405661479293e-01	3.613512946112786e-01	2.404447096588298e-01	6.816103498831440e-01 
46625	5.624636730935721e-02	7.487708259135348e-01	1.603659611010765e-01	6.575717761449384e-01	1.658922262330969e-01	2.235529898775522e-02 
46626	5.147924094995449e-01	1.048238431591652e-01	3.709539782120632e-01	1.820664383387502e-01	1.216964852631541e-01	6.621440759218038e-01 
46627	2.983312822404929e-02	5.339353580651504e-01	7.243336051350150e-01	3.286909402016042e-01	1.845846479686837e-01	6.018888236032282e-01 
46628	3.449610682879393e-01	8.945935843021579e-01	4.954278494675773e-01	6.098878591367453e-01	3.770073099886102e-01	7.228977287760460e-01 
46629	7.674057738703702e-01	1.776083047397473e-02	6.971293905270889e-01	3.355463400182996e-01	3.791121255509146e-01	9.375741001859187e-01 
46630	1.715668943578223e-02	4.353584928602718e-01	6.863449256337922e-01	1.775226505368588e-01	9.293026853954897e-02	8.522371518668892e-01 
46631	1.998779495246140e-01	6.077226780390939e-01	9.570609950260544e-01	5.708319282023385e-01	7.897891168435054e-01	7.875748028920847e-02 
46632	2.329760036584810e-01	8.196222450675547e-01	6.126928383543588e-01	9.573096087934960e-01	1.483131852691589e-01	7.972774863230425e-01 
46633	5.591984319310628e-01	4.932742535570982e-01	6.918710706252005e-01	5.462628093297886e-02	1.031621126938435e-01	6.887838014814927e-02 
46634	7.775240101746861e-01	8.705678865642137e-01	8.663921062212401e-02	4.746534002361136e-01	2.061142261168520e-01	4.657513361730386e-01 
46635	4.122274999563710e-01	2.232709155526342e-01	9.011098294989718e-01	9.857242512450201e-02	4.007935665551543e-01	9.940400980385207e-01 
46636	9.508095769913911e-01	6.006715160797683e-01	6.017627760776145e-01	9.078705715517842e-01	1.715034438164455e-01	3.915518924554586e-01 
46637	9.866280518409927e-01	4.044794474749265e-01	2.111741370573519e-01	5.993208897296902e-01	3.617890562684224e-01	3.594873223265108e-01 
46638	3.965983760527327e-01	9.209874881994853e-01	8.527615763492703e-01	8.846944621227190e-02	9.756137695981254e-01	9.559236890431139e-01 
46639	1.573478263604212e-01	7.531377793071502e-01	8.264915751416663e-01	2.439870369825452e-01	2.277911790776025e-01	3.260580125851827e-02 
46640	7.097383736212450e-01	6.400186790339736e-01	2.558767168111525e-01	6.108482026545555e-01	7.385911041584756e-01	6.566702833663068e-01 
46641	6.048883002274149e-01	6.894006806842055e-01	2.573417994460751e-01	2.066510758393682e-01	5.972712517703284e-01	4.288452432625207e-01 
46642	5.982029682948268e-01	5.838993036113210e-01	8.333246912031084e-01	8.093771058178401e-01	1.832201928753500e-01	1.951137470058695e-01 
46643	1.688644276786896e-01	5.798185689280827e-01	1.161012347396935e-01	2.162600356229860e-02	6.682880151403546e-01	9.171500387215754e-02 
46644	9.775496926054125e-01	8.256358415007758e-01	8.448527831793077e-01	8.040412677470787e-01	6.962287848332099e-02	7.264396179124898e-02 
46645	8.366470690055969e-01	7.793612521045661e-01	7.126626408252226e-01	9.252378535108817e-02	3.902094542934603e-01	4.512537445180368e-01 
46646	7.491940691830563e-01	9.950977545208752e-01	1.406544247365810e-01	6.535868163470118e-03	2.017488303602435e-01	7.379256769725707e-01 
46647	4.353811114259907e-01	7.999517986550703e-01	3.218249801182305e-01	2.687058021634379e-01	6.093289040072490e-01	5.050451729935804e-01 
46648	4.638195491693073e-01	7.781933321515998e-01	8.486374192166317e-02	5.799207843746621e-01	7.998193357138984e-01	7.531517570620178e-01 
46649	6.716357882468197e-01	7.773690283193109e-01	5.787875985627936e-01	5.164885714261274e-01	5.814102956007283e-01	6.484104770461147e-01 
46650	5.891325332173764e-01	4.180573641406639e-01	4.277717286850194e-01	3.017951740425989e-01	5.105811494917522e-01	8.179811829784798e-01 
46651	7.530489185606357e-01	2.597752182091471e-01	8.130789370336937e-01	8.937033437628781e-01	2.663110863726172e-01	1.482776692827594e-02 
46652	6.316290202697874e-01	7.016921982642692e-01	8.147795660490075e-01	9.534540003880179e-01	9.703980004277071e-01	4.241084695905952e-01 
46653	4.584991729159370e-01	4.342175495970145e-01	2.023018012765338e-01	5.433629148376001e-01	1.413833350601528e-02	2.121136990432226e-03 
46654	2.965146718996179e-01	6.857741217528349e-01	7.794901653097431e-01	8.753022704624116e-01	2.022626927133010e-01	3.609004604448101e-01 
46655	5.237127470428649e-01	7.913952263963386e-01	7.789578245854740e-01	9.514844757278843e-01	9.319039997327626e-02	2.895389736115648e-01 
46656	7.694656582407028e-01	8.462393185339120e-01	5.493141922863732e-01	5.825445948087352e-01	7.399426618311287e-01	8.156252786589904e-01 
46657	5.973723622026724e-01	3.715716816352548e-01	5.173174764575984e-01	4.121519277860187e-01	3.250256815576114e-01	4.877154768853055e-01 
46658	8.362603973766138e-01	7.835248549392096e-01	9.219330264823199e-01	3.856219865314765e-02	3.268877693111485e-01	9.360713599883352e-01 
46659	4.068333564357987e-02	6.234024412107665e-01	6.218454812755089e-01	8.201735009533230e-01	4.987047112075168e-01	8.241081744544712e-01 
46660	1.810739609324718e-01	2.241745778472044e-02	6.155034003851485e-01	9.600317855179458e-01	9.739019335126048e-01	7.086938003584248e-01 
46661	2.495707586638493e-01	7.433675912876463e-01	5.549331184266755e-01	7.988849509502225e-01	3.259121860963815e-01	2.948757802578042e-01 
46662	6.145102296092130e-01	9.232845482990539e-01	6.664474618930590e-01	1.318277056011500e-01	3.354364756194113e-01	9.914731439163318e-01 
46663	6.195431824864555e-01	1.716968725303639e-01	7.749979983898801e-01	5.414762085031142e-01	2.102590711835116e-01	1.018857672353674e-01 
46664	4.775475680257881e-01	2.509424068270914e-01	7.252882089117952e-01	9.939304930129696e-02	7.111590731475312e-02	2.239929196536508e-01 
46665	9.235012237557682e-01	2.521898682472249e-01	2.464103779040325e-01	5.390046236752554e-01	2.122216532995094e-01	2.203123109509760e-01 
46666	2.476984235680189e-01	4.617924124290200e-01	9.636799027042835e-01	8.026315419946944e-01	2.606773629135812e-01	2.895920883350038e-01 
46667	9.750732178683734e-02	8.751875925227942e-01	2.128766361683964e-01	7.639547841455577e-01	7.015298123944224e-03	5.483131117878077e-01 
46668	7.554279275962281e-01	6.265584806103998e-01	7.200099843181716e-01	5.304259255204471e-01	1.680346891135139e-01	9.302690559673444e-01 
46669	6.323116927558144e-01	6.455822571393020e-01	1.812114623287746e-01	3.575999012019485e-01	7.449753064405989e-01	2.523273701091890e-01 
46670	5.815928213212606e-01	6.684765297307058e-01	5.045172383564139e-01	8.280031992252931e-01	2.074811529402999e-01	7.167388921215846e-01 
46671	4.831550971060782e-02	4.551795765083188e-01	1.785313040849433e-01	1.199541194923008e-02	2.578111185030132e-01	4.392086669985245e-01 
46672	3.015875002842338e-01	3.553184402898505e-01	3.143962595213187e-01	5.144641364526302e-01	1.192732239697469e-01	3.214115576452630e-01 
46673	6.277724777477665e-02	8.747011515659752e-01	9.479700382556627e-01	7.827872325586096e-01	4.051270766207609e-01	1.160047269035153e-01 
46674	7.130562880602928e-01	3.743876937657537e-02	7.615869845084785e-01	8.942677503890674e-01	3.950386705785239e-01	5.065622904834162e-01 
46675	1.465951200325951e-01	9.766314918997844e-01	1.750388202141220e-01	6.511123588546702e-01	8.046346906594163e-01	3.825199731544219e-01 
46676	3.678512505105935e-01	8.529502008356853e-01	8.376995501284020e-01	5.463825545955369e-01	8.649456127849154e-01	9.551066816575390e-02 
46677	9.855912215940613e-01	1.665331130691493e-01	4.508291084556045e-01	2.999874806497188e-01	6.809972495217794e-01	5.701023328910126e-01 
46678	6.213990382949817e-01	7.437744977622174e-01	4.448034839913265e-01	5.693690765506444e-01	5.265617298551657e-01	8.499305610777487e-01 
46679	6.853738034541597e-01	2.396180174497971e-01	8.873693304543241e-01	4.469607874969769e-01	1.338857673732032e-01	2.824080005671866e-01 
46680	9.535230784460544e-01	2.804808878714595e-01	2.590394924669711e-01	1.285618981945151e-01	9.315932467261298e-01	6.367418266072598e-02 
46681	5.110818713489370e-01	2.994444967710621e-01	9.166243834964113e-01	3.487814210116777e-01	8.458270513665989e-01	7.815699962813267e-01 
46682	4.442920891774316e-01	8.314182724949989e-01	9.481031093504760e-01	8.951211980986973e-01	1.314057531447177e-01	6.291003584065942e-01 
46683	4.652235305240487e-01	7.528047914396994e-01	3.728748557031503e-01	9.100270145153753e-01	3.221738675246825e-01	8.994365855583160e-01 
46684	7.599575751274626e-01	7.547670978842150e-03	1.390546025424519e-01	6.473269051161255e-01	4.545084584758191e-01	2.729403703813164e-01 
46685	9.297349061489734e-01	4.080315364562122e-01	5.534212582527759e-01	1.887743981502831e-01	5.365934346507273e-01	4.850145045132444e-01 
46686	2.524485808110091e-01	4.767530599966427e-02	7.844590012843065e-01	1.690729643074204e-01	3.964567270113419e-01	6.302860521852439e-01 
46687	9.506429605887472e-01	8.407488166544348e-01	4.617043242145816e-01	8.987460694735618e-01	7.358700142874709e-01	5.931100773592992e-01 
46688	5.278464274144947e-01	2.010935443458583e-01	3.459148687989986e-01	9.007212835833064e-01	1.111205583955723e-01	6.680887363236810e-01 
46689	8.001578686759611e-01	8.710781339886963e-01	6.756364073025232e-01	9.392124716840743e-01	5.184050386391603e-01	1.301448657783423e-01 
46690	2.121528415997293e-01	4.481399443224724e-01	5.381764022345544e-01	7.655740998525052e-01	6.369143424727555e-01	7.476983688528176e-02 
46691	2.505886039000883e-01	8.893629237494258e-01	1.224451428849460e-01	3.504760471873340e-02	5.843588759118500e-02	5.189018698962879e-01 
46692	6.653336569039774e-01	9.078847714270860e-03	3.596506860850615e-01	1.270379806528976e-01	9.078249171878328e-01	9.552069990687105e-02 
46693	7.201480584778581e-01	4.356713441366662e-01	2.966142442527294e-01	6.606292681119541e-02	3.363926272543113e-01	4.077348031139629e-01 
46694	7.341516631348765e-01	1.365504959302724e-01	2.788129366369978e-01	4.097880704373997e-01	7.576296714868534e-02	7.972179752761582e-01 
46695	5.399329362157420e-01	2.879158087484147e-01	2.453579195986306e-01	7.810933798463518e-02	5.348990813525855e-02	8.822722620713861e-01 
46696	1.528791748699170e-01	3.040785120353468e-01	7.716351853551507e-01	2.753243177548630e-01	3.391261167540802e-01	8.300710729463356e-01 
46697	7.942261881168122e-01	4.459773192396282e-03	8.391499206606066e-01	1.538768737362124e-01	1.314977538452939e-01	7.469748373827780e-01 
46698	2.493975741087448e-01	8.516458123231520e-01	1.826461815194442e-01	5.460118183614742e-01	9.177087391343474e-01	5.190388087737555e-01 
46699	9.537466214754370e-01	6.518604022692239e-01	6.555893047040279e-01	2.325595576467736e-01	6.164847224096231e-02	7.313522718527132e-01 
46700	2.977753292293173e-02	6.015814084567043e-01	1.926808013546657e-02	2.751354525215623e-01	6.796907464413395e-01	7.275798827072512e-02 
46701	1.574077141272871e-01	8.325699217769177e-01	3.768365003060720e-01	9.290428999480991e-01	1.078942390661194e-01	7.159626170601522e-01 
46702	7.591139724287735e-01	9.021204271829316e-01	7.204223902525485e-01	5.982638930893801e-01	5.599730091914409e-02	8.519201445635036e-01 
46703	3.452387300064967e-01	3.053948750278889e-01	7.035659564209944e-01	5.278849115259410e-01	8.514066933893629e-01	6.212746955553418e-01 
46704	4.692372029969642e-02	8.051533148648000e-01	2.731350973589043e-01	7.025130250037243e-01	3.771287204591225e-02	3.347835695998667e-01 
46705	4.338652968564375e-01	6.749040496884398e-02	9.363649780565709e-01	4.531333769919040e-01	3.426258574904063e-01	6.160557240322492e-01 
46706	5.258913657282904e-01	5.000335720833547e-01	4.486256453435056e-01	9.027278660343624e-01	4.290764715657925e-01	5.565198848752864e-01 
46707	6.186904830945146e-01	1.881904435289048e-01	4.586403115925567e-01	3.391128728814017e-01	7.864543366182849e-01	5.146376125117008e-01 
46708	1.910330169792441e-01	1.316930666247816e-01	8.200324875395897e-01	8.945989738658997e-01	6.595779781507226e-01	6.714391809289526e-01 
46709	5.158736689555802e-01	7.065016984504190e-01	4.765924953280913e-01	7.890087663144846e-01	4.090147234541432e-01	5.143053673740036e-01 
46710	1.237923354486899e-01	8.428800203105807e-01	5.817957728085088e-01	6.015731303959960e-02	2.960133968368235e-01	9.244216302989151e-01 
46711	6.762130370718488e-01	8.219047625651139e-01	4.244552019166086e-01	1.248386824153544e-01	7.246326285994764e-01	8.535316734824011e-01 
46712	6.813585672906407e-01	3.433231112283296e-01	4.172211701130593e-02	1.399988784175361e-01	6.824359841097314e-01	8.281764536295908e-01 
46713	6.546364913948981e-01	8.734690015546368e-01	9.598695202543724e-01	4.746689784688265e-01	7.680679749548752e-01	6.194474984050949e-01 
46714	1.461081589321178e-01	2.839416434447941e-01	3.259491963898526e-01	6.227006542602092e-01	7.295040929361732e-02	7.349639198439959e-01 
46715	1.370060216342127e-01	1.967427447423072e-01	5.778439396889153e-01	7.188017944427215e-01	2.569000577819068e-01	8.738573369914001e-01 
46716	6.432234242759755e-01	9.331130948537556e-01	6.957620990908528e-01	6.767862619258400e-02	5.795177680344869e-02	4.203947272246679e-01 
46717	9.212102996749851e-01	7.393103440940894e-01	7.637178384529976e-01	9.629324166862910e-01	8.793092229772868e-01	4.461538225627290e-01 
46718	7.911088703158818e-01	5.339457139065237e-01	3.196228236517044e-01	7.509783901045930e-01	8.614691909688848e-03	8.769079814091828e-02 
46719	3.704258880440267e-01	1.547228513074680e-01	3.716324415857123e-01	6.963750848995406e-01	7.774235055676771e-01	4.445828508793296e-01 
46720	4.313390042778752e-01	9.144295272018897e-01	6.413255956216369e-01	9.182943966790542e-03	6.332313211789501e-01	8.982256534035437e-01 
46721	8.830402809581906e-01	2.764547454549254e-01	8.313387477916380e-01	5.788023795833822e-01	3.441333716475095e-01	8.892905250607480e-01 
46722	9.991971072737114e-01	2.653436708568333e-01	6.286008686891761e-01	7.629149452610476e-01	2.282760875431244e-01	5.079100912008016e-01 
46723	2.090687673581153e-01	1.938495739334494e-02	4.185580464166394e-02	5.286915910098197e-01	7.703633474979379e-01	5.047049701701407e-02 
46724	6.163823891507380e-01	1.407892355419645e-01	2.051933483244820e-01	9.880148307364504e-01	8.371643204415051e-01	9.826168538921591e-01 
46725	4.325976811501187e-01	2.685033242537190e-01	8.970463810940489e-01	7.392327630609427e-02	2.776862682205095e-01	5.302777018073377e-01 
46726	9.721489297096380e-01	1.607265487130389e-01	8.067324472622631e-01	8.034876775012760e-01	7.395289287620824e-01	1.508658184441113e-01 
46727	6.927782020963626e-01	7.387260355701326e-01	4.162094897666059e-01	3.213790703198775e-01	5.016409803655190e-01	6.444855773097302e-01 
46728	8.292891619863404e-01	7.107097481892956e-01	6.638705347030752e-01	8.711449666280043e-01	2.394013387334539e-01	4.342338817353518e-01 
46729	9.216154636450183e-01	8.557837283498532e-01	5.750231172773164e-01	1.268088115038391e-01	8.437985586206422e-01	4.121874372531601e-01 
46730	1.094256653959982e-01	2.763962397707609e-01	6.806907619725404e-01	6.472046024385861e-03	3.503195160768551e-01	9.583770301930500e-01 
46731	5.367497478317236e-01	3.224684457864931e-01	1.191035789060889e-01	3.434821950939866e-01	1.259561228221078e-01	8.586325076681713e-01 
46732	4.943480135380980e-01	8.187343249184705e-01	5.973585427726426e-01	9.105575033047039e-01	1.401133947726867e-01	9.899952267250024e-02 
46733	5.550430801487728e-01	9.694025567590271e-01	8.097092708617958e-01	2.189136143861868e-01	8.405475233870314e-01	4.911060959524969e-02 
46734	6.531474965871998e-01	7.621629865663885e-01	9.048943379451029e-01	2.281706133988549e-01	8.889717985358889e-01	7.486928961000838e-01 
46735	6.403580511176763e-01	9.983974639318871e-01	2.508913540518337e-02	3.210488126245555e-01	4.869509490611735e-03	3.754086519476998e-01 
46736	2.794258423519441e-01	5.416192573223353e-01	6.978770977341929e-01	3.985294212580330e-01	8.851014524163220e-01	8.238332205563007e-01 
46737	2.571619284605430e-01	3.794494659544199e-01	6.425675450091100e-01	8.545204712331856e-01	2.900069687934625e-01	7.826809397817966e-01 
46738	9.535199943713472e-01	8.450500494078966e-01	7.520834965408237e-01	7.632292647674817e-01	6.396366332842207e-02	5.926310194621939e-01 
46739	8.123398743627313e-01	7.171111599156219e-01	3.547940055629211e-01	7.172342118421728e-01	9.452817737801381e-01	2.437658036331487e-01 
46740	4.659271079422567e-01	5.856398244321531e-01	2.421632670993746e-01	4.910162433474400e-01	9.066886370567087e-01	2.470327765899863e-01 
46741	8.664248952951398e-01	1.861144789429915e-01	7.886520343779828e-01	5.643019925636714e-01	5.846439006666857e-01	6.737534863286435e-01 
46742	3.881352126543108e-01	8.418058291272288e-01	5.320295181740213e-02	3.070275719775947e-02	6.963263003604143e-01	3.432099210765259e-01 
46743	8.133836974452173e-01	6.498462942661002e-01	1.882599700187612e-01	5.654671935203798e-01	4.130755585679205e-01	2.522236333471833e-01 
46744	1.580982125169124e-01	2.254154329306518e-01	9.693347937284665e-01	5.128922180798334e-01	9.426496447728246e-01	9.146165670429434e-01 
46745	7.566580221786434e-01	4.085767522494200e-01	5.002563910094352e-01	9.988212892780179e-01	8.995929960625214e-01	4.069450276004826e-01 
46746	2.458540658680043e-01	7.660178908919999e-01	5.930595065434741e-01	3.450609978032582e-02	3.303198834556713e-01	1.777034067444985e-01 
46747	7.082595861089693e-01	7.184550961099821e-01	1.950923587172722e-02	7.614625383920327e-01	7.491578537734029e-01	7.158355362321416e-01 
46748	1.046724590028974e-01	5.625415507529590e-01	3.656818300325805e-01	2.929324290216586e-01	1.280087438076775e-01	7.787573886005009e-01 
46749	5.451560623688418e-01	2.861069563245899e-01	4.172821065491448e-03	5.144908556316471e-01	7.989991744044233e-01	9.468224663039774e-01 
46750	4.291074222089292e-01	5.556571961174054e-01	3.553992180877362e-01	9.293638132183644e-01	5.544784853954233e-01	2.549922136845962e-01 
46751	3.363088403531857e-01	8.003325512634276e-01	2.101010457659611e-02	9.293683473623210e-01	8.348386510437534e-01	3.513299880322674e-01 
46752	1.070717536411582e-01	5.430982366870615e-01	6.978508367658830e-02	1.265809895128855e-01	3.045607746134329e-01	8.189429374499912e-01 
46753	8.424165257450270e-01	4.092332336163303e-01	3.814844877372889e-01	2.080983553119462e-01	7.021656626379889e-01	5.094932315449664e-01 
46754	9.868557443781084e-01	2.473217250068308e-01	7.956001878695563e-01	9.910285654435999e-01	7.618125806384779e-01	5.945993622739796e-01 
46755	9.378510312819159e-01	1.909200028474070e-01	1.502565579257238e-01	2.932502493696521e-01	1.202838156001101e-01	7.047350433211471e-01 
46756	5.482424630542484e-01	4.565926564189571e-01	5.050675941189134e-01	5.692525676308444e-01	3.859610033156169e-01	3.399062446970056e-01 
46757	9.205825556631119e-01	4.930327569567751e-01	8.830044818497284e-01	9.903676398053615e-01	6.196137469353218e-01	1.875652559975000e-01 
46758	8.093105767896914e-01	4.620302722146876e-01	5.967984900794916e-01	1.907950645269803e-01	6.701286279922950e-01	2.989641522518192e-01 
46759	7.002882960719468e-01	6.569843719047421e-01	5.462858772586500e-01	4.958884839415031e-01	6.480129368826807e-01	3.080984578971278e-01 
46760	9.048784574982144e-02	5.858639681645967e-01	4.990184607445348e-01	2.407444036755452e-01	8.791142175342488e-01	6.193022763446450e-01 
46761	9.454794474623536e-01	4.273566801228359e-01	7.589493229794080e-02	4.505470411156058e-01	9.966092482193416e-01	4.618559356135576e-01 
46762	7.904532862782726e-01	9.171918034167922e-01	9.548886930359940e-01	6.734577676623398e-01	9.075594427564924e-01	5.745024395056546e-01 
46763	8.610230236598397e-01	7.168700195461838e-01	3.653271125468086e-02	4.578215132736701e-01	9.076650840731640e-01	7.066613392469758e-01 
46764	7.567856659911506e-01	6.079533796794495e-01	3.636457106860567e-01	3.030715427841393e-01	1.038418631552914e-01	1.165864756873746e-02 
46765	6.111700006812671e-01	1.943297089051128e-01	5.975226157333341e-01	1.101884609601407e-01	4.350741130463193e-01	4.766368328019217e-01 
46766	7.294907377704469e-01	3.805535600430116e-01	9.039935129247576e-01	8.053856700683877e-01	8.311006011586174e-01	9.006027606784379e-01 
46767	2.672416056819454e-01	6.215538869712287e-01	8.177945640952301e-01	2.221302982522781e-01	2.950116541679071e-01	7.253540063860612e-01 
46768	7.966327377579328e-01	1.560346778277469e-01	4.422240254665837e-01	8.331654490126136e-01	6.138561911014170e-01	3.498891090740865e-01 
46769	5.398267882595895e-01	3.706418566269064e-01	9.578424892191973e-01	9.034724989456462e-01	6.737133998767070e-01	6.168435190882737e-02 
46770	9.151311465143837e-01	2.848834000923128e-01	2.560140612796015e-01	5.126537617820566e-01	3.950718615181147e-01	6.910881743259207e-01 
46771	9.892905945839782e-01	1.245625988229004e-01	7.164173390327103e-02	8.932841075087358e-01	9.299482688912881e-01	9.027423350618884e-01 
46772	7.938868677215124e-01	1.971898741075722e-01	5.242962220331171e-01	6.116814313510812e-01	4.193201723598504e-01	8.193078762010242e-01 
46773	3.370354377371424e-01	2.159529096521218e-01	9.753425540287711e-01	7.792594632037261e-01	4.911835866473539e-02	5.891987451301882e-01 
46774	1.291485722778125e-01	5.889451469243249e-01	9.598406017570945e-01	8.699106103134857e-02	4.924176454043098e-01	6.335540011681402e-01 
46775	1.486754129401759e-01	4.075487919186935e-01	9.184374017261143e-01	4.046894742197774e-01	9.202025537007500e-01	3.135092627785677e-01 
46776	9.577764808003682e-02	9.094931482847283e-01	4.380718616014681e-01	1.674193819833078e-01	8.027772553278028e-01	3.680201300270949e-01 
46777	7.016171704519621e-02	5.966641225836539e-01	5.652100046003284e-01	5.944579390783132e-01	2.083455539347350e-01	9.845301769601787e-01 
46778	4.137658148136762e-01	5.453809916718775e-01	2.004830866123005e-01	3.891083688424474e-01	3.246404544099423e-01	2.496014452770359e-01 
46779	9.783071139726355e-01	4.537890266877548e-01	8.385465922013607e-01	9.381477152640688e-01	5.407800877191034e-01	3.309642371400093e-01 
46780	5.717017164322090e-01	6.894555011249406e-01	7.385130290587028e-01	4.901391176926620e-01	9.414497487905667e-02	6.587155827594527e-01 
46781	8.036483804712298e-01	1.899226234247548e-01	5.682087305785197e-01	2.417202416070366e-01	3.573420054080626e-01	3.709859854406612e-01 
46782	6.097403716341314e-01	4.275037224532588e-01	9.676501080243151e-01	1.749503757687986e-01	2.196166106591078e-02	1.759956614933888e-01 
46783	1.594805527289773e-01	4.357274763452483e-01	7.213766531652662e-01	3.599636393412778e-01	8.248358451876956e-01	4.601710757520847e-02 
46784	6.095650846183137e-01	8.031429586946699e-01	4.998061342629633e-01	4.481116763540132e-01	7.412906734930773e-01	4.058622198206662e-02 
46785	7.790759134940225e-01	3.129923894596250e-01	7.300417231070072e-01	5.175889425527253e-01	8.031315071522871e-01	8.241866979860639e-01 
46786	1.763045248465168e-01	6.067798871578555e-01	1.410932094515735e-02	7.445132554250365e-01	8.485001287648920e-01	3.714513268188813e-01 
46787	1.154992404000364e-01	4.582405003990235e-01	7.989550492721400e-01	8.314934795869018e-02	6.331908761678221e-01	8.209167108037121e-01 
46788	2.591450099177403e-01	7.926714288967994e-01	2.566441866832991e-01	9.805216630830065e-01	1.526350677724160e-01	8.148003140533344e-02 
46789	2.653877019255365e-02	7.622001523907297e-01	8.846229901000033e-01	5.263449049211782e-01	2.103118282790817e-01	6.259136631274194e-01 
46790	5.669311269032448e-01	9.893877422387655e-01	9.389060530527057e-01	2.969728495445907e-01	5.069766843258294e-01	7.420375597393315e-01 
46791	1.211595470649933e-01	6.832812091723462e-01	3.488174468971870e-01	1.352688684758120e-01	4.277944641317215e-01	1.973175751964178e-01 
46792	5.067201952946933e-01	5.432937045317580e-01	6.555580755954413e-01	3.056752441011720e-01	6.264430524904482e-01	2.887489517632634e-01 
46793	1.265919544392228e-01	8.855880624081884e-01	8.142038019440155e-02	3.832361411225219e-01	8.661097254911948e-01	2.340554484324788e-01 
46794	4.647161725278554e-01	8.926484956837485e-01	9.962556008232085e-01	3.493391621621973e-01	4.189934001392654e-01	2.065674291022901e-01 
46795	9.752528257552781e-01	9.859245270425102e-01	1.959551708753943e-01	9.141588783423225e-01	2.828973761214397e-01	7.029318552012238e-01 
46796	6.561964376159927e-01	4.040569236520943e-01	3.862130639079088e-01	5.013884047518431e-03	5.393257921279062e-01	8.140075280396303e-01 
46797	2.023314597095975e-01	4.604598695693816e-02	3.573012321057270e-01	8.578895353050389e-01	3.517212310581102e-01	9.837442845961751e-01 
46798	1.466384866026409e-01	4.783131859629942e-01	8.693323470043635e-01	2.280588672627038e-01	8.615493270855161e-01	7.354420720298971e-01 
46799	4.621143156951826e-01	3.262654996133714e-01	6.280905672479843e-01	4.583699160527298e-01	6.756046617755688e-01	4.708396738724968e-02 
46800	6.649373451550199e-01	6.508574870651855e-01	3.300849396409863e-02	8.608925160304143e-01	5.650163649418467e-01	3.159058705511996e-01 
