55401	3.971731627637089e-01	5.005578841803069e-01	3.615073279036333e-01	6.479952892257637e-01	3.552219697084242e-01	4.454997041430255e-01 
55402	5.595934275979068e-01	4.182295489256793e-01	5.295786648073563e-01	3.736926853802542e-01	3.569706163357694e-01	4.699571441638337e-01 
55403	4.136182718061352e-01	5.694498302064979e-01	5.606470278853770e-01	6.138125975276439e-01	4.608701335697148e-01	5.960210425633412e-01 
55404	6.878689135999736e-01	5.918700287611717e-01	7.388703839859965e-01	7.321062250420237e-01	7.606335876956216e-01	6.542575646015578e-01 
55405	6.299063538216916e-01	6.912566696593050e-01	7.520461988251281e-01	7.307010607741866e-01	7.002188009793667e-01	6.916029465833475e-01 
55406	4.810526499659464e-01	4.863418828167042e-01	3.903918082967069e-01	4.570571340323466e-01	5.820603114034348e-01	6.313560165733639e-01 
55407	2.321256682296162e-01	5.864828348121354e-01	4.688542032157307e-01	5.293340892941502e-01	6.209557798929267e-01	3.510702336913656e-01 
55408	3.810420241607567e-01	6.921269573563054e-01	3.445669966558204e-01	6.399042073192676e-01	4.778223499430231e-01	4.600681802406324e-01 
55409	5.988396161026330e-01	3.086728464317868e-01	3.701668477497981e-01	5.163553642919418e-01	2.314253434942652e-01	6.182461032456172e-01 
55410	5.190659652410941e-01	5.920104001372648e-01	6.841671973003863e-01	5.002645489681334e-01	5.276400460839820e-01	5.981257715322661e-01 
55411	4.965735567015358e-01	5.254496106673991e-01	6.300788144201928e-01	5.418883824053469e-01	4.682595001229872e-01	6.540034826864889e-01 
55412	4.867420177510887e-01	5.464341548595372e-01	4.895542773932526e-01	5.900163279057897e-01	3.515249475183313e-01	6.651519232169021e-01 
55413	2.477792104935435e-01	4.452933959740860e-01	4.210924351731516e-01	4.365003825708945e-01	3.701823762083344e-01	4.734640604330102e-01 
55414	6.328594724277626e-01	7.501829405259117e-01	5.712168735382381e-01	7.502664825020273e-01	6.735450970452342e-01	5.963412185060263e-01 
55415	5.703730805731009e-01	5.720261607557863e-01	6.282986290211340e-01	5.921390280455918e-01	6.166864485776107e-01	7.067239252976230e-01 
55416	4.180204959056907e-01	6.259264167057024e-01	3.945386286218878e-01	7.520386835210850e-01	1.765895110386893e-01	6.234135238541050e-01 
55417	3.053623030509139e-01	2.871256911609887e-01	3.501282741219970e-01	4.149707757301019e-01	1.756729904482367e-01	4.995680604064281e-01 
55418	3.481152602930324e-01	4.752084467734691e-01	3.165947848452482e-01	4.815426918658546e-01	4.662446272746986e-01	3.904594403732411e-01 
55419	5.359742231348812e-01	4.273650661899689e-01	4.311032126847657e-01	4.663468084774045e-01	5.972955839558732e-01	4.061426420939656e-01 
55420	2.935891567333110e-01	7.262391803216263e-01	2.258021289912965e-01	4.601975990818954e-01	5.452693413142480e-01	5.960114679564228e-01 
55421	5.370008597040389e-01	6.572871048123554e-01	6.348400279555495e-01	6.444821805563263e-01	6.486815953532366e-01	5.218623232840863e-01 
55422	4.000622268986909e-01	3.418316719145569e-01	3.177924556789539e-01	3.614487303913064e-01	2.484066659590217e-01	4.146972720029838e-01 
55423	8.096420145013835e-01	4.872057031141240e-01	6.859936553537811e-01	5.564267332262988e-01	6.160195568312115e-01	6.204077409065836e-01 
55424	6.606237637580872e-01	5.781146089080992e-01	4.989025341632068e-01	6.761063551079072e-01	5.719799136634274e-01	6.701761878394131e-01 
55425	6.122543192081191e-01	6.496652820071407e-01	4.940515744985454e-01	5.845153246589150e-01	6.171929853241701e-01	4.967058309797491e-01 
55426	6.118551343260017e-01	8.533487845402818e-01	7.181767583258054e-01	6.837957327485751e-01	7.435614686413449e-01	8.065939042476278e-01 
55427	4.365395176223838e-01	2.197875373383612e-01	5.867241690980313e-01	3.282797891823370e-01	4.962547281118380e-01	5.513367723792328e-01 
55428	6.098707713850720e-01	6.778191365520675e-01	5.812475535324890e-01	7.311241157479331e-01	5.707318717313282e-01	6.522487709390832e-01 
55429	5.209105975508497e-01	5.355130203736451e-01	7.018797726145225e-01	5.003957580610197e-01	6.262537840862443e-01	6.996994812000634e-01 
55430	3.945229132641797e-01	3.732625291697508e-01	3.092011061217408e-01	3.863535329054658e-01	3.738281133055392e-01	3.630729575236909e-01 
55431	7.240717396105332e-01	6.908151122653131e-01	7.375404658065352e-01	8.258824885321734e-01	6.089625789831870e-01	8.430851350055315e-01 
55432	5.355394933542559e-01	4.225509063412474e-01	6.114483051748543e-01	6.612944384265282e-01	5.733089718614113e-01	5.727748760983074e-01 
55433	5.561196670800882e-01	4.673108467679585e-01	2.632047622663803e-01	5.135088006787976e-01	3.345510902463649e-01	3.424308820604248e-01 
55434	5.578856067550982e-01	8.147624123136974e-01	6.240047196903630e-01	5.658908163099137e-01	5.748408367500488e-01	5.962375112863413e-01 
55435	4.087797554627082e-01	7.489126823888895e-01	6.501486574981925e-01	5.495240155987708e-01	5.922635908332835e-01	6.674855499850287e-01 
55436	5.927732338040755e-01	4.406490759937938e-01	7.151300178854365e-01	3.730100004245353e-01	6.369858762588704e-01	5.668063318487622e-01 
55437	6.519029475256731e-01	5.215414258948463e-01	6.194233211600491e-01	5.830334064290349e-01	6.790714379250187e-01	5.652232240741376e-01 
55438	5.896957891135794e-01	4.474295870821099e-01	4.603351430248676e-01	4.897404150629575e-01	5.385415364409518e-01	4.529507253499622e-01 
55439	2.629543570478817e-01	3.269596105064152e-01	2.811143661060139e-01	2.984468117901297e-01	2.908796004511547e-01	3.435649716765848e-01 
55440	4.515149753246189e-01	3.494641992654153e-01	4.597694697074959e-01	3.488584981095053e-01	4.972238554247079e-01	5.137324303748885e-01 
55441	2.475861033441732e-01	6.184159869954475e-01	3.978226462753109e-01	4.724237722633237e-01	4.025656940336236e-01	4.123354161566756e-01 
55442	6.633579778331617e-01	5.130554165670141e-01	5.243577829471378e-01	5.220993531527358e-01	5.213362378635489e-01	4.073088631777855e-01 
55443	7.505460768794003e-01	6.052093839956652e-01	7.026684734049565e-01	5.309346510293170e-01	8.238983480426246e-01	4.285283452113238e-01 
55444	3.982224658174535e-01	4.771877066779234e-01	5.385664694481695e-01	3.296137231895208e-01	5.400750290652401e-01	3.804180627315047e-01 
55445	6.820374450334087e-01	6.797075028501632e-01	7.113950119569085e-01	7.511294229038377e-01	5.536811847960290e-01	7.313340234402889e-01 
55446	1.909648515314690e-01	2.551649208658290e-01	2.771598329608997e-01	1.955383940421765e-01	2.723346260284157e-01	1.738400157298553e-01 
55447	4.280983892634808e-01	6.897711152428847e-01	4.812213499746706e-01	5.472646058739316e-01	6.216894932516166e-01	5.610809216881483e-01 
55448	5.487110350735562e-01	4.703652550010849e-01	6.526569372813608e-01	4.279149145766414e-01	5.572286877831121e-01	6.807283511259310e-01 
55449	4.731682667594512e-01	4.598746697709811e-01	4.878805965485410e-01	3.532315953717206e-01	5.554104801551107e-01	3.997046706756287e-01 
55450	2.205124707958870e-01	6.993957065695482e-01	4.379504020097323e-01	4.145312628370055e-01	5.317622227573466e-01	6.440093610066380e-01 
55451	2.363389659221196e-01	4.209167797780609e-01	6.068599664352147e-01	4.069371601257940e-01	3.471556420243033e-01	4.767391857749214e-01 
55452	1.827765801860127e-01	5.082399361168661e-01	3.432873843387899e-01	4.999862360134035e-01	2.443692591165268e-01	4.922507319086420e-01 
55453	3.816626047618832e-01	3.518160725688824e-01	3.503313467085337e-01	3.086838034198635e-01	4.462269397408535e-01	2.990518553823805e-01 
55454	7.002957591376491e-01	7.249982871716399e-01	5.704764466593993e-01	7.037997088950922e-01	6.072502453959560e-01	6.877730352022970e-01 
55455	5.693320945971302e-01	8.064746379228790e-01	4.968254525405595e-01	5.155747317272480e-01	5.896966200507088e-01	6.476061045859992e-01 
55456	3.750823776654201e-01	5.044247870858820e-01	3.279088109432425e-01	4.152904766875541e-01	3.370136978030675e-01	5.141391150164937e-01 
55457	5.584029114781035e-01	7.263512845396269e-01	5.705135164576869e-01	5.935131339200814e-01	5.732558663737763e-01	6.154221665625315e-01 
55458	3.810900764383240e-01	3.958837087921911e-01	5.653569474737906e-01	3.514710257245210e-01	4.383622258298043e-01	4.429346679361346e-01 
55459	5.875579817776089e-01	5.843619634563808e-01	4.424142401493443e-01	8.421893926406405e-01	4.425105933778443e-01	5.359499297832835e-01 
55460	6.537940335459026e-01	3.241391064675371e-01	4.258850768957370e-01	6.450715376722302e-01	3.478332462826192e-01	3.842302656918609e-01 
55461	5.972600607659683e-01	5.599323350740628e-01	4.426597057337053e-01	8.200735945509249e-01	4.753093209036483e-01	5.199785913480059e-01 
55462	5.669004292773138e-01	5.979280834079945e-01	4.535240547456723e-01	6.388973824889095e-01	4.389720163625978e-01	7.181840648149866e-01 
55463	2.783379278349931e-01	4.158527744269448e-01	3.788224130987307e-01	3.301868544942235e-01	5.706141202747175e-01	6.151065234297822e-01 
55464	3.140961170414560e-01	1.755634644519568e-01	3.674488867467410e-01	3.452997677392056e-01	3.710485699555815e-01	2.469480131942824e-01 
55465	2.741897264748803e-01	6.142040361408567e-01	4.533692065450476e-01	5.712107352017375e-01	4.750114446013682e-01	5.396656686723476e-01 
55466	3.763965577185200e-01	3.883623723218452e-01	5.636236595671724e-01	2.325246433879012e-01	6.128960324716104e-01	5.751964548553843e-01 
55467	3.066943355570810e-01	2.616404132064607e-01	4.113696228738162e-01	2.174772253882163e-01	2.835830930316289e-01	2.039749427936543e-01 
55468	3.380708027000993e-01	3.970856117311356e-01	4.805588453049637e-01	4.111228449888034e-01	5.634246956443119e-01	4.256043769419555e-01 
55469	5.083853337010136e-01	3.180871293159422e-01	5.243563184954719e-01	4.620394966834455e-01	4.481881472258707e-01	3.176484973077562e-01 
55470	3.343376587051973e-01	2.618071837214020e-01	3.978391094851488e-01	3.151855709245977e-01	3.722923892324108e-01	4.366090894749397e-01 
55471	2.977034190064428e-01	6.331995102587609e-01	5.745641507733770e-01	3.944357685895131e-01	6.004231459057081e-01	4.890366755699209e-01 
55472	5.604099536852925e-01	1.676825499774032e-01	6.360692546248112e-01	3.675980920596947e-01	4.299011018937163e-01	4.306436563538499e-01 
55473	2.109766220208281e-01	4.238011426286881e-01	2.605876735512348e-01	3.221042778547899e-01	3.307670550525879e-01	2.526787675981831e-01 
55474	7.212281574886708e-01	5.091838693150323e-01	5.596903809524481e-01	6.007744307855709e-01	4.348205858788571e-01	7.865328926003164e-01 
55475	5.968814421645368e-01	5.160142969670178e-01	4.867254531155573e-01	6.510803300278565e-01	5.081660970041970e-01	5.427359472508106e-01 
55476	4.372498184592441e-01	3.075756622094267e-01	5.356893736297166e-01	4.672331375015669e-01	3.701515446564976e-01	4.527663648704326e-01 
55477	4.880715480810882e-01	8.025444119479703e-01	3.877442722743739e-01	6.858025204806699e-01	6.028807905229244e-01	5.357030752799131e-01 
55478	7.399570201706321e-01	7.912199448282664e-01	7.213314171272912e-01	7.794050573498652e-01	7.154248073599836e-01	8.663205727973390e-01 
55479	6.235982248435729e-01	4.918627185750118e-01	4.025595208698349e-01	3.302697174153075e-01	8.465026404367135e-01	5.090525475840442e-01 
55480	1.756258190859956e-01	3.421994124680412e-01	2.313216721071542e-01	3.011586496035007e-01	2.376946665521525e-01	2.674229381970802e-01 
55481	2.001814868581755e-01	3.314146893905430e-01	4.319862411656261e-01	1.654460357107563e-01	3.722850670643338e-01	3.141141811792267e-01 
55482	6.167508845407113e-01	4.445038735507528e-01	6.700133262630791e-01	6.303472588527046e-01	6.024506603285242e-01	7.207827807865423e-01 
55483	3.287243082331160e-01	6.511220921066552e-01	4.650041136321809e-01	5.462407337820463e-01	5.340221912391776e-01	5.972880872616131e-01 
55484	2.842594155975828e-01	4.442152566690494e-01	3.989119784318835e-01	5.103533145323080e-01	3.590068289852626e-01	3.016896282895329e-01 
55485	6.441705554809090e-01	5.975860849713163e-01	6.698940388434057e-01	4.848846615644997e-01	5.542408089672295e-01	5.667065600188588e-01 
55486	7.545945064194872e-01	7.117246890913114e-01	7.443045116709588e-01	7.180359259934871e-01	6.909528844499545e-01	7.555778574566184e-01 
55487	5.815199357510145e-01	4.147615933079082e-01	4.677424784364532e-01	6.584978744113472e-01	5.621877772239601e-01	2.270979053811225e-01 
55488	5.389121072759142e-01	5.740085910827104e-01	4.630994790667943e-01	5.776783369079832e-01	4.235057133159987e-01	5.796957177684376e-01 
55489	1.729467377517787e-01	3.849532359295370e-01	2.745208109762446e-01	3.577308276453303e-01	3.149076852163923e-01	3.813614878772728e-01 
55490	4.375517148945051e-01	4.489261237070769e-01	4.508910221622802e-01	5.272690316904332e-01	3.920448644727336e-01	5.501516519964118e-01 
55491	4.991069391757996e-01	3.789296755636087e-01	4.729267892668418e-01	4.372406204057456e-01	4.010158309227599e-01	6.209075896077856e-01 
55492	5.096025984626882e-01	2.893521004407961e-01	4.535319897055409e-01	4.984901378830703e-01	1.846144169367295e-01	3.613727036032711e-01 
55493	4.926146771036817e-01	2.894654462405989e-01	7.136338291926503e-01	3.373240381008372e-01	3.999675072242892e-01	4.577547927097854e-01 
55494	8.146594473883120e-01	6.235538263920264e-01	7.373902951255594e-01	6.211166310089942e-01	7.473992882946867e-01	7.743673053711126e-01 
55495	6.447970696435280e-01	2.097409124825442e-01	4.325037789727694e-01	6.862764882625492e-01	8.521174272730275e-02	5.121165945393067e-01 
55496	5.104744124542798e-01	2.666485062612465e-01	3.594134346646676e-01	3.318576496126719e-01	2.619277310570823e-01	2.449730110000940e-01 
55497	5.005810228571084e-01	5.491796358635558e-01	4.477431051296143e-01	8.008703529843120e-01	2.855316316950438e-01	5.335036596175375e-01 
55498	5.628939901027878e-01	3.091003345013628e-01	5.512001263772217e-01	5.715027861041884e-01	5.391523223224055e-01	4.324416903060301e-01 
55499	4.942964870715676e-01	6.841913718756412e-01	5.164727720504271e-01	2.436605190881926e-01	6.095073727429952e-01	5.726944731285474e-01 
55500	3.768461339499402e-01	2.120444419671758e-01	2.829443012363134e-01	2.565022315939601e-01	3.540121615653041e-01	1.047208672230265e-01 
55501	4.041733689922958e-01	4.543833774734867e-01	4.258706918901219e-01	4.938136524042139e-01	5.530445653081255e-01	3.402797977663853e-01 
55502	4.615996433940412e-01	5.836904259179991e-01	6.959432847957951e-01	4.831007156307674e-01	5.660171555898806e-01	4.741110250795170e-01 
55503	5.479699259915878e-01	5.207594870995622e-01	2.366435137543906e-01	4.387454081847988e-01	7.239174785271620e-01	2.584972513995241e-01 
55504	5.066794692945176e-01	7.227303959839904e-01	3.633434128074303e-01	5.748040718041687e-01	6.517843657320991e-01	4.678694800772973e-01 
55505	3.262448793329434e-01	5.528515983027813e-01	3.360629550055526e-01	2.404116678325496e-01	6.278712769810020e-01	2.580086580510074e-01 
55506	7.045223694177650e-01	4.222461993519688e-01	5.923688120262144e-01	4.735839963762816e-01	5.911320934079300e-01	6.059876754371911e-01 
55507	3.927283116583682e-01	5.805527059283910e-01	5.458569264461287e-01	4.768444186019775e-01	5.730992287565717e-01	5.710098455888980e-01 
55508	2.914258485432119e-01	3.574348210192813e-01	3.492615207333765e-01	3.039243601038142e-01	2.872065265278118e-01	6.137435412814437e-01 
55509	3.097270652360887e-01	6.285117614914495e-01	3.349481992148401e-01	4.204501619370356e-01	5.187865798412069e-01	4.036005139301718e-01 
55510	4.294614332553497e-01	4.300770128079223e-01	5.068276136810619e-01	4.547554070736100e-01	5.502627740297530e-01	4.694260966477399e-01 
55511	5.795573571974006e-01	6.859422705771869e-01	6.351558956834338e-01	5.517218323822130e-01	6.399472535701869e-01	4.984847677750237e-01 
55512	6.934180223783061e-01	7.729738264954480e-01	7.319210754615626e-01	7.682697466840500e-01	7.371369894533503e-01	7.235835244814081e-01 
55513	8.122150899847800e-01	6.248981194812079e-01	6.849138510624143e-01	8.095392136668814e-01	7.976754123704515e-01	7.007332491176750e-01 
55514	4.143842531869635e-01	6.917290848435886e-01	6.609509343757436e-01	5.903941071407020e-01	5.880162956147683e-01	7.516643391871520e-01 
55515	2.770639597796803e-01	3.423680929558733e-01	1.999954570718885e-01	3.631073618753052e-01	2.017181646465980e-01	4.046646731799928e-01 
55516	4.374772937212364e-01	3.931315711615388e-01	7.165177105293007e-01	4.978124896079220e-01	4.128908610127098e-01	6.047096086397072e-01 
55517	3.210658935961294e-01	5.126361349087833e-01	3.045491169194446e-01	4.480409057210115e-01	5.198772921310704e-01	3.779536177772430e-01 
55518	3.397971712760093e-01	4.370839938332658e-01	5.060335634118559e-01	2.565249695787219e-01	4.945962818133952e-01	3.772416026815403e-01 
55519	3.979496955193606e-01	4.995943564046869e-01	1.484611797178846e-01	4.961607999507255e-01	3.555199129382332e-01	3.313672795470475e-01 
55520	5.422888412761802e-01	3.967815650936863e-01	5.472797580534939e-01	3.993623982001958e-01	4.835908547701430e-01	4.005427392042982e-01 
55521	4.257055978331205e-01	3.076056230616798e-01	2.477880276396607e-01	2.668882654490440e-01	3.070404464926652e-01	1.916665087646472e-01 
55522	2.795471655227062e-01	4.362310025234608e-01	3.417521007268323e-01	3.507459863234960e-01	4.027144914340957e-01	5.234683903309996e-01 
55523	5.607852233203842e-01	4.453050379423918e-01	6.313925158483003e-01	2.738332811014145e-01	5.040906183351856e-01	4.735267398565882e-01 
55524	4.600329131228935e-01	2.350323914092090e-01	5.634653681193322e-01	5.254467850392412e-01	3.656746240899549e-01	4.988504872356727e-01 
55525	3.531989439785033e-01	4.340584305768581e-01	2.949672554117689e-01	5.286606997143304e-01	2.639088203868550e-01	3.334469411384665e-01 
55526	5.700298304567499e-01	4.886749337998356e-01	2.990128735719874e-01	6.185636116924664e-01	3.564011670005818e-01	3.797127051535474e-01 
55527	6.190706186333395e-01	6.858794510660177e-01	5.788568959202727e-01	1.683299159349256e-01	6.588715816730436e-01	3.536150849860841e-01 
55528	2.983197620740379e-01	3.483579275600573e-01	4.098223215320070e-01	3.635661178965126e-01	3.616560623902864e-01	3.677097115319227e-01 
55529	4.726143171432706e-01	2.541536830047198e-01	5.785611861891471e-01	3.460340573502370e-01	2.674737124240947e-01	4.801346040198103e-01 
55530	4.774384865316368e-01	3.573579440310231e-01	2.415119122833379e-01	5.610546014877567e-01	3.150053400541850e-01	4.390996474747335e-01 
55531	2.678736245003106e-01	4.127414916096053e-01	4.184081535274754e-01	2.392953858982768e-01	5.260051625597101e-01	4.732744993645920e-01 
55532	5.064400221269094e-01	5.568799322024771e-01	5.755590199875728e-01	5.355573766760607e-01	6.657066945305455e-01	4.561359132889201e-01 
55533	3.856747670617685e-01	5.992538083835668e-01	3.043335704420028e-01	7.462661330201752e-01	2.743893807774621e-01	5.197271445904544e-01 
55534	6.669563249154704e-01	5.932804451463004e-01	4.550923337267322e-01	4.519962494247702e-01	5.154776251439762e-01	5.461773995315142e-01 
55535	4.753637433542525e-01	5.275155825218623e-01	4.929946688716622e-01	3.287588427265686e-01	4.450724620243657e-01	4.052414625056655e-01 
55536	3.540656303097263e-01	6.145451686193258e-01	3.153718223263575e-01	4.213884744463786e-01	3.569571517949940e-01	5.555109569383796e-01 
55537	6.545270690044518e-01	7.039335065447784e-01	6.835162618804753e-01	6.863755101604117e-01	5.000963694199096e-01	8.524633268338164e-01 
55538	4.884291762620364e-01	3.918180519332095e-01	4.664630387223136e-01	6.511952038634458e-01	5.073554365699320e-01	4.726581980791585e-01 
55539	4.706827718670368e-01	4.894173874982201e-01	7.262457236116553e-01	4.105246119628084e-01	3.418291202082966e-01	5.424256534627010e-01 
55540	3.776069948678946e-01	3.006335623056394e-01	2.078038783221923e-01	4.095291961618350e-01	3.516826325577973e-01	1.599067730545591e-01 
55541	8.609153056516253e-02	2.757380596917605e-01	2.649550931823120e-01	3.190489808817207e-01	1.393147569631813e-01	3.491995470009970e-01 
55542	2.313063474723387e-01	3.674750306420337e-01	3.208299907346551e-01	1.603095307615744e-01	3.023134639339526e-01	2.119302219611343e-01 
55543	6.585985441903013e-01	4.562818975452367e-01	6.244433479144162e-01	5.894442537291557e-01	4.491504452866394e-01	5.498679137980637e-01 
55544	3.954960604951927e-01	5.178625626212356e-01	5.589982822674012e-01	6.622864415682760e-01	5.496445152602933e-01	7.545966868348792e-01 
55545	5.967892721715515e-01	6.063012767288469e-01	4.013334145832035e-01	6.408720194311799e-01	4.326983999260760e-01	4.358431317504696e-01 
55546	8.578882975703125e-01	8.607915369763165e-01	9.060582442896321e-01	8.482414329623145e-01	8.323323854057765e-01	9.111556571117899e-01 
55547	4.056025345674603e-01	2.178152574309281e-01	4.075670486174340e-01	2.265306644251736e-01	5.053416169148036e-01	2.364426897088431e-01 
55548	4.671524089241337e-01	4.405046905951264e-01	5.472809107730784e-01	6.537119856201308e-01	2.597951892523466e-01	6.308171486824228e-01 
55549	5.987545884143058e-01	6.618686093512992e-01	4.517068798588366e-01	5.554604881517393e-01	5.759157964170387e-01	6.646304419193565e-01 
55550	5.002990078712040e-01	3.426182469432525e-01	4.130027657750658e-01	5.994021659290085e-01	4.942638532078091e-01	4.594708527101501e-01 
55551	2.758890534562826e-01	5.698461699659201e-01	4.481631668312886e-01	4.374529615256255e-01	5.226916905925953e-01	5.006930620285277e-01 
55552	6.248132965941304e-01	5.179201542324602e-01	5.521894877572302e-01	6.411042514915652e-01	5.706616094168520e-01	6.940415882814672e-01 
55553	4.254264833801643e-01	6.053045008113020e-01	4.454092547279117e-01	3.221859850638805e-01	5.637778395371398e-01	6.442845527650694e-01 
55554	6.347260766388509e-01	6.770298098315735e-01	4.777421382752241e-01	5.708864570019888e-01	6.810024634551256e-01	4.288627972857301e-01 
55555	5.324550108776874e-01	3.668915898535389e-01	5.409028481693522e-01	4.920679353840497e-01	7.234045280261079e-01	5.151959796661144e-01 
55556	4.455411215414010e-01	4.376137573438252e-01	4.739088770343680e-01	5.190251205247347e-01	6.153938869205999e-01	5.079049828459266e-01 
55557	7.356565463592077e-01	4.026224648765689e-01	5.774464348308472e-01	4.599221204933326e-01	7.201307226193264e-01	4.145546695517413e-01 
55558	6.179258852089050e-01	6.540261890384376e-01	4.800775660601947e-01	6.132355064184485e-01	6.127411308815301e-01	6.103011471148670e-01 
55559	7.833042386872302e-01	8.810172271020338e-01	7.462575918289365e-01	7.458629534518196e-01	8.588613774786018e-01	8.292608015134039e-01 
55560	5.737063724013954e-01	4.929695514737674e-01	4.573309173407514e-01	4.594696455611141e-01	5.095023110530386e-01	3.777448230981628e-01 
55561	6.444959257120007e-01	6.045202216808812e-01	6.413883987080590e-01	5.347684625109264e-01	5.853086453504666e-01	5.453559402691812e-01 
55562	4.497573569972545e-01	6.231294552311322e-01	5.319568401156739e-01	6.373065612069768e-01	4.538083151279710e-01	6.608152647188232e-01 
55563	2.764478723971613e-01	7.140822199348846e-01	4.420413519256139e-01	4.871041906201972e-01	4.361456857575750e-01	3.914329326119735e-01 
55564	3.315860421470658e-01	4.140096603690953e-01	3.448058364831622e-01	3.047950230930999e-01	4.374761713361772e-01	2.416131295733634e-01 
55565	1.854734441853598e-01	3.940147869387247e-01	1.668895627256447e-01	3.717851757469255e-01	3.483922024660063e-01	3.175428546451531e-01 
55566	5.130923484204895e-01	4.111810971571250e-01	5.863812332981897e-01	3.257752985807669e-01	5.739476359083429e-01	3.806440292785886e-01 
55567	2.858707931776636e-01	2.101918372122186e-01	1.716486602678813e-01	2.350283123059646e-01	2.670800978131490e-01	1.862684836748484e-01 
55568	4.684772596934643e-01	3.422344400281699e-01	5.397981024815104e-01	3.581712800625522e-01	5.351290347410170e-01	5.734584896491763e-01 
55569	6.869505047937358e-01	7.382060873123679e-01	6.804955991952353e-01	6.155412697674465e-01	6.554263738795584e-01	6.576727810177326e-01 
55570	2.552530916013137e-01	3.641867239361731e-01	3.995445571240088e-01	3.638808542831027e-01	2.964837713000823e-01	5.082146605346033e-01 
55571	5.599138536937527e-01	7.883655843396593e-01	7.100197792812546e-01	5.653108435155585e-01	6.500042963658146e-01	7.807404841845065e-01 
55572	4.762230809908276e-01	7.769526355496477e-01	5.524121435068343e-01	6.237955037683502e-01	4.328823619497656e-01	6.772132870868667e-01 
55573	7.215260424951019e-01	7.670417920111140e-01	4.650218146009318e-01	7.105765600247345e-01	5.423305599659058e-01	6.587732545393236e-01 
55574	4.373413117972871e-01	4.058482053920537e-01	4.540947016361460e-01	3.662234532323295e-01	5.027590480525973e-01	4.923202209243931e-01 
55575	2.483541268211772e-01	2.723673061357254e-01	2.990877107580397e-01	2.698817591292569e-01	1.890044983725188e-01	2.198874506228053e-01 
55576	4.481736706217554e-01	6.552494537205441e-01	6.159114419246722e-01	4.962103504656951e-01	2.067395629189364e-01	6.376181022282201e-01 
55577	5.144328921546525e-01	6.224838974002258e-01	5.686476387093294e-01	6.073041173899748e-01	4.814747861596879e-01	5.461821785999467e-01 
55578	4.718620749276641e-01	6.854605251366894e-01	6.994479153498459e-01	5.229015198781690e-01	5.586686629889306e-01	7.213586218877268e-01 
55579	2.859271472322559e-01	3.713040189934574e-01	5.315182722735596e-01	3.512638998612075e-01	4.875349309676866e-01	4.981041600055587e-01 
55580	6.509997822858780e-01	5.075049686661830e-01	6.272086519246570e-01	4.594120918616852e-01	8.306621758018256e-01	3.386768206066045e-01 
55581	6.361292651780330e-01	7.269606369556515e-01	5.585446425411498e-01	7.764388991530062e-01	6.464465238085964e-01	7.460276075554129e-01 
55582	2.678943686903100e-01	5.073800816434357e-01	4.625927528958170e-01	4.333416329270897e-01	4.900741980636946e-01	4.172685089942675e-01 
55583	5.089465325985383e-01	5.465250910239517e-01	7.014947662979694e-01	5.664523625116757e-01	4.854125203282965e-01	5.401878008176408e-01 
55584	6.891579944258670e-01	3.271978595050929e-01	4.150709846368577e-01	5.495515541740625e-01	4.038083181861970e-01	2.402544938676490e-01 
55585	3.171371206308290e-01	5.375229133823713e-01	4.376148305433675e-01	3.533459870634325e-01	3.752390668245004e-01	4.009221171325087e-01 
55586	4.221802389707474e-01	4.755562017957402e-01	5.426441232895318e-01	3.526577402289679e-01	6.260013074756190e-01	5.760774313821211e-01 
55587	7.909528192302084e-01	7.771870274658432e-01	7.951783151809158e-01	7.485355439744998e-01	8.075979416206935e-01	7.692663248700979e-01 
55588	2.907030489084179e-01	5.312742910945398e-01	4.574921267994987e-01	5.357491307733030e-01	2.873673936263852e-01	4.633764903738556e-01 
55589	5.032833390716155e-01	3.639567087310118e-01	2.764948789011673e-01	5.886876345620596e-01	3.927750795362451e-01	3.074987642662649e-01 
55590	6.201160284663915e-01	6.541402066814584e-01	4.734261779501733e-01	5.443462175828445e-01	5.725903930266230e-01	4.867340350476054e-01 
55591	6.909968265951901e-01	6.174081537072553e-01	6.230923351676706e-01	6.087136938692694e-01	6.091345783141173e-01	6.810049365477179e-01 
55592	2.837611739642903e-01	4.464943711678106e-01	2.421833249092135e-01	4.196865997682316e-01	3.855383587819237e-01	2.508191664178052e-01 
55593	7.560568138461433e-01	7.252629009671913e-01	8.408488746074527e-01	7.562597815496173e-01	7.556086947925593e-01	7.161405002690446e-01 
55594	3.453892307909503e-01	5.291305838849389e-01	4.272453116677881e-01	3.370323070796017e-01	5.171094058587886e-01	2.287754772301202e-01 
55595	4.916569275163108e-01	3.017368711016826e-01	6.478224657113564e-01	3.952755783344821e-01	3.690195049876479e-01	3.133386885555710e-01 
55596	4.308507259774567e-01	4.184264653187534e-01	4.333455672873600e-01	4.655272493943243e-01	4.955983080187709e-01	2.997751835329212e-01 
55597	3.585127074276641e-01	4.197930646141665e-01	4.487724661382659e-01	2.334016237557217e-01	6.189024303137698e-01	4.744466203297870e-01 
55598	5.114561700002956e-01	5.269284581303133e-01	5.905978963150353e-01	5.211246056262069e-01	6.561861479220666e-01	4.439436743343151e-01 
55599	8.194663882923026e-01	6.976076672909384e-01	7.218652000963512e-01	7.619597205091042e-01	7.209258551347736e-01	7.807298402837690e-01 
55600	4.063021326251502e-01	4.240739546410198e-01	6.172467067558420e-01	9.356840788277809e-02	6.363359551998991e-01	4.510669147923338e-01 
