77601	4.859272426684613e-01	5.624088794637825e-01	6.918454035299545e-01	1.632484539954174e-01	4.416189052111197e-01	8.078019070143838e-01 
77602	5.117312556645415e-01	5.424140076205476e-01	7.442606964785308e-01	3.052758138779908e-01	8.223013539571680e-01	4.057505561455426e-01 
77603	8.648620397467718e-01	6.251643209264163e-01	7.228917945413786e-01	7.483738491432259e-01	7.179143645464223e-01	6.771985602179299e-01 
77604	5.858246500145046e-01	6.879118717266979e-01	6.905638689439102e-01	7.385015072323081e-01	7.097723867549108e-01	7.643842540019332e-01 
77605	4.972266401242891e-01	5.870964679984787e-01	5.849736382392312e-01	6.157969536862822e-01	4.585217237263568e-01	6.460440957141269e-01 
77606	4.952596687424847e-01	5.291664111858828e-01	6.585154570694229e-01	7.020518990284991e-01	3.470880419554283e-01	7.469557093035546e-01 
77607	5.827881149322610e-01	5.440192262394079e-01	5.921112206372984e-01	5.328855946566147e-01	6.676774151926481e-01	6.206482829371197e-01 
77608	6.543529845286303e-01	6.000044105894918e-01	8.038377082252001e-01	7.304242167402180e-01	6.208847175143435e-01	7.418922640476208e-01 
77609	5.374557382779687e-01	3.308553689282688e-01	6.944786960135452e-01	5.403112217019880e-01	6.143030686368425e-01	3.787300010075559e-01 
77610	3.806590990470603e-01	6.096575842422555e-01	3.977799112730916e-01	4.328491475293590e-01	5.520989325375949e-01	4.350596014727236e-01 
77611	7.674340153133881e-01	6.509587025934316e-01	5.856444813708624e-01	6.793771745440647e-01	6.891370594114588e-01	6.729875635999560e-01 
77612	5.543119673739024e-01	6.327013434112736e-01	6.948080963355540e-01	4.588223684707723e-01	5.042071326039577e-01	6.172306547474035e-01 
77613	4.164624372823193e-01	1.785692553516254e-01	3.793311987063006e-01	4.937529724970293e-01	1.980095033328476e-01	4.597905821213880e-01 
77614	5.382413080237543e-01	5.412601285778833e-01	8.171679717142570e-01	4.531036829218942e-01	4.041725869290738e-01	6.022813692747708e-01 
77615	6.133560027806644e-01	4.350968789035070e-01	3.738727709612398e-01	5.222845562938812e-01	4.164592981456667e-01	6.054422057746647e-01 
77616	7.840943650059560e-01	7.115927672312414e-01	6.692393488250816e-01	7.709233546884215e-01	8.227140015412133e-01	6.528714414978940e-01 
77617	4.656253879770538e-01	4.293712508787187e-01	6.483581114778683e-01	4.512005882980350e-01	6.030406254780019e-01	5.703143999593250e-01 
77618	5.991792077284911e-01	5.097207798646398e-01	6.191829220083961e-01	3.543038398645433e-01	6.013485452543664e-01	4.736840381216358e-01 
77619	6.971254383536294e-01	5.198583716815874e-01	5.240648636721947e-01	5.547093685124371e-01	7.286767840763840e-01	4.159555181523369e-01 
77620	3.576539690510508e-01	3.871596484049962e-01	5.963840472292393e-01	5.295868081826998e-01	3.277203874595351e-01	5.959147322888229e-01 
77621	6.296671145775032e-01	5.437826117482731e-01	7.698062022265793e-01	5.601719940773606e-01	6.354854321395496e-01	6.093769450171249e-01 
77622	3.619831414533218e-01	1.182901335791970e-01	3.680460987020173e-01	2.935537286232071e-01	2.205040065623983e-01	2.800798666788906e-01 
77623	4.122931749197346e-01	2.140609811582974e-01	4.583112115332930e-01	2.708058332236805e-01	3.303669047767149e-01	1.960722580111791e-01 
77624	5.393421242448999e-01	5.414664269287768e-01	4.739704586423637e-01	6.965773385548470e-01	6.630441437992902e-01	5.619606100105465e-01 
77625	2.730115541266542e-01	4.999981910355911e-01	3.168654075232094e-01	4.269143183144243e-01	2.912899817762978e-01	3.435136051988069e-01 
77626	5.829678536232306e-01	3.573184119621752e-01	6.219468376731765e-01	5.092338281506805e-01	5.330656664528606e-01	3.115385502223863e-01 
77627	6.280142170419160e-01	5.416028477881280e-01	6.060254834618126e-01	6.317969852317884e-01	5.086353397342861e-01	5.121980056926574e-01 
77628	3.101039402242888e-01	2.865298772795717e-01	4.372984813756989e-01	2.561883867089325e-01	2.974551899363972e-01	4.509732576038533e-01 
77629	5.360479395148127e-01	2.856949612844833e-01	3.467032316113298e-01	3.085829491016365e-01	3.216206362391069e-01	2.426085186611755e-01 
77630	3.865764752720608e-01	5.296196238603617e-01	6.103409151508088e-01	3.935759795548250e-01	4.559503902866879e-01	6.993153817280887e-01 
77631	4.415196188762491e-01	3.130522516356301e-01	4.431387729760013e-01	4.373949563750963e-01	2.889263328903268e-01	3.776746604052145e-01 
77632	5.723754246988398e-01	6.659648434837866e-01	7.297350426428511e-01	7.427219297908145e-01	6.369051833878222e-01	6.675927625487076e-01 
77633	2.753382486614917e-01	2.964588223236560e-01	4.488244328609652e-01	2.423537949645120e-01	2.409718498658618e-01	2.290971034644469e-01 
77634	7.664441938904525e-01	5.714240433928490e-01	5.704151987967374e-01	4.123121232249352e-01	6.933101310662815e-01	5.745200351355610e-01 
77635	3.185119108058116e-01	4.190782391615638e-01	6.387330878807056e-01	2.995158803841348e-01	6.945001158473590e-01	5.770293220638470e-01 
77636	6.804926450302481e-01	4.479121887463451e-01	7.519095233658544e-01	4.583983905685052e-01	7.636721594952358e-01	5.986730226659073e-01 
77637	4.298314783611670e-01	4.767973162031550e-01	3.664139488788547e-01	4.424834106132855e-01	4.428860258592522e-01	5.296385691850536e-01 
77638	5.588583649290375e-01	5.075853224166812e-01	6.306511020325489e-01	4.977574529744595e-01	6.214864285579386e-01	3.851468554654980e-01 
77639	5.972033706862001e-01	6.294414488209853e-01	6.906202778297925e-01	5.212062698300870e-01	5.090177967038340e-01	6.254581881235355e-01 
77640	3.811222780903701e-01	4.775066370607240e-01	3.336260214431375e-01	5.689671097489011e-01	4.546723714997673e-01	4.544315057146454e-01 
77641	2.681910363146394e-01	3.121423287273394e-01	5.034790513188607e-01	2.219068168291187e-01	3.251725417821498e-01	4.653188566146012e-01 
77642	4.678989468224899e-01	7.157666242005640e-01	3.526435216710945e-01	4.128543725048939e-01	4.651900462410820e-01	4.642571613982145e-01 
77643	7.435188574781935e-01	7.150782748142333e-01	6.806732534240588e-01	7.832310856197228e-01	6.629249407212118e-01	8.647760685764179e-01 
77644	4.068494101466013e-01	4.990280826151669e-01	5.349972760896471e-01	6.239545259351879e-01	4.026181558246630e-01	6.705338278091513e-01 
77645	5.534478783155625e-01	5.231950006800927e-01	5.205981427494881e-01	5.631165715215740e-01	6.219941084708769e-01	6.417664456915400e-01 
77646	3.145362997671464e-01	3.669197544957407e-01	3.154104758881567e-01	2.857454151730031e-01	3.562584325720418e-01	5.378133246923108e-01 
77647	2.922525069768159e-01	3.065338143767205e-01	4.185409402792766e-01	3.857062601862292e-01	3.001525364635398e-01	4.401264011300600e-01 
77648	6.743428619015855e-01	3.790942845930230e-01	6.919585817528411e-01	6.112050021614994e-01	6.614113813659054e-01	5.742858550929698e-01 
77649	6.763030665543917e-01	6.913830502293552e-01	7.001971008358778e-01	7.371083132981823e-01	7.712996475913363e-01	7.805507974800692e-01 
77650	7.002395830160156e-01	4.817445353554521e-01	4.492820021381018e-01	6.476202009367469e-01	6.089118678830445e-01	4.853974976876676e-01 
77651	5.580516744514661e-01	2.764314301579658e-01	4.676436441788724e-01	6.602572206687269e-01	3.092860577661886e-01	3.088352109617207e-01 
77652	3.474365395148238e-01	2.726318703608030e-01	3.687372358599084e-01	2.689223734594327e-01	4.192069196083815e-01	2.672704053596274e-01 
77653	3.925441195353824e-01	5.556905476261407e-01	5.344847095545904e-01	4.429066578442690e-01	6.886185530362476e-01	6.040261236401299e-01 
77654	6.861331879926348e-01	6.810231073646555e-01	7.876574057623227e-01	6.397945848692297e-01	7.293006852508886e-01	6.746847896933408e-01 
77655	5.292100582371460e-01	8.950887063777222e-01	6.138449429720042e-01	7.112843574427072e-01	7.310196634394017e-01	7.760102910225175e-01 
77656	7.739145170134081e-01	4.977937798835983e-01	4.137429579792385e-01	5.717544083713468e-01	5.731229701337722e-01	2.606380821384028e-01 
77657	6.379981896091915e-01	5.768933154858904e-01	6.353395434225445e-01	6.726454567696367e-01	4.830125057210203e-01	7.075975047751826e-01 
77658	6.712869421727308e-01	5.519786197030003e-01	6.773061591379692e-01	7.329937686666708e-01	6.106405877884682e-01	5.671224080514046e-01 
77659	5.508993802657881e-01	6.555949789164999e-01	4.949488653444128e-01	5.990980369460207e-01	7.033938112951721e-01	4.948269492369241e-01 
77660	4.041020200350944e-01	7.135018317642605e-01	6.779133339307142e-01	3.455556707258990e-01	7.185777270182887e-01	5.389423241810725e-01 
77661	6.312867676468698e-01	4.526194479224219e-01	4.951375366852562e-01	6.269323694303677e-01	6.619254860439383e-01	6.578964124690613e-01 
77662	5.320310131733154e-01	4.884911498533991e-01	4.146750830129294e-01	5.507581447085041e-01	2.965220430940116e-01	6.503699621315153e-01 
77663	2.927110004398331e-01	3.792225526444781e-01	3.722032098719123e-01	4.661225442570620e-01	2.371371044928330e-01	4.072222967827009e-01 
77664	6.397642587562581e-01	5.013520462446744e-01	6.958335848704214e-01	4.475739793327113e-01	6.770696901184290e-01	6.531052021065378e-01 
77665	5.599547169907646e-01	8.166322751185395e-01	6.414488221891377e-01	5.281039114284432e-01	5.221673898672328e-01	6.839627208988446e-01 
77666	7.189044770631627e-01	5.937097430943600e-01	5.682272985046014e-01	6.894491711916486e-01	6.444175226462681e-01	4.847494639755743e-01 
77667	5.012794153722364e-01	3.093403726975144e-01	5.064124467753511e-01	3.347628337445269e-01	5.010071491588768e-01	2.904551804299496e-01 
77668	2.891781791017589e-01	6.003183184661851e-01	4.981566602240503e-01	3.585601800090404e-01	6.170434018903996e-01	3.575200118160013e-01 
77669	6.707698894622864e-01	3.691400713575224e-01	6.481289001722612e-01	2.066627853689501e-01	6.571482381403800e-01	3.570074787323422e-01 
77670	4.770848515121147e-01	6.403593546833433e-01	5.699422404041226e-01	5.471381470444689e-01	6.249167523005894e-01	4.992235780355716e-01 
77671	5.772475297244453e-01	5.418724558619383e-01	6.350296055971666e-01	5.931534766289908e-01	5.169790009494201e-01	4.546569331516584e-01 
77672	5.965525400890007e-01	7.983892446402685e-01	4.212043428156170e-01	7.582902586618593e-01	5.201691528144323e-01	7.043958239912970e-01 
77673	7.849258634819583e-01	5.089953000500231e-01	5.751580542514486e-01	5.520728359309113e-01	5.859061161165918e-01	6.179943496027580e-01 
77674	4.470657660622410e-01	5.562361265065979e-01	9.153857808784368e-01	4.491881295720357e-01	5.390101516674682e-01	7.471877533771772e-01 
77675	6.613139279757801e-01	4.855369042029051e-01	4.371125603539139e-01	3.983487029467688e-01	7.622818964787968e-01	7.413518507477224e-02 
77676	2.137471502599836e-01	2.983707807693821e-01	2.611889359324428e-01	2.707333138446279e-01	3.184705814092955e-01	3.547469976520898e-01 
77677	2.672062397792664e-01	4.107120364171278e-01	2.274583947441985e-01	3.263187718987853e-01	2.946448714501486e-01	2.720094446923634e-01 
77678	5.588236891507803e-01	4.948471428360516e-01	5.174929570521984e-01	5.336750624936826e-01	3.017382820324291e-01	6.896967166636230e-01 
77679	4.804408996629690e-01	3.494784377113058e-01	4.288212113784321e-01	5.950312876381427e-01	3.716444345427291e-01	4.566642809003047e-01 
77680	4.018077162644886e-01	5.932914041056603e-01	4.410291977026184e-01	4.038770435589651e-01	4.047875698510565e-01	3.495574333188483e-01 
77681	5.131913953703969e-01	5.851732871995713e-01	5.826494673876879e-01	5.190215769488484e-01	7.435204993137583e-01	5.010427095312607e-01 
77682	4.762755597270864e-01	4.914786426692915e-01	5.812901261906800e-01	5.474296700606295e-01	3.656034541467663e-01	5.924216322921766e-01 
77683	4.151005406844138e-01	6.473441113124460e-01	3.508588286624273e-01	6.367888101373853e-01	4.773109738519076e-01	5.836123960913973e-01 
77684	5.686472592348033e-01	4.621776242061321e-01	3.626295117337298e-01	3.562328812292744e-01	5.131071539762566e-01	2.364000275136198e-01 
77685	6.467995614961576e-01	7.486013313579238e-01	6.715507524141061e-01	6.527954736570181e-01	7.768428971376464e-01	5.892756967017581e-01 
77686	7.040337609483716e-01	3.524085315768753e-01	3.509596791126600e-01	5.957555632268408e-01	5.130746662203828e-01	2.364438461844395e-01 
77687	4.806072940579274e-01	4.514633325112679e-01	3.813870978999132e-01	5.040097391567260e-01	5.002998131271753e-01	4.716944690294951e-01 
77688	4.735499531067649e-01	6.761296785120302e-01	4.594555365364097e-01	5.398308203971224e-01	5.771085904034650e-01	6.242255595579052e-01 
77689	6.080910541372323e-01	2.579222559936590e-01	4.968503112747074e-01	2.793395804468904e-01	5.269146552907671e-01	3.298878030381457e-01 
77690	4.768305059163930e-01	5.676047954907344e-01	5.838785682090356e-01	4.593824981522759e-01	5.548436192240533e-01	7.116197385367236e-01 
77691	6.698717360007918e-01	7.247897998242420e-01	6.064237673777908e-01	7.030447877813404e-01	7.324844916567896e-01	6.568580490507553e-01 
77692	5.526287115774612e-01	7.960430985781677e-01	6.707501611893194e-01	6.677518250694239e-01	5.876435739931452e-01	6.901661487428853e-01 
77693	3.773531030319440e-01	2.129242572072158e-01	3.735997810746544e-01	5.130337178410562e-01	3.288695304442902e-01	2.930034718269096e-01 
77694	6.620480066834525e-01	3.926035524061471e-01	5.659241729895628e-01	4.734868902576328e-01	5.619921312318736e-01	4.139612133561770e-01 
77695	5.689764245807987e-01	5.054593644324448e-01	3.442386851182945e-01	3.629450928006069e-01	4.210207393146028e-01	4.885006782601301e-01 
77696	7.118459974753736e-01	6.645572861616476e-01	6.351617634591642e-01	5.954332716171141e-01	6.349124030284893e-01	7.137340347931139e-01 
77697	6.297908733095654e-01	4.466715080741222e-01	4.854653007383047e-01	3.130194692976532e-01	5.686315498428101e-01	2.851404050209181e-01 
77698	5.626107190981982e-01	7.248307859382048e-01	6.931111883987334e-01	5.592238914055578e-01	7.170150386458720e-01	7.730350059685547e-01 
77699	5.644749468205057e-01	6.897618075071826e-01	5.117432274153524e-01	6.566579189133392e-01	6.636873991117790e-01	6.356838215427419e-01 
77700	5.041531916243599e-01	4.608893565451364e-01	4.008029105615468e-01	5.729310733734752e-01	4.656895240361471e-01	5.534654004614815e-01 
77701	5.277940961457226e-01	5.484475125511543e-01	3.356153291276619e-01	5.534857529913402e-01	4.661346336673998e-01	4.935272085081660e-01 
77702	4.534958258787870e-01	3.809152489929615e-01	4.110697921936088e-01	5.121524208817254e-01	2.620992866489243e-01	5.105872341675938e-01 
77703	3.447946961147180e-01	2.562654532438629e-01	5.421777425796688e-01	4.382604781722841e-01	4.076203878996008e-01	5.287905958299883e-01 
77704	6.371526909011802e-01	3.773404555291732e-01	5.554217513590589e-01	4.920653652221232e-01	6.160722630517487e-01	5.327150309480591e-01 
77705	2.506659309094199e-01	4.354828315875719e-01	2.464844464653830e-01	4.467189264886082e-01	2.357746364871505e-01	3.211666307189160e-01 
77706	5.102111664997889e-01	5.383545538312823e-01	4.997834754400336e-01	5.152439691570525e-01	4.163143913677745e-01	6.615717292038382e-01 
77707	1.695082362662379e-01	6.023760563120230e-01	4.689601732119074e-01	5.137894209651026e-01	4.531360942280087e-01	6.234040884879937e-01 
77708	6.124479068599671e-01	6.250457074990735e-01	6.588104387043922e-01	6.337799075981021e-01	5.791449518412465e-01	6.886197842235222e-01 
77709	3.141843495744886e-01	3.934831121416443e-01	3.055694734109874e-01	2.523457243442381e-01	4.335119582861958e-01	1.928104254662741e-01 
77710	4.449700191331323e-01	4.955545316951714e-01	4.634439591708688e-01	5.421676936110719e-01	3.955264802480470e-01	5.909983330476968e-01 
77711	4.944553079416991e-01	4.755777627459157e-01	4.599187261128313e-01	5.082672207793586e-01	4.134656886987277e-01	4.155875368893341e-01 
77712	6.162973506509837e-01	4.753188792852862e-01	3.411603639617355e-01	6.088278995754174e-01	5.742410407838904e-01	2.313997393175221e-01 
77713	6.295973065227700e-01	5.201064063113316e-01	1.914792000836180e-01	8.598357075914486e-01	5.800313619680425e-01	2.861033829053201e-01 
77714	4.959202625670843e-01	6.975638152897153e-01	5.452879535708113e-01	6.767418668698874e-01	6.607558341990719e-01	4.709146289031328e-01 
77715	4.620605517118910e-01	7.705217691399570e-01	5.198403670174403e-01	5.586559552110660e-01	3.786998815257370e-01	6.192951951995154e-01 
77716	6.011664224615629e-01	4.846360407444537e-01	3.205269767725618e-01	5.422951252280583e-01	5.695898419402048e-01	3.833884053843773e-01 
77717	4.897837668599522e-01	5.135118502916222e-01	3.953768106289722e-01	4.661520049248332e-01	2.865510539255676e-01	5.252389588526509e-01 
77718	4.575107387363107e-01	5.077847137459488e-01	4.806637301323902e-01	4.886170130891107e-01	5.132356610665570e-01	6.448546179094778e-01 
77719	5.932202777770116e-01	5.813501172341657e-01	5.281526003996627e-01	5.003549633789086e-01	6.021681254113294e-01	4.803441110289391e-01 
77720	5.225686711518244e-01	5.243015107948550e-01	6.096752813600834e-01	4.869847695882499e-01	5.546994584789999e-01	7.184817174649484e-01 
77721	6.196746420965455e-01	6.339883177274557e-01	5.259996932833784e-01	6.991390251091418e-01	5.791538912332405e-01	4.838830059570945e-01 
77722	4.666682266165635e-01	5.622446868666948e-01	5.074698629416206e-01	3.822132667858129e-01	6.569695279374979e-01	6.138375964001219e-01 
77723	3.624595849353148e-01	3.413822587006655e-01	2.693886835726952e-01	4.585417032345473e-01	1.530129901464742e-01	3.600557838270411e-01 
77724	5.224816049152271e-01	5.201204139574759e-01	6.083555605540809e-01	5.905337818721178e-01	4.799123790043736e-01	5.541466271356812e-01 
77725	6.015431028982496e-01	4.931746353797827e-01	7.052674386968054e-01	5.284912001257104e-01	6.416307003912778e-01	5.517943141977937e-01 
77726	5.419968959483472e-01	4.092945135429125e-01	4.497783885156981e-01	5.294852320515218e-01	6.339161529198452e-01	3.948945308784941e-01 
77727	5.009856503383596e-01	5.262868762968045e-01	7.269644252263568e-01	6.300402006895643e-01	4.876571770113066e-01	8.737919781732592e-01 
77728	7.454597910953429e-01	4.829649553588551e-01	6.587315107877709e-01	5.585075478940191e-01	6.460743985945583e-01	5.700244751076777e-01 
77729	6.362000246142108e-01	5.877133014834853e-01	5.063234472985674e-01	6.954724174045830e-01	6.429487574310884e-01	6.126448398213796e-01 
77730	3.085687281433560e-01	4.209789519479174e-01	4.780380837002631e-01	2.529882849430742e-01	3.685239375673900e-01	3.390837623714039e-01 
77731	3.137758257228827e-01	3.771516450803361e-01	6.689929036106108e-01	6.078104095420195e-01	4.309719785240591e-01	6.442339858994387e-01 
77732	5.375120092948599e-01	5.401528661949975e-01	6.670840687264729e-01	5.802866508622939e-01	4.985263103876171e-01	7.275788208687057e-01 
77733	6.270454304539387e-01	5.710300538872560e-01	6.963757983430257e-01	6.917112261721876e-01	6.201174022543324e-01	6.886324118234699e-01 
77734	5.468828972083939e-01	3.584640714245176e-01	5.226021404489755e-01	3.375434315794711e-01	5.891057603449694e-01	3.411147835087231e-01 
77735	4.056055123385578e-01	4.851124426732620e-01	2.856493916530139e-01	4.287674110555590e-01	4.008236006467341e-01	4.819593156341412e-01 
77736	5.526516930435932e-01	6.688107571554547e-01	5.800247820051092e-01	5.145484749976326e-01	6.408017870019436e-01	3.784482114666484e-01 
77737	6.568317306447373e-01	6.009587572261450e-01	4.165472243862007e-01	6.778689522675545e-01	6.263472732236917e-01	4.511151869916922e-01 
77738	4.578827799777886e-01	5.914562818049172e-01	6.013573066846990e-01	4.110232285299579e-01	6.247597412306307e-01	5.363288948723729e-01 
77739	4.891515838413857e-01	8.052920209470595e-01	6.135085763696653e-01	6.925343897658029e-01	5.482603483443187e-01	6.797087262429067e-01 
77740	5.716013827784275e-01	6.496237654735578e-01	1.928964998908880e-01	5.497624830243604e-01	3.232431683833448e-01	7.123107008264280e-01 
77741	4.590623739299032e-01	5.166612963312218e-01	2.334332789214416e-01	6.620507970774157e-01	3.580725644077259e-01	5.558985238046924e-01 
77742	4.971991648486276e-01	6.075307243773330e-01	6.048574489405587e-01	5.746664705512414e-01	5.491545400883793e-01	5.550577478579245e-01 
77743	3.419042476806167e-01	4.672647535428522e-01	4.209932904029840e-01	4.480716056751762e-01	3.784860509230084e-01	5.828555027543378e-01 
77744	6.158826942974751e-01	4.732261117223935e-01	5.079588841192844e-01	3.399064273408261e-01	5.661139622609075e-01	3.974030316589479e-01 
77745	2.562574694779400e-01	5.163285343847819e-01	4.408779685924871e-01	4.317430025903937e-01	6.137303680097084e-01	6.130143170264110e-01 
77746	4.189320245127587e-01	6.608281977992356e-01	3.059520695556735e-01	5.329338373655483e-01	6.570071164619518e-01	3.887369650955739e-01 
77747	3.897823682183006e-01	2.536291128865431e-01	4.649966915180593e-01	3.351778330244172e-01	3.845794002942141e-01	3.819265757274650e-01 
77748	3.161073575128999e-01	3.126307225012477e-01	1.919713489475262e-01	2.538120372287147e-01	3.433095400046435e-01	2.263887977288117e-01 
77749	5.114753991038928e-01	3.562538532950065e-01	5.499952442647031e-01	3.352285225594442e-01	4.593711959201592e-01	4.337449495455254e-01 
77750	2.900559840492348e-01	2.822105550153837e-01	6.255076974065676e-01	1.731235718483026e-01	3.349057418187042e-01	4.186828022368105e-01 
77751	3.016081655038382e-01	3.758158658655775e-01	3.588887860393772e-01	2.952260037082380e-01	3.022110425467378e-01	3.827746086178122e-01 
77752	5.146912718501520e-01	4.471992538289875e-01	1.851805372868237e-01	4.983737032094531e-01	4.095187328715173e-01	2.606570668869965e-01 
77753	3.786227548886235e-01	5.992782077858119e-01	5.066650552605888e-01	6.262201215533560e-01	2.567568608569873e-01	5.480844754432757e-01 
77754	6.060262817391000e-01	4.915607472334590e-01	4.283165466558249e-01	5.386303486609861e-01	4.615323730503039e-01	5.032747223640259e-01 
77755	5.463440363203105e-01	4.888369783581838e-01	4.353822940921603e-01	5.904061934913643e-01	3.977880334128407e-01	6.589780668072391e-01 
77756	7.021994537854459e-01	5.929119100993265e-01	6.685674890163709e-01	8.252207773071737e-01	6.349647010836705e-01	7.173161365656098e-01 
77757	6.306830778652810e-01	7.408553089698402e-01	7.414028767074290e-01	7.268640972514386e-01	5.636265682636952e-01	8.094656949306032e-01 
77758	5.658551918174543e-01	5.602861431755950e-01	3.299147042610013e-01	5.759878631922158e-01	4.123566118315934e-01	4.903550457024298e-01 
77759	2.112563604726504e-01	4.734872329516427e-01	2.307751958097931e-01	2.753019971673150e-01	3.738161290129550e-01	3.713503736194678e-01 
77760	6.228773570625364e-01	6.880587433187766e-01	5.435562752264449e-01	6.183350450160376e-01	7.838650046768305e-01	4.317575030913088e-01 
77761	5.823647823897325e-01	2.474634420662468e-01	4.937461045717927e-01	3.322769484833690e-01	4.463470146459362e-01	3.395693307653613e-01 
77762	5.537086381558060e-01	4.551755669044266e-01	5.565893793334437e-01	3.909601700178776e-01	5.379180937538348e-01	6.417887116979761e-01 
77763	5.557057142048176e-01	5.461866898148207e-01	3.488413765934146e-01	5.818657274682509e-01	5.935489122837150e-01	5.967670801412345e-01 
77764	4.664800813926074e-01	6.619576454401772e-01	7.207172389086871e-01	4.178812211337862e-01	6.416173132478284e-01	5.501103961125344e-01 
77765	4.495748530730578e-01	3.453010675213292e-01	4.433075496993447e-01	4.758605635576735e-01	3.927088737472423e-01	4.287703754803971e-01 
77766	1.980906850555971e-01	3.516019684827429e-01	4.552506439309029e-01	3.600955718488303e-01	3.127470618732016e-01	6.104481593754695e-01 
77767	5.645917012819661e-01	7.108211364521351e-01	6.561218931368707e-01	6.439415601383374e-01	6.513553652889523e-01	7.198330127621961e-01 
77768	2.344409900434025e-01	4.062492078321848e-01	4.658782826761446e-01	4.301581206645292e-01	2.968734495453275e-01	4.988709452329153e-01 
77769	5.029051175380493e-01	5.112803294872015e-01	4.296765170748340e-01	4.465171235383602e-01	4.925403544148360e-01	3.578930750629435e-01 
77770	5.233043353292742e-01	3.084316453599789e-01	6.438489995061164e-01	5.573521412180749e-01	5.973294499866546e-01	3.173828921210542e-01 
77771	4.837439001304039e-01	5.568518290140752e-01	2.818030212462594e-01	5.650933437930283e-01	2.585904688514098e-01	6.424644046521638e-01 
77772	6.965126634141079e-01	4.699781903709137e-01	5.991044396620997e-01	4.359716314015427e-01	8.251007901205470e-01	2.737990210179999e-01 
77773	4.329561060311410e-01	5.832897946780009e-01	7.323089188018498e-01	5.276035091371837e-01	5.326821753694795e-01	6.089474624953216e-01 
77774	6.472496994633700e-01	5.446850278877708e-01	6.015911731654964e-01	5.789570526415253e-01	5.321439954765201e-01	4.803403791281630e-01 
77775	2.631932361243037e-01	5.236524865804330e-01	5.808364860174053e-01	3.887789572251511e-01	5.261007082746603e-01	3.958940460526280e-01 
77776	3.497385125332267e-01	6.265471891793122e-01	3.842642119419418e-01	4.389048077751273e-01	6.632546564870676e-01	4.722355632496216e-01 
77777	6.333191844944281e-01	5.822528680137253e-01	5.048650501084991e-01	6.790853207402777e-01	4.422140783263012e-01	4.926908477418889e-01 
77778	4.236947114834065e-01	5.143582831922251e-01	3.815275942915130e-01	5.402752146246870e-01	4.535053708026660e-01	4.188829752625827e-01 
77779	4.140646774875126e-01	2.969375996035332e-01	5.530352920756634e-01	4.478959000176470e-01	4.195956176171481e-01	4.649580132467131e-01 
77780	7.722929570244642e-01	5.960628789436179e-01	5.016258088264192e-01	6.413148660131782e-01	5.306808186728083e-01	5.436991066390747e-01 
77781	4.938044722667336e-01	2.100484558088688e-01	5.529812717770001e-01	3.238875298529192e-01	3.040711658694037e-01	3.476743135222904e-01 
77782	4.295671395268161e-01	4.916353022243042e-01	4.285368057793268e-01	3.541412956097262e-01	6.454764286059729e-01	4.215468287613500e-01 
77783	5.689287500376136e-01	2.397110212632942e-01	4.248786791700593e-01	4.481001257536696e-01	3.424273675441379e-01	2.470476376949450e-01 
77784	4.909140047569494e-01	6.497482773387513e-01	6.269424289085873e-01	5.558662160960987e-01	6.468842594549011e-01	6.493772900385142e-01 
77785	5.404243971411724e-01	5.640897683031396e-01	5.072681963137731e-01	5.340554482972011e-01	5.646952927240905e-01	7.984961247665873e-01 
77786	3.313866769640270e-01	3.197494213074484e-01	4.237464973373747e-01	2.428004979758276e-01	4.265324475483646e-01	4.803375657898715e-01 
77787	5.556755233149812e-01	6.183410199584440e-01	5.274416047072442e-01	5.260709486342575e-01	4.858538624167587e-01	4.937352351493760e-01 
77788	7.120776259361876e-01	7.017751557074583e-01	6.578821491738023e-01	7.595552794899791e-01	6.283382099558916e-01	7.223165442749834e-01 
77789	5.831895377243446e-01	6.360831573449335e-01	6.404808446137120e-01	6.375046127370374e-01	7.534517774157747e-01	5.993918977382076e-01 
77790	3.595899015928313e-01	5.709570713241241e-01	4.382169039323348e-01	3.957858072890899e-01	4.295511431904194e-01	4.860267773867858e-01 
77791	6.264001359924517e-01	3.292695529069601e-01	4.507502296514576e-01	6.067548258011681e-01	4.292034780727310e-01	3.126828017954544e-01 
77792	4.048545438685944e-01	6.240766910366569e-01	3.868340803149778e-01	3.596796756122918e-01	3.267233427762538e-01	5.398014024243305e-01 
77793	4.795184294026320e-01	1.192872869722414e-01	5.033589068384836e-01	3.277082992451260e-01	3.952814577240668e-01	4.432593378009334e-01 
77794	6.821074356396170e-01	5.662561090006584e-01	6.227199302124742e-01	6.647742352214514e-01	6.576659221270579e-01	5.938698501017058e-01 
77795	4.347924209254490e-01	3.721662568192909e-01	5.414121202189894e-01	3.954927894182684e-01	3.785886960872448e-01	5.607418782416433e-01 
77796	3.234450840738951e-01	2.217871500011365e-01	2.225076456391089e-01	1.720318477614218e-01	2.618105451290825e-01	2.246526685920927e-01 
77797	4.574954982758375e-01	4.427979629349540e-01	4.279761722881437e-01	5.242549023595365e-01	7.197777647296411e-01	4.411065731140115e-01 
77798	7.701750265954719e-01	4.201950895240136e-01	5.558558500475963e-01	7.346577128560647e-01	5.096996692706904e-01	5.542112971202895e-01 
77799	3.075849800083856e-01	2.745634949136832e-01	3.680794230889086e-01	4.977473036711621e-01	1.940930250110969e-01	5.347606392822908e-01 
77800	2.191826369686130e-01	3.343619765879708e-01	1.433815829319146e-01	3.519605269455116e-01	2.420015041697877e-01	2.306660098706819e-01 
