49601	3.758620076738976e-01	7.184468066828835e-01	3.442037977322793e-01	4.256178083866107e-01	6.912742642892166e-01	5.085629627615098e-01 
49602	3.943530833754379e-01	3.331334365261534e-01	3.020109608805773e-01	4.445692414627662e-01	4.318511045038733e-01	2.096528796203471e-01 
49603	3.562006380158609e-01	4.055843129946089e-01	5.353599972037382e-01	4.388536809428717e-01	3.837482542125660e-01	4.816895805607360e-01 
49604	3.032992770677984e-01	5.674957495730231e-01	4.754424742481996e-01	5.594460679986000e-01	4.999646604024597e-01	6.713647888211579e-01 
49605	5.343073574938418e-01	5.410309602888963e-01	6.473810966094571e-01	5.997301919725204e-01	5.262047446159444e-01	5.578776895401590e-01 
49606	4.196085036786167e-01	4.005734773256471e-01	4.558261996751412e-01	5.350751783745036e-01	5.769710960466818e-01	5.964464736741188e-01 
49607	2.943253666226764e-01	4.939900716273548e-01	2.887306394529296e-01	5.614577104759932e-01	3.500729173573963e-01	3.439214953218931e-01 
49608	3.447853745510385e-01	6.303257890908138e-01	4.478351344522896e-01	5.471727513735052e-01	4.287939545743759e-01	6.687869932096907e-01 
49609	5.637906983101207e-01	3.581020244600830e-01	5.717323739810311e-01	5.406102697234655e-01	5.027917367187742e-01	5.731826831909901e-01 
49610	3.582594526528575e-01	5.331776214786459e-01	3.516328720513223e-01	4.107740811742788e-01	3.768533252907848e-01	2.958820818356924e-01 
49611	5.919661886533928e-01	4.428418186890297e-01	3.802585196393308e-01	5.815896306550362e-01	6.002798469524480e-01	4.839601890757012e-01 
49612	2.971188254882239e-01	6.675516912154325e-01	5.142539456613100e-01	4.658213563753994e-01	4.645252537257858e-01	5.548177232237557e-01 
49613	5.534320743961747e-01	5.729457845074133e-01	5.713140976697526e-01	5.668647546020684e-01	4.740221553657056e-01	5.398174638966931e-01 
49614	2.702181803172621e-01	4.395242683123572e-01	4.520915108311636e-01	3.928353314875240e-01	3.701334892582475e-01	3.678844292527873e-01 
49615	6.023210463136599e-01	5.764220229345741e-01	6.061328619674964e-01	4.750450340302800e-01	5.970651495974522e-01	5.186164920154108e-01 
49616	4.180877129995270e-01	5.017014114162888e-01	6.670604726609819e-01	3.660101365729672e-01	5.175034657627289e-01	5.458500569951346e-01 
49617	2.895580666164220e-01	7.305156584754801e-01	5.221450102029965e-01	4.849328643256199e-01	6.517777206805306e-01	7.886651740285279e-01 
49618	3.047590813277162e-01	2.465056100523650e-01	2.482556655147535e-01	3.408597623220121e-01	3.304590584276150e-01	2.228295951450337e-01 
49619	4.163809915623699e-01	4.042955223828554e-01	3.666914921579822e-01	5.598464754972764e-01	5.235434974758035e-01	5.350540434820386e-01 
49620	6.185924906348195e-01	5.457888066573051e-01	6.103335682349356e-01	5.429474417256377e-01	5.574131247640304e-01	6.921428435224852e-01 
49621	4.987504396539036e-01	4.527110320643895e-01	4.900007692031736e-01	4.326482058556058e-01	5.649647124854325e-01	4.504343430187014e-01 
49622	6.388326360927780e-01	4.038408706384786e-01	6.332303569285388e-01	3.554878569184260e-01	8.385431709316429e-01	2.828690338929730e-01 
49623	4.864541120272647e-01	5.073454190666560e-01	4.963078647243493e-01	3.940625683802719e-01	4.556512694468176e-01	6.060093466421743e-01 
49624	3.368333998406798e-01	2.853553171448902e-01	3.643684113254747e-01	2.182043262126591e-01	4.340569718286373e-01	2.517022915453540e-01 
49625	7.279056542585916e-01	6.780261978122145e-01	6.696367300692787e-01	7.625857175279737e-01	5.551946795697877e-01	7.694598740395363e-01 
49626	4.388807224617133e-01	5.401931184853865e-01	4.524831202832770e-01	5.122303027388473e-01	4.926053189250187e-01	6.848095316660265e-01 
49627	7.163615446285714e-01	7.396131466179298e-01	5.949729526320002e-01	6.678005710455561e-01	7.171294748059647e-01	6.121470056589622e-01 
49628	5.427930770990341e-01	5.406797891267427e-01	3.562047545235987e-01	6.210415094514193e-01	4.860853920138965e-01	5.384715148139625e-01 
49629	7.532208820190127e-01	6.206770612177952e-01	7.823490386351231e-01	7.132665350177596e-01	6.621474078092269e-01	6.947890306613245e-01 
49630	4.680113526327059e-01	4.382845577723760e-01	3.322498661729664e-01	6.322573436081849e-01	3.654495810363573e-01	5.687157815013197e-01 
49631	4.666700606698511e-01	4.353477831905266e-01	5.049401559539179e-01	3.080888656820384e-01	5.270399143935268e-01	3.547852828104146e-01 
49632	7.172508879106789e-01	5.423633789473216e-01	6.383879433537555e-01	6.288866594851446e-01	5.461677947327866e-01	6.431276148539071e-01 
49633	6.119402960148141e-01	4.724783070373446e-01	4.092437371217331e-01	4.454557945816675e-01	7.436261763677601e-01	3.945408454979462e-01 
49634	6.498394416479356e-01	6.145389854833299e-01	4.149191266537896e-01	7.972620155589144e-01	4.725777640735812e-01	5.440788596275745e-01 
49635	5.104531410749606e-01	7.792838611154981e-01	7.305797772155491e-01	5.939396826886547e-01	7.702597726188478e-01	6.421764733218123e-01 
49636	2.633140654181197e-01	2.854320834568672e-01	3.166707571534847e-01	2.695789484931242e-01	3.393358546193544e-01	3.356728948196033e-01 
49637	2.658041245139227e-01	3.037006735121038e-01	3.634883927243041e-01	3.252478470399037e-01	3.615223634569372e-01	4.604113480416175e-01 
49638	6.999125476458993e-01	1.833968154020363e-01	4.678757163857112e-01	5.212079188046493e-01	3.581990804914090e-01	4.917554670441787e-01 
49639	6.447675506134811e-01	6.182320928222124e-01	4.196881232231363e-01	7.614036740914918e-01	4.914378276467040e-01	4.407607299593624e-01 
49640	4.434511418718834e-01	6.016486097673071e-01	6.724980344892117e-01	4.953084386303386e-01	6.415615218240354e-01	7.496234891350245e-01 
49641	5.654867076535973e-01	6.003372320304927e-01	4.988982550082813e-01	3.016908890885021e-01	5.762568093796696e-01	3.636555825742674e-01 
49642	5.297565318846073e-01	3.200996583518337e-01	3.679363834014469e-01	5.281144178084491e-01	3.723160530496348e-01	3.957602603557088e-01 
49643	4.073434997116734e-01	4.492020364113021e-01	4.970245337310239e-01	5.759151992556677e-01	5.786644207044562e-01	5.787811598157644e-01 
49644	3.992999162703569e-01	6.225174115732028e-01	4.521064608184033e-01	5.713007374535810e-01	2.823868810228509e-01	5.797201242201763e-01 
49645	4.808189369171871e-01	3.956657205427329e-01	4.412812096050155e-01	6.340917643167121e-01	3.220238822033853e-01	4.784638503747983e-01 
49646	5.628436655497910e-01	4.894938222053470e-01	5.417889834065934e-01	4.940468648402980e-01	5.912547341584313e-01	4.299571809580543e-01 
49647	5.715728492405309e-01	5.910148792039238e-01	5.218305878064259e-01	3.788208198413813e-01	6.259653721846119e-01	3.691331019652404e-01 
49648	4.003854754427432e-01	5.506216551918406e-01	6.213350322587929e-01	5.631797879901006e-01	6.226171552404556e-01	6.051383312106103e-01 
49649	2.984000365949291e-01	5.622731371422660e-01	5.173833308142763e-01	4.168220900960216e-01	4.501737955523685e-01	6.606846456640487e-01 
49650	3.357644488750445e-01	4.311367637981828e-01	2.844487001388814e-01	4.704920069355065e-01	4.585388093027619e-01	3.967379745687897e-01 
49651	5.397652812958207e-01	5.298641391017579e-01	5.072923937132441e-01	6.384235993136583e-01	5.521856091733905e-01	5.222557955086884e-01 
49652	2.685283249435669e-01	4.718692794063591e-01	4.692787676483940e-01	5.275043733186400e-01	2.406956466605659e-01	3.944496506989704e-01 
49653	5.391986056098999e-01	6.796920824898167e-01	7.074404907988069e-01	6.063706976683094e-01	6.749234281629011e-01	6.706801401731484e-01 
49654	6.406414649237706e-01	6.302169007330281e-01	6.341857503857693e-01	7.501068225726690e-01	2.632105001710331e-01	8.929530927278309e-01 
49655	4.571615319706305e-01	7.815210862098463e-01	5.192182614699583e-01	7.006787024861363e-01	4.387270548197388e-01	5.043996671662467e-01 
49656	4.459002002608511e-01	7.009852129773200e-01	5.833448604007446e-01	4.563365471080938e-01	5.768754619292173e-01	7.090179185538872e-01 
49657	2.903874041098514e-01	3.541245252201634e-01	1.851316747264537e-01	4.485522232220583e-01	3.445653934022991e-01	4.310872932119550e-01 
49658	4.106763491229896e-01	4.292588426394708e-01	5.295596056361863e-01	5.778183147422411e-01	2.190209174353598e-01	5.746556236967674e-01 
49659	6.573095244016887e-01	5.751735118098527e-01	6.681153552565104e-01	6.820033894429227e-01	5.266692324324609e-01	6.400375018799160e-01 
49660	5.395916671078873e-01	6.926321471993460e-01	4.866442159972739e-01	6.434819137149883e-01	5.323501442968099e-01	4.668007757692034e-01 
49661	2.907200653106599e-01	2.626566703548864e-01	2.436427139044111e-01	2.903620943928233e-01	2.816809066801205e-01	2.592779359695980e-01 
49662	8.998210874985002e-01	7.490404074820093e-01	8.575228807896093e-01	7.973260529211924e-01	7.843417428588435e-01	8.371616352118388e-01 
49663	5.926867623502405e-01	6.255259853614894e-01	6.255679937438021e-01	6.720683328418573e-01	7.174119229827483e-01	6.077634414964153e-01 
49664	8.038103716178762e-01	5.968749418832491e-01	5.984352792877661e-01	6.097354870787213e-01	5.936598152883883e-01	5.647130736427544e-01 
49665	4.883831666059190e-01	6.220823672677049e-01	5.788486581675690e-01	7.243256385284642e-01	4.059361568996497e-01	4.882227731514767e-01 
49666	4.735412019475784e-01	6.341961922081925e-01	1.965409615869623e-01	5.348490702847724e-01	3.863826328867587e-01	3.386810433987030e-01 
49667	4.968243728010110e-01	3.367950082326023e-01	4.401213857726013e-01	2.991712999753595e-01	5.067303249263287e-01	3.777273826194170e-01 
49668	6.092165495339426e-01	6.132239947462725e-01	7.986497373058449e-01	7.062989772506030e-01	5.940781641323338e-01	7.118668476318544e-01 
49669	4.447727777537164e-01	7.404859877583618e-01	3.915151695565856e-01	6.876007585393648e-01	4.013075286635024e-01	6.790174633508017e-01 
49670	4.766812469860944e-01	4.660203764887046e-01	2.700768186776335e-01	5.699144146922264e-01	3.049186805141885e-01	4.886882932493621e-01 
49671	2.606328534031548e-01	4.342691227507581e-01	1.624325602906898e-01	3.564598207410586e-01	3.992049934317311e-01	2.656884059278382e-01 
49672	6.204830953707811e-01	6.753589927257382e-01	5.927592408723219e-01	4.924884706349544e-01	6.294482844563424e-01	5.381115783696307e-01 
49673	4.001918637915637e-01	4.220784021440837e-01	4.668546158230382e-01	4.120317244500999e-01	6.023119638639602e-01	4.087489120657804e-01 
49674	3.495747633526637e-01	3.439133567277664e-01	5.342291971799804e-01	2.862756418450829e-01	4.129714777493915e-01	3.244785316419086e-01 
49675	6.468092366418421e-01	5.326136956575888e-01	5.505638931788130e-01	4.418769548115816e-01	5.764211964271490e-01	4.993259546830541e-01 
49676	2.445020064040001e-01	4.380027585763610e-01	3.620226786346947e-01	4.545568573100700e-01	3.506490473028419e-01	3.225341903476127e-01 
49677	4.367222532931629e-01	4.283069596560842e-01	2.863483184485699e-01	3.651700059644426e-01	3.114510779907839e-01	2.885015118304626e-01 
49678	7.868630387518767e-01	7.694159582242864e-01	6.706547792363197e-01	8.738261271107420e-01	6.388294266870800e-01	8.451215630175110e-01 
49679	3.644562806160326e-01	3.414699111933238e-01	3.021243788780090e-01	2.681519974958387e-01	1.174872832667419e-01	2.710050280636113e-01 
49680	5.230509855070131e-01	6.424335020701695e-01	4.365566713810512e-01	5.583701605997908e-01	4.035797580057863e-01	6.167816531353578e-01 
49681	6.819882748833770e-01	5.903651332712934e-01	7.330159181533469e-01	6.340843150412581e-01	6.459025629271367e-01	6.492476097287900e-01 
49682	7.780802516528504e-01	6.852021239536781e-01	7.542266030205763e-01	7.844534724294786e-01	7.643205881669402e-01	7.103531789054982e-01 
49683	6.567421741151749e-01	6.532822743869442e-01	5.987806604857611e-01	5.341812628412752e-01	6.278073434106020e-01	6.572439250859847e-01 
49684	3.003956700488271e-01	7.727031991665299e-01	4.156937656182393e-01	5.778241696722470e-01	3.267575236622520e-01	6.735933789904212e-01 
49685	5.174632143677789e-01	3.771235045387380e-01	5.736551910368046e-01	4.842482010530995e-01	4.895106077323240e-01	4.093783707251550e-01 
49686	4.358644747066562e-01	5.042068794010877e-01	5.268562758663260e-01	3.052196339684268e-01	3.619295842589281e-01	2.741285913252590e-01 
49687	4.373193982751443e-01	3.782673977203545e-01	4.763199145016325e-01	2.748240408116029e-01	5.785793223512538e-01	5.347031176115913e-01 
49688	5.764401460896711e-01	4.825222238962817e-01	6.942421316934340e-01	4.516423198633175e-01	6.047744625300486e-01	4.933613481391141e-01 
49689	5.968038006539198e-01	4.242793214905738e-01	7.782130337957839e-01	4.591482966373188e-01	5.698284821213443e-01	5.163454352867187e-01 
49690	3.350979399541591e-01	2.459165123578411e-01	4.475244838863836e-01	4.692530357490873e-01	2.660318344526235e-01	3.913234858577265e-01 
49691	5.573781238277182e-01	4.060082640872181e-01	4.467934064910591e-01	4.158787838144783e-01	6.779337635450169e-01	4.831517498607401e-01 
49692	7.455236069263037e-01	6.954039749080223e-01	7.224664044078097e-01	6.600207077762987e-01	7.779846761697229e-01	6.954870945309850e-01 
49693	5.831867470166124e-01	5.041357144718985e-01	5.487667566184884e-01	5.471515715977782e-01	4.141407677279969e-01	7.513894164679177e-01 
49694	7.655942679516061e-01	5.340457130124305e-01	7.349528360092106e-01	6.855033467541517e-01	3.854455598319093e-01	6.428320101569514e-01 
49695	7.078350670455948e-01	6.466081635051009e-01	6.569783567536217e-01	5.590298709812678e-01	6.348609211402232e-01	5.754878992363367e-01 
49696	4.754290259089968e-01	6.912984025685049e-01	2.971363148060145e-01	4.812137520775155e-01	5.138959540800263e-01	4.249797488297929e-01 
49697	6.596058712603281e-01	7.306229919319668e-01	7.322724996725518e-01	6.972041639769195e-01	5.842414936226847e-01	7.402111897423989e-01 
49698	3.957285289490195e-01	4.527442374869933e-01	2.593684080712205e-01	5.192021673035470e-01	4.175831259663550e-01	3.812318256154943e-01 
49699	3.203807392677036e-01	5.892617846336667e-01	5.274499087766570e-01	3.096637836694804e-01	4.853368525919103e-01	5.995270914724485e-01 
49700	5.725101506644794e-01	5.747083236410868e-01	5.211443122199926e-01	5.274144528183287e-01	5.861324585493153e-01	4.913843976496820e-01 
49701	3.926442298534829e-01	6.426115702364397e-01	6.543041656680746e-01	5.989648740061384e-01	5.389490431403960e-01	8.598492336472375e-01 
49702	6.286480731519031e-01	6.582038315022501e-01	6.553597661427606e-01	6.387851623981560e-01	6.066701538842825e-01	7.939809337068866e-01 
49703	5.784846475893628e-01	5.732101521813997e-01	3.256710557182089e-01	5.184420050187035e-01	5.584170954566299e-01	2.334524162769375e-01 
49704	5.512417593784991e-01	4.206492949195019e-01	3.990313558489010e-01	4.550123419627545e-01	4.242855787134802e-01	5.271777165762903e-01 
49705	7.141262457275315e-01	3.791960439568101e-01	4.447767449470873e-01	3.706573877553257e-01	7.587054852079806e-01	3.373664807445589e-01 
49706	1.770378248727763e-01	5.341122359863700e-01	4.642175580882698e-01	4.005555825611414e-01	5.303823275145201e-01	6.157739569679981e-01 
49707	6.549797584155967e-01	7.028086725648635e-01	6.116116480483309e-01	7.612825575693216e-01	6.682177167191563e-01	5.968207107230379e-01 
49708	3.463264986514216e-01	4.428949759514432e-01	4.381014004708005e-01	2.392723345166662e-01	3.813867488836153e-01	4.730872440614051e-01 
49709	5.160752165120003e-01	5.139016718270871e-01	6.104147259803780e-01	4.658120741824094e-01	5.063814771493382e-01	7.916758354571223e-01 
49710	6.521860760135376e-01	3.597833895474885e-01	3.245710132059239e-01	5.362076655909118e-01	5.218286581888378e-01	3.435669766687705e-01 
49711	5.116043623662474e-01	5.079356294074493e-01	5.001923182282084e-01	4.238524819343878e-01	3.988358131939438e-01	4.918788618309662e-01 
49712	6.875660380760680e-01	5.830546744845205e-01	3.967859211654197e-01	5.971936462427652e-01	3.867320695604085e-01	5.145405880820633e-01 
49713	4.348680681978952e-01	3.582591775855999e-01	3.293417055331036e-01	3.822468988409763e-01	3.606267676662537e-01	3.931049069223284e-01 
49714	7.759021223395350e-01	5.778505277100996e-01	5.887241600698878e-01	7.110483526409312e-01	4.347864243477088e-01	7.613064337549317e-01 
49715	4.668711184959056e-01	5.959935998216570e-01	6.994559869670034e-01	5.399896083292698e-01	4.980021589839025e-01	5.621676706561770e-01 
49716	6.001845523170648e-01	7.043419301598319e-01	7.704397277197446e-01	6.310769940027526e-01	6.572353365636192e-01	7.451840011172886e-01 
49717	5.598642542939249e-01	8.449602204249658e-01	6.647616959177398e-01	7.329349166884057e-01	7.820883403524070e-01	7.556008794048168e-01 
49718	3.881786373711906e-01	3.341159816889868e-01	3.445780076298807e-01	2.588399556871369e-01	4.162609119406353e-01	4.299346934421667e-01 
49719	3.172722084440499e-01	3.178452399237475e-01	3.266975504156792e-01	3.761323292626748e-01	2.421228757080066e-01	2.766374175449018e-01 
49720	3.608189192915219e-01	7.065791573044610e-01	6.026567142117919e-01	1.873655052239230e-01	7.189054695515362e-01	5.229362550136567e-01 
49721	4.359847354684074e-01	6.062531266035827e-01	3.540571122669866e-01	5.113934545043142e-01	6.409217094445736e-01	5.166143318475303e-01 
49722	5.238870936669744e-01	3.239272559415783e-01	6.839711481042043e-01	4.555137978374097e-01	5.724980050739314e-01	3.793871470980313e-01 
49723	5.045389456841622e-01	5.775314418025772e-01	4.623670576254315e-01	6.071458995647909e-01	5.577542250385781e-01	5.700112303733671e-01 
49724	6.565253394727766e-01	7.687223128751958e-01	6.182654492691591e-01	7.340251240561780e-01	6.861717880337308e-01	6.519282251903387e-01 
49725	7.120686153578071e-01	5.778317249288264e-01	7.079839590163410e-01	6.811028138766314e-01	6.605770162143902e-01	4.767330263253922e-01 
49726	7.466320325604101e-01	7.812567673136764e-01	7.783496209185589e-01	6.799868009808470e-01	7.968360603165600e-01	7.766797956495730e-01 
49727	5.299409061207336e-01	3.692977846207360e-01	2.757795736137632e-01	6.309012566278867e-01	3.161520205187235e-01	3.226042064760415e-01 
49728	7.516142751860033e-01	2.438951534476465e-01	3.456569629976531e-01	5.069716196520844e-01	5.028652947523741e-01	1.072887155937756e-01 
49729	5.101729244783468e-01	7.109505714419441e-01	4.271536643162931e-01	6.815050736151479e-01	4.212976234121467e-01	6.338393695506108e-01 
49730	4.760505680044256e-01	5.775594641231152e-01	3.868772747167225e-01	3.301396594777059e-01	4.444972363499956e-01	5.174705284673315e-01 
49731	5.417575330985751e-01	5.749434377867809e-01	6.144218188895237e-01	4.078561599639567e-01	6.234551468968380e-01	4.137162295977528e-01 
49732	7.296574865523674e-01	3.152374803574585e-01	6.922602281765302e-01	5.908509592657825e-01	4.832043665308368e-01	5.236209792332158e-01 
49733	6.342360881514013e-01	6.298086986416569e-01	5.762387379457252e-01	5.949105557776588e-01	6.409755980499801e-01	4.511590950808124e-01 
49734	6.232633318845774e-01	2.444156124722061e-01	7.380259238120586e-01	3.858582714526867e-01	4.135029427954438e-01	5.972533880977198e-01 
49735	3.370538234522952e-01	3.547328037457814e-01	1.485406733453465e-01	3.744507288508071e-01	3.183042408722737e-01	3.860721669546890e-01 
49736	2.852660616413518e-01	2.508532469134757e-01	5.098769170197552e-01	2.379680153019491e-01	2.898470355685290e-01	3.957546915699685e-01 
49737	5.258455724946408e-01	4.468261562101353e-01	6.057074667287554e-01	5.064317985546170e-01	7.400287975461382e-01	6.108315120898471e-01 
49738	7.440561752961282e-01	6.460626496716450e-01	7.888656560068243e-01	5.681787097842524e-01	7.094665596161760e-01	6.676392261886877e-01 
49739	6.861957672063967e-01	8.443502872807165e-01	6.723544752232161e-01	6.134599390005318e-01	5.728092454713958e-01	7.998811014396229e-01 
49740	5.385463783931930e-01	5.756717089598091e-01	5.530414115377190e-01	7.549072610062123e-01	5.561692429571758e-01	5.071099955153484e-01 
49741	4.523417457500152e-01	5.984549053564590e-01	3.334838362472635e-01	6.662154647890342e-01	5.978572091925165e-01	5.219539115548458e-01 
49742	1.858453394942949e-01	2.800975061969045e-01	2.576690200385362e-01	1.471769743197588e-01	2.266248455233185e-01	2.867529282929084e-01 
49743	1.782008320062453e-01	3.468750631338817e-01	1.959145177127816e-01	3.251462339513577e-01	2.650808751106846e-01	2.467105259534389e-01 
49744	4.875261324284630e-01	4.811164793193046e-01	5.265304565534845e-01	4.248406217286023e-01	5.097407983715843e-01	4.132387481379776e-01 
49745	2.933109524099795e-01	3.992522795095391e-01	4.714696041543751e-01	4.863098858232498e-01	3.910299819879778e-01	3.125280385311028e-01 
49746	6.268932625209980e-01	4.277834460582804e-01	6.527627394966298e-01	4.987146064345393e-01	4.660858672873973e-01	5.192682447833186e-01 
49747	4.770055291494181e-01	5.169670098302781e-01	4.667628346039169e-01	5.754950519664791e-01	4.726927766692308e-01	5.955522611041935e-01 
49748	4.839566211279290e-01	3.674863661876361e-01	3.351552830848850e-01	4.331630130323554e-01	4.378790511986709e-01	3.354705396605500e-01 
49749	5.904454720076129e-01	4.917002107615273e-01	4.801370972656740e-01	5.299917633202463e-01	6.204526863115736e-01	3.296890770313233e-01 
49750	4.672138726565999e-01	4.893692745708430e-01	5.367479176486295e-01	8.002437816641326e-01	4.527520705366942e-01	6.123192044318435e-01 
49751	4.356130581301113e-01	4.838673261234410e-01	4.180040914758901e-01	3.720163822695866e-01	5.648382542732076e-01	4.715870670669070e-01 
49752	5.557749063354747e-01	6.468687276348125e-01	6.109849236965489e-01	4.973442620238044e-01	4.554296135975042e-01	6.708478276448089e-01 
49753	4.725863720864933e-01	2.269725890154982e-01	8.093597087279585e-01	3.655951809021676e-01	3.302706387107971e-01	6.468508911360740e-01 
49754	4.303808596277177e-01	4.594512949868720e-01	5.619803802329481e-01	2.486697045987754e-01	7.764133538148569e-01	4.702394859006225e-01 
49755	3.898544235299706e-01	4.982651518380496e-01	3.352943627194901e-01	5.654055362485363e-01	3.285851575589853e-01	3.498989270409864e-01 
49756	3.238064068186890e-01	5.000674222877153e-01	2.817826786040468e-01	3.843076085639635e-01	5.238768607513660e-01	2.899308192862963e-01 
49757	3.869897908655706e-01	5.174090212286113e-01	7.503558939284722e-01	4.342574397664071e-01	3.640078448509392e-01	6.303187454896169e-01 
49758	6.624553776060693e-01	7.668770711697445e-01	5.124637298850443e-01	7.804767738008231e-01	6.411907203073556e-01	5.919587863804273e-01 
49759	7.669286515171205e-01	7.296005417649050e-01	7.659096365675397e-01	6.083161785796410e-01	8.334702401742565e-01	7.631273649552279e-01 
49760	8.819552901534937e-01	7.252286488994278e-01	7.976660134125748e-01	8.088428597577565e-01	8.087051779949115e-01	6.837528394370238e-01 
49761	4.385545078085344e-01	5.747713786339078e-01	7.303261129923473e-01	3.005016535597717e-01	5.105560607822535e-01	7.622693854358555e-01 
49762	3.250693632480391e-01	4.089028293541179e-01	4.151005132026473e-01	2.417315998922606e-01	3.421639761970510e-01	4.483477507303693e-01 
49763	3.253126623697040e-01	4.558119884514318e-01	6.536727529224478e-01	4.527046825656754e-01	5.225363580134941e-01	7.364688138067896e-01 
49764	5.270700220685431e-01	6.472557368438807e-01	6.265036308605094e-01	3.841988466311642e-01	6.726986417758227e-01	5.953555973766442e-01 
49765	4.982806489824713e-01	5.926150838475650e-01	5.946693162471743e-01	5.018077077536665e-01	3.425657601915415e-01	4.231434474708828e-01 
49766	3.387420794029878e-01	5.742590355837865e-01	4.207958694338694e-01	6.593481324977455e-01	1.876633050177107e-01	4.645452541843495e-01 
49767	7.103884188242755e-01	3.614043555884769e-01	6.937474469925839e-01	5.362198243984962e-01	4.922119183699039e-01	3.236011658255161e-01 
49768	4.574646706531903e-01	4.695554499741860e-01	5.845458599892683e-01	6.410148245802265e-01	5.082992771632184e-01	6.250205040577400e-01 
49769	3.426263703371218e-01	3.380548693408821e-01	3.501765156310753e-01	3.589175831682005e-01	1.842865900767270e-01	3.884547890412819e-01 
49770	5.037424537029804e-01	6.678118031023204e-01	5.417612262363631e-01	5.615471627857822e-01	6.111775121940002e-01	7.622190931932378e-01 
49771	3.483860701813937e-01	6.398166966853036e-01	3.787139887214978e-01	3.924572031403360e-01	3.678529974346109e-01	4.144628800435596e-01 
49772	7.004038306080078e-01	5.172767806093637e-01	4.904429833336111e-01	5.681513616833647e-01	5.745200655661331e-01	5.284396620760200e-01 
49773	2.129796304775525e-01	2.257067382334362e-01	3.101483233996406e-01	3.042086920026542e-01	2.299930185435418e-01	4.200011851306825e-01 
49774	6.149395929179182e-01	4.278033238737884e-01	6.664840942352949e-01	2.860473614944707e-01	6.701273791284845e-01	4.018510878311538e-01 
49775	5.367467487137139e-01	4.095907417794394e-01	3.747815511899076e-01	5.969096200450053e-01	4.873334977737679e-01	4.874785024880826e-01 
49776	3.537133197599498e-01	4.993283758420964e-01	4.411269123972001e-01	3.698041180907629e-01	4.260324275755685e-01	5.033861263007093e-01 
49777	4.569464818042518e-01	6.253477793710688e-01	4.934253544345404e-01	4.970190407211547e-01	6.617326234039834e-01	3.006246331513633e-01 
49778	7.132515939701893e-01	7.227594152074905e-01	6.944519238038955e-01	7.336903598980284e-01	6.567955622563650e-01	7.180200002110346e-01 
49779	5.232040909151425e-01	6.182168183134271e-01	7.172878393071151e-01	4.741236220688154e-01	5.612331588344212e-01	6.499829203046404e-01 
49780	5.146035862952681e-01	3.013094861775556e-01	3.375901407208414e-01	5.058418710662322e-01	3.849846879743818e-01	4.181963580054450e-01 
49781	6.848611444011017e-01	2.343184561554207e-01	5.319164624919204e-01	4.805535133515961e-01	2.650703577914291e-01	5.649760816478560e-01 
49782	4.337870852709885e-01	6.383376325039096e-01	7.081240260623657e-01	6.121172470904368e-01	4.450518343843510e-01	6.445554960894495e-01 
49783	6.953146179164511e-01	5.871725795992847e-01	6.978630747582737e-01	5.970850197525112e-01	6.069001700461867e-01	7.294833289301750e-01 
49784	3.724854560150191e-01	4.112930655590100e-01	1.580412708250755e-01	4.617003520414248e-01	3.511807921286264e-01	1.782611773910069e-01 
49785	5.241879016705938e-01	6.006073609637762e-01	3.163850393649297e-01	3.914405287448828e-01	6.387376581685311e-01	4.034135591186259e-01 
49786	7.123849479544121e-01	3.699431688011331e-01	4.522913642514763e-01	5.141252425017946e-01	3.865280505574789e-01	5.375011098784427e-01 
49787	4.889092237456832e-01	5.440461657099501e-01	6.084808832421267e-01	5.760556046883305e-01	4.349791468615659e-01	3.320725702768614e-01 
49788	5.252789802077305e-01	6.360040981623423e-01	7.807309795747888e-01	5.150996308315057e-01	6.424324230798588e-01	7.093779120481107e-01 
49789	7.737409996010139e-01	5.780239748014729e-01	6.728241406768189e-01	6.558241637847501e-01	6.397439592180444e-01	4.956883141983727e-01 
49790	8.467364640787510e-01	6.161264818929990e-01	5.962557642418528e-01	8.569145580623581e-01	5.984363066530982e-01	7.390355284790694e-01 
49791	3.964564303234299e-01	2.006908368465265e-01	3.063530283158208e-01	2.273016494298309e-01	2.549741069269321e-01	2.579857700140709e-01 
49792	4.256980671472332e-01	3.748112399562705e-01	3.507441589270785e-01	5.782527560057675e-01	6.126024316755667e-01	3.797032088209769e-01 
49793	6.966933730507734e-01	6.646996410132786e-01	6.508742330096547e-01	7.017530358817908e-01	7.629217295278846e-01	5.970773027379730e-01 
49794	5.124817992592819e-01	6.106212985204140e-01	5.366398460051820e-01	3.660570915003554e-01	6.514070976296358e-01	5.253606596770340e-01 
49795	3.636105743418422e-01	5.329987228800046e-01	5.689376273500222e-01	5.802134454207714e-01	4.268622580056620e-01	7.252897833924604e-01 
49796	3.421203114014370e-01	4.687284342390796e-01	5.135106447903572e-01	4.291234138556523e-01	4.944346015526062e-01	5.578297063296804e-01 
49797	7.007104486439262e-01	5.843967094906709e-01	4.525062268886209e-01	4.902235355094172e-01	4.297000605013336e-01	5.585292398418915e-01 
49798	2.225850858038367e-01	4.765629508804897e-01	7.069664819570587e-01	4.077765865675998e-01	4.352626344829426e-01	7.365579591874258e-01 
49799	6.586328655199657e-01	6.847886410481216e-01	5.624507687578328e-01	6.205919098772446e-01	5.790733876313658e-01	3.716176690372605e-01 
49800	5.140958608059036e-01	3.008317276357820e-01	5.024549796165352e-01	5.177090516636342e-01	3.320235033700987e-01	4.028093406914017e-01 
