55001	5.701390140056914e-01	7.923649409864361e-01	5.499992250445118e-01	4.359982243255985e-01	5.132881183155673e-01	5.773448038244724e-01 
55002	6.195164264273738e-01	5.734944322249729e-01	3.980006055083682e-01	4.611752448939928e-01	7.071365323511760e-01	4.426589192526839e-01 
55003	6.372740832238486e-01	7.507017970561988e-01	4.498614690592733e-01	5.559976414056899e-01	8.980959529421594e-01	4.057402404883247e-01 
55004	5.261731608907143e-01	3.847518157367059e-01	4.476987664817262e-01	5.059840310275884e-01	5.371227655670570e-01	5.094767436362335e-01 
55005	6.499360350193339e-01	5.725809077896866e-01	6.910300169320351e-01	5.947601385358220e-01	5.195298080338668e-01	6.088369118624559e-01 
55006	5.834242015379153e-01	3.470458698564510e-01	3.941446433818372e-01	5.754313741581656e-01	4.023005437704191e-01	4.345712028329831e-01 
55007	4.928970893724202e-01	7.173042435705465e-01	3.264113746901928e-01	6.553222156408062e-01	4.357106285056905e-01	4.820200153267553e-01 
55008	4.840438357217067e-01	5.354717231410211e-01	7.385077330750404e-01	5.165444541377351e-01	6.323187399732735e-01	5.510664452221365e-01 
55009	6.496411627439882e-01	5.732802123247023e-01	5.426386330544206e-01	4.604709924364289e-01	7.605133354933301e-01	5.361249846509253e-01 
55010	3.338865313862089e-01	4.298756260622961e-01	3.548701089337279e-01	3.822911019038274e-01	3.060818043048399e-01	3.721138421393666e-01 
55011	4.261739880900619e-01	5.360983295190349e-01	2.683921192274563e-01	4.625888984749143e-01	4.617763310503579e-01	2.221130979760672e-01 
55012	4.735606700227672e-01	4.197054207690507e-01	4.459091334467196e-01	4.292670439126356e-01	2.322789471426592e-01	5.477100296403464e-01 
55013	5.989629496036385e-01	4.992414888347771e-01	5.422597126447342e-01	6.838376490595530e-01	6.062955654145515e-01	6.384317563674169e-01 
55014	3.647481293829660e-01	4.511087207936225e-01	3.267101122582009e-01	4.568013201919289e-01	4.162014898315938e-01	3.474526016999580e-01 
55015	4.954169278285179e-01	5.054485089033298e-01	4.801134770680952e-01	4.243908064518401e-01	4.310522741259693e-01	3.278248407461101e-01 
55016	4.648049419278710e-01	5.456429703078860e-01	3.976040284029703e-01	5.919934737815328e-01	3.932652653577160e-01	4.962756649975756e-01 
55017	4.158579570700934e-01	3.510304615173517e-01	4.154982224496173e-01	4.057067298927605e-01	4.334856808170566e-01	5.552016235007959e-01 
55018	4.024651582954638e-01	2.495665556170695e-01	2.375757966754311e-01	4.274437160296987e-01	2.632714996509450e-01	2.885749156793026e-01 
55019	5.277801190626983e-01	6.282826451391397e-01	5.074197354177236e-01	6.345979392137825e-01	4.041738117240554e-01	4.394672244466891e-01 
55020	5.013382261122044e-01	3.978342936921116e-01	5.180747968975601e-01	2.627073823475662e-01	3.562116923135403e-01	4.705664829572475e-01 
55021	5.667690584683317e-01	6.751250117173901e-01	6.874135070758529e-01	7.553226250304736e-01	7.627043354145431e-01	5.988031128121514e-01 
55022	6.651901255422878e-01	5.465112432231524e-01	5.665722225860443e-01	5.569226853025303e-01	6.990343334358757e-01	3.575496971433402e-01 
55023	6.127169412002922e-01	3.644540156216821e-01	5.312043867569849e-01	3.185913702672848e-01	5.962487802112164e-01	2.276922848924391e-01 
55024	6.705255129911365e-01	5.717338214456831e-01	6.969273012709626e-01	5.068114820837017e-01	5.841847698636067e-01	6.234058812097001e-01 
55025	5.385975843809536e-01	5.505567285448619e-01	5.966986407297007e-01	2.749169723050554e-01	6.864844447077295e-01	3.557512000651564e-01 
55026	6.433452845588986e-01	6.368847573524832e-01	5.524236964815167e-01	7.118220678240517e-01	4.943883980349251e-01	6.926174702160283e-01 
55027	3.885212344162437e-01	4.418074075143123e-01	5.952947788090799e-01	4.372808133929267e-01	2.364439368504824e-01	5.385381826167408e-01 
55028	2.370258633216705e-01	2.920977202149054e-01	3.670356454324913e-01	3.799044521591528e-01	2.284934165580700e-01	2.819382082777325e-01 
55029	4.813148060658349e-01	4.453366719630524e-01	3.681353917529688e-01	3.863075222942307e-01	4.111291348247968e-01	2.969535674940058e-01 
55030	4.390610645500213e-01	4.435961059135671e-01	3.980983705255127e-01	4.019156570681917e-01	5.289039405602998e-01	1.115357870322174e-01 
55031	4.839725763953588e-01	7.422156376890788e-01	4.919704853585745e-01	8.506328657234402e-01	4.898975095688739e-01	7.419292323711582e-01 
55032	5.795490870498656e-01	6.604587686271870e-01	5.899065959765037e-01	6.909882521390013e-01	5.357509565011748e-01	7.777571094940758e-01 
55033	5.747678331422512e-01	8.478928647086439e-01	6.061696409976409e-01	6.496876431662801e-01	6.850775233574116e-01	6.874124993467021e-01 
55034	5.507761963903111e-01	3.521175005292418e-01	5.830448614323861e-01	4.658353163566072e-01	4.893954235213471e-01	3.083700024528471e-01 
55035	7.263208149591285e-01	7.358174647620747e-01	7.904944567536956e-01	7.260127339133080e-01	7.496778917405644e-01	7.532700821075931e-01 
55036	2.278521154914566e-01	2.601727074677742e-01	1.600889147046751e-01	2.182700513243017e-01	2.039234487547702e-01	1.722956359635620e-01 
55037	4.227901690045031e-01	4.634895184747300e-01	3.127937434195678e-01	3.644456147010106e-01	4.961126773007637e-01	2.178046561062265e-01 
55038	2.231061594956827e-01	2.609206408961536e-01	2.922164089484116e-01	2.817195810242061e-01	1.572335407419918e-01	3.869968226372760e-01 
55039	5.841357464824144e-01	4.299986525686696e-01	5.466191057315450e-01	5.657043122395897e-01	4.392994913258616e-01	5.515245570350842e-01 
55040	6.335658224280183e-01	7.441772678803489e-01	6.935395126100634e-01	5.982233156858294e-01	7.467271741266855e-01	6.092572494546491e-01 
55041	7.221520579187169e-01	7.887935505901204e-01	6.731390953477823e-01	6.575616969276917e-01	6.476696562453259e-01	7.338015572392095e-01 
55042	3.984568333856107e-01	7.413759888647382e-01	4.700178005509313e-01	4.535324972950316e-01	4.820493579637826e-01	6.614070066645128e-01 
55043	5.839175982955178e-01	5.343513962531963e-01	5.531557942938784e-01	5.006366019541229e-01	4.565559130471410e-01	4.765823982891957e-01 
55044	5.993455150019305e-01	6.351041972605682e-01	6.509257677343953e-01	4.729164947961320e-01	6.753450255345705e-01	5.226585429091990e-01 
55045	6.618678652197574e-01	2.949016124649132e-01	5.002287767662519e-01	6.256130590439100e-01	5.777586975975405e-01	5.443875667426303e-01 
55046	8.030933488539438e-01	5.431504949188175e-01	7.169649250953201e-01	6.410967515969872e-01	5.276553559731225e-01	6.352394156811918e-01 
55047	5.132370077318446e-01	7.144181147402962e-01	7.017451044570344e-01	4.550176658708578e-01	5.985286746515966e-01	6.950513572515425e-01 
55048	2.953126181898229e-01	4.712396758314769e-01	2.143252311241692e-01	3.233434834010073e-01	3.492534679139935e-01	3.462713074011384e-01 
55049	6.793964143142466e-01	1.679976884249935e-01	5.518514691839429e-01	4.450986710721589e-01	5.222831211165937e-01	3.399004043856657e-01 
55050	5.490519552585322e-01	5.699928854340546e-01	2.283508923751419e-01	5.013254473749524e-01	6.252913935874884e-01	4.184149071649873e-01 
55051	7.086683155058114e-01	6.606651548417628e-01	6.612718446730916e-01	6.942098229273015e-01	6.662341701203620e-01	5.047345013624672e-01 
55052	5.340602793611892e-01	5.781980539776690e-01	4.641298748194799e-01	5.252291864363401e-01	5.538120128032459e-01	4.947957728732629e-01 
55053	4.685569760796739e-01	3.232030601943337e-01	4.621810904469165e-01	3.720319255096566e-01	5.449366867314118e-01	3.031301576500818e-01 
55054	2.762661591398226e-01	3.801653184647903e-01	3.784129951054880e-01	5.148055785343464e-01	3.377490401653916e-01	3.923508819318672e-01 
55055	5.013548526564406e-01	4.858746156942901e-01	5.593891545132937e-01	6.572555446247698e-01	3.719581943216372e-01	5.375160622113511e-01 
55056	4.530789237218332e-01	4.445228390057204e-01	4.192102985026642e-01	4.587564090399563e-01	5.297151377317708e-01	2.457959392873856e-01 
55057	5.761126800372121e-01	5.044421407963395e-01	5.528907888875685e-01	5.800759881697488e-01	4.295170273469787e-01	6.261389681783043e-01 
55058	1.929251364056851e-01	5.065434489480400e-01	2.990212602050393e-01	4.303905223738944e-01	3.141726115904512e-01	4.570256481303465e-01 
55059	2.490844789222476e-01	3.447529041435649e-01	3.494162091912559e-01	1.634417946626834e-01	3.829160616580938e-01	3.232388520233026e-01 
55060	3.473257618637083e-01	4.364472300004108e-01	3.406227707364104e-01	5.224876200995059e-01	3.779452024668369e-01	4.646559422093677e-01 
55061	4.105866824125253e-01	5.024899012683550e-01	3.460003570948530e-01	5.032081493660217e-01	5.412319354627111e-01	4.665731067745487e-01 
55062	5.597966353852928e-01	3.454541639033378e-01	6.423317335651818e-01	5.302845783455584e-01	4.614472242516184e-01	6.625224760215968e-01 
55063	5.391224597668098e-01	5.725318959304135e-01	6.301916968758510e-01	5.605831932950671e-01	6.443979111351075e-01	4.806429596062119e-01 
55064	3.657718840869039e-01	5.725766226008761e-01	5.008142029855798e-01	5.513940281651966e-01	6.086640019433781e-01	7.356936969378716e-01 
55065	3.804962110366861e-01	5.168050074579124e-01	6.049349651106164e-01	4.231205596426479e-01	5.707384371201193e-01	5.146965898195932e-01 
55066	5.601756728367884e-01	4.755114680490551e-01	6.968998026364865e-01	5.786158049433414e-01	6.149405663309601e-01	6.208500640078964e-01 
55067	6.254547843054481e-01	6.376708893342757e-01	6.782240233336275e-01	6.914525375118337e-01	6.431587894139714e-01	5.926261979899425e-01 
55068	3.565329766935967e-01	3.235310411656999e-01	4.952313647567285e-01	2.824001429904844e-01	4.675212200369358e-01	4.755076855773342e-01 
55069	6.506083923091364e-01	5.581851224301531e-01	6.799640380842045e-01	5.881673315701692e-01	7.266206936815367e-01	5.392191159555537e-01 
55070	5.734385026185768e-01	4.656822119610357e-01	4.931883081858897e-01	4.592789714705289e-01	4.767204500747101e-01	3.789153087276914e-01 
55071	6.439922828754633e-01	6.532965672436434e-01	5.673992435217790e-01	6.511939027039259e-01	5.695323399534928e-01	5.307960189463702e-01 
55072	5.222137747069429e-01	6.234957449531382e-01	7.553939727975549e-01	5.836387121065165e-01	5.283504081561130e-01	8.583316864189960e-01 
55073	5.489491592771670e-01	6.058237162529487e-01	4.822228361954907e-01	7.442632586748641e-01	5.245208586150747e-01	6.366854831778194e-01 
55074	4.345298621247211e-01	4.482598280685384e-01	4.093791935661458e-01	3.977243984865197e-01	3.569447581256189e-01	7.098153265912082e-01 
55075	7.332155826075754e-01	3.988021116778337e-01	6.950744854295834e-01	5.343960139506547e-01	6.466536839544520e-01	4.310898358868676e-01 
55076	4.552184144570725e-01	6.897241499032627e-01	6.945346334453923e-01	6.388672404290439e-01	5.865937846718976e-01	6.132018188274886e-01 
55077	6.231533614708022e-01	6.316901401756061e-01	7.048776389258397e-01	5.808014092946394e-01	5.752173151696248e-01	5.897925766733925e-01 
55078	5.901009825635082e-01	6.775246269156971e-01	4.743227856208078e-01	5.988896349688024e-01	5.937738483100345e-01	6.183981748800096e-01 
55079	4.531082775879868e-01	4.778707763433893e-01	3.496092208942093e-01	7.423102492736419e-01	3.700222912874780e-01	3.482436108120666e-01 
55080	5.452288357134470e-01	2.691671599093344e-01	7.086475296962165e-01	6.474371964820599e-01	5.068476839449788e-01	3.316442060020979e-01 
55081	4.123936412909726e-01	3.823253768824641e-01	3.352961411237115e-01	4.790231863114360e-01	2.139229222007950e-01	4.042788626017281e-01 
55082	4.236247812484485e-01	7.239951535281182e-01	2.420535289293828e-01	5.619166760813732e-01	5.834105536893444e-01	3.725288170379247e-01 
55083	4.755522510611752e-01	3.573622749090384e-01	6.327702347533188e-01	4.967890362760120e-01	3.743421585811691e-01	6.886112922943900e-01 
55084	6.530390418165031e-01	4.921100794205518e-01	5.308925687209642e-01	9.067923419862938e-01	3.762849194049067e-01	6.269702813945399e-01 
55085	6.838713655676462e-01	6.996570641147639e-01	4.809438037165283e-01	7.340428123519620e-01	7.054128962020454e-01	6.704087259527726e-01 
55086	6.030629598650238e-01	5.405613282496704e-01	5.462723855589939e-01	6.132451519065530e-01	4.198662223098270e-01	4.203669824297787e-01 
55087	4.881335215784878e-01	5.401440214932374e-01	6.189260029273345e-01	5.782966119577621e-01	5.726734224626964e-01	6.731881309555998e-01 
55088	5.176552126033489e-01	4.874909249572041e-01	2.961160466872371e-01	5.128300551459710e-01	4.354828667352201e-01	3.778175400884546e-01 
55089	4.554778782580092e-01	1.961136308634743e-01	3.697406387732837e-01	3.721840637962074e-01	1.616222112330120e-01	3.624849567710673e-01 
55090	4.771395196042078e-01	5.556999843130461e-01	5.844400540878198e-01	6.682444419125888e-01	5.250518869116818e-01	6.584689673222270e-01 
55091	3.364536515346771e-01	4.145362722724829e-01	2.755946760021443e-01	5.244900178907272e-01	2.498843277619582e-01	5.869234871533398e-01 
55092	6.172183955799779e-01	7.631488761376873e-01	5.699967718721156e-01	7.992464374417156e-01	6.124114786707587e-01	7.042015764809749e-01 
55093	6.675527548044726e-01	4.076150428119840e-01	4.152756693744331e-01	3.892081987161052e-01	5.092776165317381e-01	3.413908411256336e-01 
55094	5.919820750116054e-01	4.067769699244431e-01	2.809454724730547e-01	7.059557998995527e-01	2.603056466550097e-01	3.626569234915513e-01 
55095	5.563673065048806e-01	5.881002606620425e-01	3.830028624899571e-01	4.961761472257885e-01	3.913299294455186e-01	4.029576574331073e-01 
55096	2.406679783527477e-01	2.568494068604258e-01	2.379538510182335e-01	3.507904633809673e-01	1.211533419983902e-01	2.758707368163992e-01 
55097	3.293746862337492e-01	3.168094483972891e-01	3.638665988560481e-01	4.010031643518716e-01	3.687103981713448e-01	4.239634113513731e-01 
55098	5.092715174703728e-01	7.896709496669136e-01	6.304030811561714e-01	5.780941783635204e-01	6.818448352215236e-01	5.501888446912855e-01 
55099	6.689557656748506e-01	6.738235053425635e-01	6.399022357168296e-01	7.263194141737570e-01	5.768287272382444e-01	7.094957760943426e-01 
55100	7.005294495947147e-01	5.519765630594637e-01	5.686830311845384e-01	6.355767373541303e-01	6.207933549507814e-01	4.037610412854106e-01 
55101	4.988921400441971e-01	3.503279081459368e-01	5.293492057712118e-01	4.049222967680366e-01	3.952580209132828e-01	4.843844480223520e-01 
55102	6.086070981312273e-01	5.843815379523043e-01	6.206027221444357e-01	5.150523661345263e-01	5.914425786201494e-01	6.309532146654282e-01 
55103	3.465612311328738e-01	6.862052496698010e-01	6.272358892238878e-01	5.850297259236610e-01	6.294692977336582e-01	6.580080284938041e-01 
55104	2.711007096511379e-01	4.762232939558124e-01	4.104974217997698e-01	4.408501798920338e-01	3.538814148850106e-01	4.946859473127833e-01 
55105	7.036676762580014e-01	7.248289362154783e-01	7.375971665409469e-01	6.486277490613189e-01	5.852101696005163e-01	7.404291210992777e-01 
55106	4.791902168601168e-01	6.312515342645446e-01	3.881200452465108e-01	3.787166893908762e-01	4.933679763150102e-01	3.701898046961522e-01 
55107	4.010928374325138e-01	4.502571943168236e-01	5.512491144464071e-01	3.060424428177352e-01	4.688771306882857e-01	5.408996734511954e-01 
55108	4.158096340494292e-01	3.214616520125682e-01	4.622979793376871e-01	3.895381193947851e-01	4.026143548846809e-01	4.465107797231264e-01 
55109	7.077389859826320e-01	3.554843981564287e-01	4.458461842245249e-01	5.630637928584605e-01	4.554722255113263e-01	4.829030888654037e-01 
55110	6.373512336885130e-01	5.578943232183078e-01	5.923462668437773e-01	4.051812953124462e-01	4.743825587232935e-01	5.451442336178302e-01 
55111	4.709230688746204e-01	4.246123097594525e-01	5.479619498943605e-01	4.759729441567341e-01	6.195860516039638e-01	5.109860488624066e-01 
55112	3.396435123939038e-01	4.127300696392915e-01	4.953203635331432e-01	5.698768691587286e-01	5.260707421204325e-01	6.391953131574504e-01 
55113	2.628347564503067e-01	3.003926144938092e-01	3.405066237438705e-01	2.933779369858957e-01	3.983203316552631e-01	3.901726277520113e-01 
55114	2.644706986308318e-01	6.273734119594814e-01	3.924580600875521e-01	5.895292596576320e-01	4.688207152138414e-01	6.415083471056258e-01 
55115	1.956295052598825e-01	3.312255920579471e-01	1.408085996318051e-01	2.734967363144322e-01	2.338996705980104e-01	1.800494547440284e-01 
55116	4.997457364114362e-01	6.836401944414339e-01	4.861093948844102e-01	5.317002775428187e-01	3.776103823983673e-01	7.210487889548884e-01 
55117	4.189982264298078e-01	4.311173464018257e-01	4.831900332237451e-01	5.423864975576642e-01	6.086577690636075e-01	4.891960781484646e-01 
55118	3.452147092523642e-01	5.242744249565100e-01	4.677522755239794e-01	5.370819910722493e-01	3.836084021785291e-01	3.488733332605560e-01 
55119	6.005289330977752e-01	3.566242089046656e-01	5.269837561175073e-01	4.780965324762868e-01	4.103986493310655e-01	3.227608331159157e-01 
55120	2.344552419184323e-01	5.743639463638253e-01	6.623867066751374e-01	4.532580684691552e-01	4.623348905729792e-01	6.840588255048401e-01 
55121	4.284900827971935e-01	4.810108448413825e-01	5.524276921623716e-01	2.266627524293108e-01	4.023885401588403e-01	4.523005408194002e-01 
55122	4.564616597878833e-01	6.584307059558037e-01	4.962090635959133e-01	4.917665000875661e-01	5.959336005441169e-01	4.216306904841772e-01 
55123	2.247918649643692e-01	1.195577085452678e-01	1.796029877866715e-01	1.009274250169266e-01	1.689051713082620e-01	1.509447791275859e-01 
55124	5.933342860434447e-01	5.196470414301813e-01	6.470359961975940e-01	6.335995730205546e-01	6.535689268693939e-01	5.184768354756015e-01 
55125	5.534434983921166e-01	5.031967121394192e-01	5.812838588118358e-01	3.949668127769229e-01	5.834765093251502e-01	6.414742688500943e-01 
55126	6.494845468502222e-01	5.366398060691329e-01	5.540538362775506e-01	7.605134510211274e-01	4.588862905597440e-01	5.609768471650793e-01 
55127	2.881931327561834e-01	1.745883902359978e-01	2.114900495979124e-01	3.431901958693009e-01	2.484057557789092e-01	1.826817456691286e-01 
55128	4.897476718640549e-01	5.035094204269112e-01	4.857784377424644e-01	6.656106876318224e-01	2.862953669224907e-01	7.419874565804103e-01 
55129	2.579381831108940e-01	4.457225285185192e-01	3.020367440997864e-01	2.882713845448661e-01	2.820959738638641e-01	2.236314864132242e-01 
55130	3.899227582227311e-01	2.554300733825423e-01	5.672603589493976e-01	5.659537910421384e-01	3.291529815236708e-01	4.770665453841874e-01 
55131	4.705872669078011e-01	4.420163721762543e-01	4.115361914786758e-01	8.226046643883366e-01	4.422800948417334e-01	4.813707192523625e-01 
55132	6.087964398025385e-01	4.267491453642526e-01	4.350160808658167e-01	5.003188855058909e-01	4.902873266799501e-01	3.146145075181535e-01 
55133	3.958808904568917e-01	2.416916083172040e-01	5.421882989116059e-01	3.977543763813527e-01	3.150064126091304e-01	4.109667010742082e-01 
55134	6.951183214252301e-01	4.913770098470915e-01	8.210682517055500e-01	6.052150131335602e-01	7.790575145112050e-01	4.600653571979471e-01 
55135	5.639617508097783e-01	4.567014330087008e-01	6.736318699549513e-01	4.028080858982807e-01	6.652181159369593e-01	4.716039170937036e-01 
55136	4.765415761065632e-01	3.174625148270102e-01	3.807570469221437e-01	4.481077158377291e-01	3.851506982268376e-01	4.745418554495393e-01 
55137	6.700113941614276e-01	6.626561776664405e-01	6.291103559444575e-01	6.183984071296458e-01	6.333429350607457e-01	6.513980678688196e-01 
55138	6.043028796915197e-01	5.368855981860803e-01	8.799838410056169e-01	5.090190548036446e-01	6.018725231899076e-01	6.133119271655356e-01 
55139	6.732712914927128e-01	5.682974736114725e-01	4.056387510423736e-01	5.809842374834293e-01	4.896961579327582e-01	2.707848049750571e-01 
55140	5.277525555228875e-01	8.477261318891212e-01	5.327831059979529e-01	6.536007450147586e-01	7.171602797863765e-01	6.635164825317136e-01 
55141	6.548356002251853e-01	4.554747984675900e-01	5.511528539051415e-01	5.965666822154452e-01	4.905290498801939e-01	5.630742349283491e-01 
55142	6.063060595994612e-01	6.942222113272716e-01	5.659234218361252e-01	8.099969272372993e-01	6.223744565633578e-01	8.522825965592196e-01 
55143	4.755319631319129e-01	3.143543672004903e-01	3.494248673996271e-01	2.910990850351434e-01	3.155305510949804e-01	3.335887957294793e-01 
55144	7.602807141131538e-01	5.429450626621152e-01	5.818515358297374e-01	6.109394784142133e-01	7.594112081016761e-01	5.494345642865543e-01 
55145	6.257204507416783e-01	4.627908901758639e-01	5.779228240221173e-01	6.044744597535370e-01	5.297872393874491e-01	4.681039429895500e-01 
55146	6.819608840394112e-01	6.875496626660138e-01	4.891379678427367e-01	6.206160473527995e-01	5.426722416208785e-01	6.668891831470124e-01 
55147	5.940674677491773e-01	5.890759042085272e-01	6.792338190021722e-01	4.645235372808306e-01	6.243877557798874e-01	5.451986605914079e-01 
55148	5.930623679831184e-01	5.427871603905304e-01	5.379741790827643e-01	6.246546565999269e-01	4.561768543845013e-01	5.006700543573833e-01 
55149	6.325150117856222e-01	5.475438199168952e-01	5.089964025601859e-01	6.613130127287834e-01	5.453189181017576e-01	3.385379055854897e-01 
55150	2.541897274940928e-01	3.146169774560492e-01	5.048405501461043e-01	3.533356138365576e-01	5.310181445339539e-01	3.942770041362329e-01 
55151	5.045780880321347e-01	5.375001092707319e-01	7.050158748895544e-01	5.635830904748459e-01	4.296050064806248e-01	6.725456035983562e-01 
55152	5.184603187344334e-01	1.939456864105730e-01	4.760349235619494e-01	3.767623710095229e-01	3.233765264227026e-01	4.153537530113752e-01 
55153	4.213017454173125e-01	2.764729390755258e-01	1.831176930948925e-01	3.899192056762630e-01	2.811603357675936e-01	2.129185751496704e-01 
55154	5.236879900011555e-01	8.654600178643145e-01	4.829098552915616e-01	6.372233006417334e-01	6.163200736994447e-01	6.990695605653811e-01 
55155	6.392635200974066e-01	5.593433230284046e-01	7.665003336517657e-01	5.418099030038355e-01	4.613487227111397e-01	8.214592435487417e-01 
55156	5.971265978469329e-01	2.951514471218925e-01	8.247966342353765e-01	5.020290477740915e-01	4.575669050653867e-01	5.835100318605795e-01 
55157	7.854548473536621e-01	4.884533034124921e-01	6.679559076499378e-01	7.400961957451690e-01	5.180257759124951e-01	7.103480703656131e-01 
55158	2.765806338769478e-01	2.543748212017680e-01	2.835567282948842e-01	4.216416868209856e-01	3.176480751333700e-01	3.022585157461865e-01 
55159	6.746391090355973e-01	4.486110541340564e-01	5.798454001595661e-01	4.025310843520552e-01	7.564837158341657e-01	4.156595211741626e-01 
55160	5.492303556345898e-01	3.715915335272092e-01	5.077532107524719e-01	3.681680049985797e-01	5.836283165367872e-01	3.972831606157315e-01 
55161	4.469927235084685e-01	5.632293947493450e-01	3.020269869720046e-01	4.995726276266183e-01	2.506616530751291e-01	7.896842697134507e-01 
55162	6.872644315754978e-01	5.365092589696756e-01	6.667278296657291e-01	5.998857078790356e-01	5.791058995629994e-01	4.952300439037682e-01 
55163	6.440334015243743e-01	3.270877029234145e-01	6.021838519614737e-01	4.989490044458825e-01	6.792401545908637e-01	2.789483994906369e-01 
55164	2.604691757634113e-01	3.922669372773595e-01	3.800137605370719e-01	2.793878207758477e-01	3.982999846720641e-01	3.318448180385880e-01 
55165	4.570746742124456e-01	4.978070024542754e-01	5.159878351513547e-01	2.061851197964512e-01	8.110989980984271e-01	5.311952184415112e-01 
55166	5.042926168582446e-01	5.680668648044470e-01	6.019546961490010e-01	4.670913038902203e-01	7.479524087390786e-01	5.735201088344087e-01 
55167	9.082115573320712e-01	8.174019999319581e-01	9.085354938480954e-01	8.232827966721075e-01	8.771076695038441e-01	8.354744451046254e-01 
55168	3.066236300636227e-01	4.601477136964409e-01	5.382712166541460e-01	4.102840640969029e-01	3.582882101886392e-01	4.169558955927520e-01 
55169	8.495395228410156e-01	7.177759717975475e-01	6.858686951220903e-01	6.624322354327373e-01	7.907907988088320e-01	6.126850452019111e-01 
55170	5.063990360999057e-01	7.642810344010047e-01	5.154232704311650e-01	6.134448098345957e-01	6.593411009547081e-01	4.292978296864630e-01 
55171	4.357710813971697e-01	2.986318761515468e-01	4.732063512775350e-01	4.982421711191475e-01	2.553113085950657e-01	4.724038666937676e-01 
55172	3.473584175402063e-01	6.742482576748298e-01	3.291945767708319e-01	6.929177081069460e-01	4.148858152340659e-01	5.232529240067438e-01 
55173	3.124319933759023e-01	3.971976376119652e-01	2.646589059455743e-01	4.722261548149333e-01	3.124419132925116e-01	3.692011070722988e-01 
55174	5.872696064397774e-01	6.090318679899269e-01	4.770210877108485e-01	6.895628085894525e-01	5.456451346147623e-01	3.408792877161623e-01 
55175	5.383514549788547e-01	5.506767239421275e-01	4.451894823730338e-01	6.923941071376650e-01	5.690230241406478e-01	2.870864389714665e-01 
55176	5.780702464626217e-01	8.050505735360503e-01	5.772656800076352e-01	7.711073618080230e-01	5.352232051747228e-01	6.581626878694486e-01 
55177	3.838856345627901e-01	5.292300987881289e-01	4.543831275722529e-01	2.843561486018343e-01	5.524524591513101e-01	3.324986902951006e-01 
55178	7.305584220151138e-01	4.940591306819437e-01	4.645595945702330e-01	5.563785013818763e-01	5.314723361988744e-01	4.307202118021375e-01 
55179	3.114592857096464e-01	4.361531284641738e-01	4.185668245381972e-01	4.883028210673274e-01	3.860186764900268e-01	5.768254128037437e-01 
55180	6.989825637928995e-01	5.303752852501774e-01	3.561817907905052e-01	7.026214012133890e-01	6.063404218874014e-01	3.402209507632435e-01 
55181	3.418396010363619e-01	2.459437377729232e-01	3.708494438356098e-01	2.347588089841088e-01	2.674552464722200e-01	2.089220698060878e-01 
55182	3.059507561415727e-01	6.609164260652451e-01	3.090434815230546e-01	2.848934869509150e-01	5.618190691568653e-01	4.501267420622908e-01 
55183	6.251917421879969e-01	6.207539505053223e-01	4.825802375065103e-01	5.939911863799929e-01	5.901875367967124e-01	6.789199356045612e-01 
55184	6.522889630289452e-01	6.251684829493933e-01	7.419844050950593e-01	6.736084955361825e-01	6.506994269378905e-01	7.210625453702710e-01 
55185	5.470377232655596e-01	5.637558569693192e-01	7.789358555839704e-01	6.371130776702294e-01	7.226238819801010e-01	6.191459921528809e-01 
55186	6.184109381659098e-01	5.432495303322673e-01	5.040372009963789e-01	7.192982102541936e-01	6.172938109970219e-01	7.372913040705309e-01 
55187	4.687217150452987e-01	4.458363188950323e-01	6.587280224189359e-01	4.338073655195633e-01	5.212775309509758e-01	4.066514720464290e-01 
55188	3.410463228377808e-01	4.875814049627955e-01	3.434077270548090e-01	4.771039340878465e-01	4.280833595932240e-01	3.661140979769094e-01 
55189	6.648043455732338e-01	8.004091811361167e-01	5.972612749401631e-01	6.399166587455717e-01	6.004233807658736e-01	6.752527254695030e-01 
55190	6.585375009001229e-01	5.432207471179846e-01	2.649883542538594e-01	4.234776121121823e-01	5.880380185179098e-01	2.649927954795378e-01 
55191	6.084690722215624e-01	4.950149682300670e-01	8.034861611309714e-01	5.227563098652939e-01	7.395878578393847e-01	4.801018867797921e-01 
55192	1.630604416788727e-01	5.291262143273485e-01	3.596372431669845e-01	4.056211780330539e-01	5.151938455326588e-01	6.301740047580797e-01 
55193	6.076046009915889e-01	4.051882863418518e-01	6.781846485189915e-01	3.074585363198614e-01	6.223338573516961e-01	4.586687592121577e-01 
55194	3.726518124709643e-01	2.866961148577328e-01	4.965721640153706e-01	5.251464955139676e-01	3.343181715404424e-01	5.700189077743523e-01 
55195	5.434001611904069e-01	3.921665969291062e-01	5.634038953020355e-01	4.683098880204455e-01	5.793066351973524e-01	5.991106122295433e-01 
55196	6.858496412000763e-01	4.506070483528358e-01	6.689041081170504e-01	3.772768183549429e-01	6.266884428771354e-01	4.451317563010569e-01 
55197	3.887082650418668e-01	2.311166084971819e-01	4.668093009323074e-01	3.511071622293385e-01	4.687086059936529e-01	4.228125366673869e-01 
55198	4.345634837425559e-01	4.228122300441033e-01	3.890040521957952e-01	3.169956675274525e-01	4.019909241011655e-01	2.911808336886805e-01 
55199	3.515679669736869e-01	5.377962757021285e-01	6.499102621584383e-01	4.681079112672593e-01	4.165226552479335e-01	6.111549050583738e-01 
55200	7.474260535506662e-01	5.743792506192720e-01	6.145071989222115e-01	6.224130657674077e-01	6.314047312161086e-01	5.499449429746014e-01 
