16401	2.368324149722310e-01	3.375781076745572e-01	3.271271165148946e-01	3.373899812953229e-01	2.520249179167768e-01	3.720402735104798e-01 
16402	5.298060409167585e-01	7.007996585268931e-01	6.962306480547817e-01	5.187322788984765e-01	7.252620660088556e-01	8.638760766558385e-01 
16403	4.823608602622099e-01	4.019715359593711e-01	4.377422517461819e-01	3.536693034046393e-01	5.300668157093171e-01	3.223252359953740e-01 
16404	2.784386448177074e-01	2.603111974270088e-01	2.721085409517475e-01	2.028598045027999e-01	4.390400891170738e-01	2.902107437994456e-01 
16405	4.467052025962344e-01	4.257496466582608e-01	3.623174332585772e-01	4.436769113607486e-01	3.566296400828076e-01	4.175930591951613e-01 
16406	2.588492539962586e-01	4.799558382474506e-01	4.847911360382720e-01	6.614705888509282e-01	3.893310480390874e-01	5.747075403789677e-01 
16407	3.042600763378392e-01	2.824578402210505e-01	3.796609396761021e-01	1.901928866445394e-01	3.249015617435426e-01	3.415678353963733e-01 
16408	3.072962720980736e-01	4.100884438587563e-01	2.943798931462512e-01	3.508964704852397e-01	2.393530051203570e-01	4.413533035040809e-01 
16409	6.439980358290708e-01	6.194932311702077e-01	6.163436068009372e-01	6.043479861811075e-01	6.014115543438432e-01	4.912637497547204e-01 
16410	2.888278752023741e-01	2.937562242784500e-01	6.867608142702195e-01	4.003873544709115e-01	3.239973776044848e-01	3.967896157155783e-01 
16411	7.193100741489902e-01	3.859390349973316e-01	7.172477195391779e-01	4.176138895132038e-01	6.487299920336647e-01	5.707779985661163e-01 
16412	3.494206992166409e-01	5.005927460226045e-01	4.090153877779020e-01	3.338684641032339e-01	5.495621505069606e-01	4.838960335326967e-01 
16413	3.971581787027691e-01	3.377608539100479e-01	4.600321087215972e-01	2.566193027483827e-01	3.097797297128835e-01	3.445045219164682e-01 
16414	4.651231456243766e-01	6.477643961789383e-01	5.462813851560020e-01	5.957344437437777e-01	4.461789244869708e-01	7.263933124972978e-01 
16415	3.344775558448241e-01	3.455118312352848e-01	3.270914560856913e-01	4.081524480586962e-01	3.508395380986936e-01	2.557737999005251e-01 
16416	6.544027580138631e-01	6.218534400462685e-01	6.848224375502503e-01	5.829609893688669e-01	6.316749863370839e-01	5.842750841954203e-01 
16417	3.809751780955531e-01	1.542999330543358e-01	5.129853504430678e-01	4.392012314376869e-01	3.505251852210999e-01	3.510402305539891e-01 
16418	5.909279376097808e-01	5.857168213273696e-01	8.168673209731461e-01	4.810903142343362e-01	5.755723256185465e-01	6.240311970188269e-01 
16419	4.162081445061402e-01	5.482408317166784e-01	4.782897212961942e-01	5.460617107916366e-01	2.842042421926214e-01	5.250361966967170e-01 
16420	3.231981624774719e-01	3.895224833571582e-01	5.975452063327706e-01	4.358193640494610e-01	5.134719682779679e-01	4.367589700374523e-01 
16421	3.329691438821335e-01	4.847913481959905e-01	6.268526193883296e-01	3.979985604197432e-01	5.093337617068761e-01	7.493632871061168e-01 
16422	4.917622509776928e-01	5.935575123891845e-01	6.882362388679238e-01	3.084499068408891e-01	6.016009194872225e-01	6.777142353175799e-01 
16423	2.634250013570341e-01	4.450286545865358e-01	3.158347398464182e-01	2.902714793902507e-01	3.922011510244022e-01	2.743398147462562e-01 
16424	3.267622394718024e-01	7.908099854964020e-01	3.417764143856360e-01	7.052973178983046e-01	4.510621812255579e-01	5.709428032232747e-01 
16425	4.306363040744148e-01	2.519390726160633e-01	4.498339586104178e-01	2.762087474086225e-01	3.438148148839801e-01	2.296994627373456e-01 
16426	5.346784653304160e-01	2.565457975361365e-01	4.891800403224196e-01	4.127554033764217e-01	2.382214110231897e-01	6.261182508804142e-01 
16427	4.036294235905427e-01	2.727327647585274e-01	5.204341358376643e-01	4.182018478484667e-01	2.541130442643100e-01	4.713382101821985e-01 
16428	8.361724334247899e-01	6.365666718070118e-01	7.820499704569166e-01	8.130143666016155e-01	6.987525465004263e-01	7.487376692288854e-01 
16429	7.306065270325406e-01	3.588106583850971e-01	6.719683314951224e-01	2.895363809840447e-01	5.732158635959937e-01	4.408041677250679e-01 
16430	3.507751411764246e-01	3.786584115777102e-01	3.820464981473208e-01	4.380482183368635e-01	1.694779048775779e-01	4.662165802252911e-01 
16431	3.934373599455048e-01	5.060490998767424e-01	4.529248269676862e-01	5.049169939481364e-01	5.349469673541332e-01	4.836119898048872e-01 
16432	6.418889060629913e-01	6.010381177656544e-01	5.272426727179228e-01	6.390594195829924e-01	6.083965555373853e-01	5.024902293599831e-01 
16433	3.315470912397104e-01	4.276289579899607e-01	3.963721459982580e-01	2.395661051950516e-01	5.285905283467907e-01	5.694268816762640e-01 
16434	5.336839127514583e-01	3.059703094389621e-01	6.246776725654584e-01	5.468615804099043e-01	5.619995476997682e-01	2.690441147846984e-01 
16435	5.831646333277556e-01	5.975934614919097e-01	2.468941871261358e-01	5.204106460927543e-01	6.326640551067726e-01	1.444117065836558e-01 
16436	5.143259256536443e-01	6.654948468422786e-01	5.153711334613498e-01	4.570962310358583e-01	6.662051627092250e-01	5.050207703444833e-01 
16437	5.977257774673435e-01	3.688240935917966e-01	6.798477065503077e-01	4.518178522560853e-01	4.757676623312593e-01	4.558358501217934e-01 
16438	3.366067871304801e-01	3.570409592672855e-01	6.716051991992772e-01	5.627714925222838e-01	2.656219711272196e-01	7.652260561510916e-01 
16439	4.193262103388834e-01	5.923177505058494e-01	4.196396627223580e-01	5.871374353837466e-01	4.863229551616770e-01	6.496894235824827e-01 
16440	2.408353052623742e-01	3.599614867158306e-01	2.983785367455102e-01	2.394110381664529e-01	2.926711442799850e-01	3.451300367998455e-01 
16441	3.904098350038200e-01	4.572344671302876e-01	6.261843008281469e-01	5.014852057862149e-01	4.897156693700157e-01	4.722253251074974e-01 
16442	4.975432650090806e-01	2.991035670844056e-01	7.474742088020955e-01	5.359227803275258e-01	3.947226402938179e-01	5.694214870770319e-01 
16443	5.695545438873033e-01	3.909796678066326e-01	5.820623071516875e-01	7.828978141447830e-01	4.272345718037778e-01	4.892622231596760e-01 
16444	3.496881197386926e-01	7.389376661923486e-01	5.667284813612350e-01	4.918163598721350e-01	6.274328545038926e-01	5.069749051309320e-01 
16445	3.157913684636152e-01	7.084499775726771e-01	3.514424248763064e-01	8.229388680068697e-01	4.321760092305854e-01	4.429794289129936e-01 
16446	5.408835192965689e-01	3.561520671764328e-01	4.417001243999542e-01	6.762415614062143e-01	3.603413317652672e-01	3.590341595740699e-01 
16447	5.684924693689523e-01	4.636310865011207e-01	6.746659298288091e-01	5.609688236891281e-01	6.186318347300124e-01	4.746589814867970e-01 
16448	5.185969782425691e-01	6.053920104478826e-01	5.958852528255434e-01	5.578678716095147e-01	6.545498475473976e-01	8.300018399280331e-01 
16449	7.138066651669381e-01	4.581623811073734e-01	5.167358188971702e-01	7.259824472242493e-01	4.275823189800267e-01	2.963682480865204e-01 
16450	6.574422252614824e-01	7.150196310386960e-01	8.697023055010957e-01	7.462808850506828e-01	6.378663990697127e-01	7.594089660391673e-01 
16451	5.061344163768191e-01	6.764605470145695e-01	5.575053338830640e-01	7.433589845774972e-01	4.967449362195465e-01	6.102094108151506e-01 
16452	2.783485477915403e-01	1.985711871316820e-01	2.891416267052320e-01	2.360022976096125e-01	1.848225277196934e-01	2.843225612036639e-01 
16453	5.339361145388885e-01	5.386248209081410e-01	7.766040954059701e-01	5.082745368594361e-01	7.166631479753356e-01	6.959865021324749e-01 
16454	5.856307498377102e-01	6.612460786791744e-01	5.523652888425190e-01	7.743491272259596e-01	6.534193033305757e-01	6.230143794217264e-01 
16455	3.897299203826632e-01	2.611599641893010e-01	2.928600846751439e-01	3.411748009760648e-01	3.293521752193244e-01	3.156406107585722e-01 
16456	4.461550274516396e-01	4.985643009572644e-01	6.129162486880977e-01	5.841926859441744e-01	5.853219920526519e-01	4.503922703324434e-01 
16457	5.648044943649313e-01	5.818394505126749e-01	5.934054860394662e-01	5.822607119128475e-01	6.243114959289651e-01	5.891431274163057e-01 
16458	3.404468494964236e-01	5.273731109411615e-01	5.240673170320926e-01	5.895127477508746e-01	3.892688210244208e-01	3.723787980195795e-01 
16459	5.634151432080895e-01	6.238371454742752e-01	5.904231840486238e-01	5.040786543102418e-01	6.204443961040327e-01	4.932444033637834e-01 
16460	4.642846702788146e-01	7.942452805449030e-01	6.513690614096255e-01	4.773907602316506e-01	6.269035434905648e-01	5.781765862679626e-01 
16461	2.810245391894691e-01	4.239801919068187e-01	4.163383634237358e-01	3.180483106342474e-01	3.194549051380952e-01	3.702071772101627e-01 
16462	3.107406714290556e-01	2.597996709256789e-01	4.931511041030202e-01	3.290945383474737e-01	2.161427315454404e-01	4.077528402470006e-01 
16463	4.672298531023781e-01	4.879065838375165e-01	4.654332396035485e-01	6.747145060946358e-01	3.492192594431592e-01	4.034121830476176e-01 
16464	4.854519130695896e-01	5.055670434412296e-01	5.329550524719119e-01	6.783723050033585e-01	5.415156446888347e-01	6.945879565620785e-01 
16465	4.164112586123787e-01	1.845874897557663e-01	4.406210391229270e-01	4.192969793932013e-01	2.730659197125886e-01	3.197537561281897e-01 
16466	5.573474324155070e-01	6.424437568842154e-01	5.248218195782721e-01	5.185809165054507e-01	6.686841773067820e-01	5.227180504883022e-01 
16467	4.454253266621744e-01	5.959001881233594e-01	5.362500111528152e-01	3.431632118821222e-01	5.416777017898986e-01	4.331866946378516e-01 
16468	4.842336584231264e-01	6.812442668960675e-01	4.405651293134427e-01	5.116813699317035e-01	7.542558824122894e-01	4.692215336164781e-01 
16469	2.622426952150270e-01	5.192674500977450e-01	6.147015897478678e-01	4.040946656532003e-01	3.912855529471580e-01	6.333717076338812e-01 
16470	6.640791365382663e-01	6.209883133250882e-01	7.436026938841016e-01	6.009148529365083e-01	6.723632883354479e-01	6.602927555057265e-01 
16471	5.421672077479197e-01	5.287550150007611e-01	7.212515748671705e-01	4.034139764854743e-01	5.713291340726433e-01	6.402752388868839e-01 
16472	4.151021832831420e-01	5.081651079454935e-01	3.626000756728021e-01	4.959447387602496e-01	6.140038778326260e-01	4.020176262719363e-01 
16473	5.604389235278977e-01	8.400072401854056e-01	6.779814112109952e-01	5.006228411070321e-01	8.107163307136920e-01	5.227272607122553e-01 
16474	5.474859166030205e-01	4.671335211014256e-01	4.440651359972990e-01	2.951004823252584e-01	4.231016894081708e-01	3.887587311657476e-01 
16475	7.201097052507006e-01	4.663832763137236e-01	7.971412596067328e-01	4.109644146831529e-01	7.264641253206363e-01	5.850471778546976e-01 
16476	7.155146388202820e-01	4.196287079698445e-01	5.311483922760205e-01	4.604723662545531e-01	6.757765476595756e-01	4.565810338262175e-01 
16477	5.405235043855435e-01	2.597240062570068e-01	4.428106292873337e-01	3.440374076743214e-01	5.094941553989751e-01	2.569714275137776e-01 
16478	7.548276886482641e-01	7.533735651148126e-01	5.973964575841839e-01	7.075828725619616e-01	7.753640434630042e-01	7.259850934680641e-01 
16479	3.873127320060581e-01	4.736744321871483e-01	3.932286805906096e-01	3.066620575188095e-01	4.635590407483510e-01	4.525870074834412e-01 
16480	3.495280392229733e-01	3.603500490440330e-01	3.729615997021092e-01	4.508464494934449e-01	3.204239023368842e-01	3.635732774416667e-01 
16481	5.216613448687210e-01	4.418283479205667e-01	6.999919088660758e-01	5.161490876519708e-01	5.208990818747494e-01	4.376571306900502e-01 
16482	4.178758122285158e-01	4.900310307091353e-01	5.115182335623442e-01	2.544192489213083e-01	3.367331400488121e-01	4.091979713576923e-01 
16483	7.395106714412514e-01	5.010912321638625e-01	4.375005199236724e-01	7.203276013775710e-01	2.883303973411567e-01	5.374920625957381e-01 
16484	3.307246881382438e-01	2.024448903533596e-01	3.185223237230643e-01	2.034492940833038e-01	3.368082603744228e-01	1.873467739358751e-01 
16485	5.097727755898243e-01	8.135530339234642e-01	6.324171112076573e-01	6.045263850202617e-01	6.748864395261784e-01	6.632184266128620e-01 
16486	6.220426992192339e-01	3.930260967859200e-01	5.767493173667939e-01	3.971269748368225e-01	6.443881469933774e-01	5.178374051207767e-01 
16487	5.958358490506301e-01	6.532935184303450e-01	6.029689589306151e-01	6.273531567804889e-01	7.157181294814270e-01	7.531124395995561e-01 
16488	7.487395332482570e-01	7.770511936793244e-01	8.351088396173100e-01	8.130063049198636e-01	7.454633064872332e-01	7.890134707937414e-01 
16489	4.159545372441003e-01	7.375208943038921e-01	4.802541304186028e-01	6.196665620451864e-01	4.708641516396203e-01	7.075456332296355e-01 
16490	3.140314083715114e-01	6.478895791349722e-01	4.403369221287576e-01	4.731056971585901e-01	4.342638699247988e-01	3.943583925623571e-01 
16491	2.794174731824143e-01	1.940256784803369e-01	3.033131313069800e-01	1.764499086174453e-01	2.390724634701059e-01	2.336421356680684e-01 
16492	3.969958253477766e-01	3.841282049796388e-01	2.820490600458524e-01	2.257450850259205e-01	5.396547958058771e-01	2.979875017371534e-01 
16493	3.033590515985076e-01	4.251116851644758e-01	2.758630468579246e-01	2.877176173503915e-01	3.529519641832122e-01	3.605386952083816e-01 
16494	7.465627100851183e-01	7.328473255355673e-01	7.438328534364350e-01	8.089126827055113e-01	7.486338347759860e-01	7.323735232650567e-01 
16495	2.567924739273859e-01	1.854556341191126e-01	3.540817467849318e-01	2.817319686371115e-01	2.517815338491568e-01	3.106999576088804e-01 
16496	4.320813899357182e-01	2.386934617663151e-01	3.849915633554097e-01	4.866379428196891e-01	2.472903795936853e-01	3.614058180343671e-01 
16497	2.888123349970789e-01	1.157061650769751e-01	2.896432875359670e-01	1.319898726634593e-01	2.455966618355857e-01	1.755532053050797e-01 
16498	2.950394466552698e-01	3.540234415440909e-01	2.699627080539270e-01	3.654215692395144e-01	3.533689795942547e-01	4.884006856574522e-01 
16499	5.818602717287631e-01	4.570601426113665e-01	5.828561789184362e-01	4.894711233214580e-01	4.655543697065281e-01	4.272639395535969e-01 
16500	6.978597332987161e-01	5.344502372498713e-01	8.169779137556125e-01	5.822871018752699e-01	4.911596016588047e-01	6.709402899103989e-01 
16501	6.551746508346048e-01	7.160929744754578e-01	4.562937548017375e-01	5.512730386099468e-01	7.738523531934505e-01	5.866817919470264e-01 
16502	5.029660325443109e-01	6.420937958070742e-01	4.077817016960162e-01	6.032777776439217e-01	5.551928444373389e-01	6.397814904484452e-01 
16503	3.711966506869738e-01	5.269238260269460e-01	5.072153548420499e-01	4.001909372013026e-01	3.684604456523570e-01	6.005967817589802e-01 
16504	3.703422640268614e-01	5.006810671474214e-01	5.853069367191636e-01	4.496699162731077e-01	3.052607298370648e-01	4.902982783584174e-01 
16505	7.190379761332528e-01	7.088710861527017e-01	7.152317400453629e-01	8.055605638010382e-01	7.589207755777341e-01	6.819002712631437e-01 
16506	4.675765058120182e-01	3.446922878187646e-01	8.130427793221392e-01	3.940480013406658e-01	4.239085481047961e-01	6.384518218932340e-01 
16507	4.315952711983655e-01	3.470555843011745e-01	4.244729495910015e-01	3.274332349384473e-01	3.001623326715306e-01	3.318126631022192e-01 
16508	4.624073712589929e-01	7.744357815511409e-01	5.982717966643467e-01	5.268300567788091e-01	6.537906364534158e-01	6.514708331151797e-01 
16509	3.838727229309181e-01	3.357272244236205e-01	4.883615143609750e-01	3.166208736767160e-01	2.276707424790466e-01	4.049375854762988e-01 
16510	5.710914056367212e-01	6.087771892319072e-01	5.706244010384605e-01	4.862832904544855e-01	5.418699580655119e-01	4.592379432889194e-01 
16511	1.581326343461636e-01	3.495809386028594e-01	2.099190938867601e-01	3.145507830027048e-01	1.852548368805187e-01	2.914582678725449e-01 
16512	5.434185822389611e-01	6.050805378169150e-01	6.653343271928155e-01	4.213918254401803e-01	6.221570952222588e-01	7.037278764827347e-01 
16513	6.727450224863398e-01	7.447044341653152e-01	8.162183843104248e-01	6.936645160137933e-01	6.821361962263541e-01	7.904702226761440e-01 
16514	6.811235403583205e-01	7.566422610792196e-01	6.508042911635924e-01	7.097031143155624e-01	6.625574703709813e-01	7.340998184973753e-01 
16515	8.779123656087088e-01	8.954699100797542e-01	8.258034303255889e-01	9.201458879840009e-01	8.445671547381021e-01	8.416589208724933e-01 
16516	6.229934570701643e-01	2.688144394621497e-01	5.120767730838183e-01	4.215627301730737e-01	3.304755020623614e-01	4.557686874348401e-01 
16517	4.731400453202675e-01	3.720819923618527e-01	3.588510406025410e-01	3.027209994435974e-01	4.176482904334312e-01	2.345611159752030e-01 
16518	4.885859895180544e-01	3.449653769765321e-01	4.635661738509108e-01	1.332870786301428e-01	5.228792503287156e-01	3.386662858811568e-01 
16519	6.912177032838664e-01	5.289307884216641e-01	6.630774655265295e-01	7.231320234505056e-01	5.250782336505604e-01	5.992397240806673e-01 
16520	3.892057827647492e-01	5.222058512040837e-01	4.026369655667305e-01	5.079401015551248e-01	3.317953614876186e-01	4.064049673500783e-01 
16521	3.695285592519659e-01	5.775959103851349e-01	4.285296070372359e-01	5.712786498989177e-01	7.033497186905591e-01	4.725301746918439e-01 
16522	6.533070778245864e-01	5.983094005868242e-01	5.189816057395632e-01	6.977283726438676e-01	4.678558761111590e-01	2.550336354081928e-01 
16523	3.455117320728573e-01	1.267274553709138e-01	3.866479655853863e-01	4.471632928137404e-01	2.095644434338973e-01	3.314355399738076e-01 
16524	6.200627112040020e-01	4.470339343090226e-01	4.041051167882193e-01	6.218978049565449e-01	4.888309087829716e-01	6.047737140284452e-01 
16525	7.078571660151090e-01	5.059303830136410e-01	6.327775609059998e-01	5.000686915094448e-01	6.217950537003549e-01	5.720826163265065e-01 
16526	6.291764221375277e-01	5.663492314756253e-01	4.632988709448329e-01	6.984532588493007e-01	6.158556105857869e-01	4.578538525421736e-01 
16527	7.671239629988138e-01	3.577823663067928e-01	6.426258425059556e-01	3.875632096217554e-01	4.781769968476527e-01	5.589873670152417e-01 
16528	5.709052113203591e-01	5.577838178328285e-01	3.902955637655769e-01	5.303231761585054e-01	3.923231924717303e-01	3.312114926035742e-01 
16529	5.923874837873961e-01	3.044069543666612e-01	7.331007893771537e-01	1.537654536414668e-01	3.101090462308632e-01	6.566637663514880e-01 
16530	6.012878799623388e-01	4.910079968333051e-01	9.179053431735684e-01	4.039360823969202e-01	5.589291672035308e-01	5.194398093384532e-01 
16531	2.192231642055207e-01	3.934977934071556e-01	3.205343689685532e-01	4.074304827278031e-01	2.758968752938393e-01	4.472421669583842e-01 
16532	6.075052483731104e-01	6.279906329373888e-01	4.797558997301221e-01	6.805918837235350e-01	6.372563139359873e-01	5.309802901727956e-01 
16533	2.931690069768307e-01	3.362351605193618e-01	4.064103789404314e-01	3.104650565574393e-01	2.891462625323129e-01	3.932798329249798e-01 
16534	7.347801947652536e-01	7.141353230718896e-01	6.488406206476942e-01	7.950313546853007e-01	6.183034041113377e-01	7.622170228137131e-01 
16535	1.665660651432013e-01	3.052079810127947e-01	2.305078546151784e-01	2.009148575945186e-01	2.290703416709767e-01	2.955333711256609e-01 
16536	4.498720194316711e-01	4.264074819592095e-01	5.820436868350204e-01	2.611315687596780e-01	4.124079062255855e-01	3.302513549264555e-01 
16537	2.591115192567313e-01	3.647059490476763e-01	4.336005554806799e-01	3.736970993525117e-01	4.387190966382362e-01	4.787687668153824e-01 
16538	3.439181332093531e-01	3.917214782063995e-01	4.707873914241725e-01	3.342212513961542e-01	4.827635243496278e-01	3.763532897999337e-01 
16539	4.722942901643633e-01	5.887427446856343e-01	3.372437411918664e-01	4.476209816326036e-01	6.372261943633868e-01	3.737795417960209e-01 
16540	7.268863965734039e-01	7.526821928172478e-01	6.622399013148605e-01	7.097225931848998e-01	7.536265946830154e-01	6.794126411371373e-01 
16541	6.401927566862554e-01	4.703815573718236e-01	4.006307939663590e-01	7.573580849694863e-01	3.541625238014933e-01	8.265828790339030e-01 
16542	5.440918132393195e-01	4.490510620834914e-01	4.342292067356452e-01	5.309253381158545e-01	5.417552222219071e-01	2.089396780468163e-01 
16543	4.109259048323932e-01	3.794336160218498e-01	4.085597651737439e-01	3.377394245472878e-01	3.560721576607083e-01	3.470280969693056e-01 
16544	6.879711030922906e-01	6.459036795814177e-01	7.096363447430136e-01	6.388277918322706e-01	6.527444333690470e-01	6.709056629527974e-01 
16545	2.216661869508316e-01	3.989521125676330e-01	4.248706381000744e-01	4.515018381782856e-01	4.134696546320468e-01	5.775003856937020e-01 
16546	4.421806396287720e-01	5.997774163426786e-01	3.405050708495617e-01	6.289143427438924e-01	5.547681763021297e-01	5.343572740511259e-01 
16547	5.026587458024016e-01	3.275437035052888e-01	3.156915841903539e-01	3.626920753259111e-01	4.910292091362413e-01	2.669218199591590e-01 
16548	6.431797388968836e-01	6.307321690845363e-01	6.504521168495911e-01	6.202831545045273e-01	5.671086992616623e-01	4.654989455462866e-01 
16549	4.011610596569744e-01	4.641766256092656e-01	4.098761164372020e-01	3.626864373121024e-01	4.889599149078713e-01	3.538834486843296e-01 
16550	4.383187014019931e-01	2.987762438283051e-01	5.688147579937788e-01	3.523337779375381e-01	3.298465015257339e-01	6.129607628227052e-01 
16551	4.985002291658697e-01	5.895706529831526e-01	2.937564724375750e-01	4.016890257352040e-01	5.241646414397483e-01	1.301801467337653e-01 
16552	4.572856722851523e-01	3.439156874872173e-01	4.880564881391970e-01	4.887685611002479e-01	3.375482073156756e-01	3.676145099084966e-01 
16553	4.647726075245188e-01	4.335980386018473e-01	4.821300408477235e-01	4.923709979548322e-01	3.163643240050921e-01	4.536029216108200e-01 
16554	6.211994702725470e-01	4.595106650066063e-01	5.917403201740548e-01	3.965047644392635e-01	5.353584011046251e-01	3.912910957078777e-01 
16555	6.611712601762845e-01	4.430448197692881e-01	6.248506224571340e-01	4.867655779124526e-01	6.354332667399546e-01	3.778480192751081e-01 
16556	4.082701670152302e-01	6.510568367130678e-01	4.032471745432465e-01	4.087332098934697e-01	5.609448608757091e-01	3.569503986104517e-01 
16557	8.129715257848334e-01	7.849548972986766e-01	7.378187543241144e-01	6.563339923279939e-01	8.506541707538359e-01	6.699978691466213e-01 
16558	2.933877521589325e-01	5.139708065681250e-01	2.771334375881516e-01	3.637900998884648e-01	3.789555819146516e-01	4.891064178886605e-01 
16559	4.921322732185447e-01	5.050941063891172e-01	5.508682540701243e-01	6.520811479154816e-01	2.257518637703346e-01	6.889607563919428e-01 
16560	5.092247103052879e-01	6.518359794789801e-01	6.130829454335094e-01	6.992877761423637e-01	4.330614272179056e-01	5.952822690020854e-01 
16561	3.770959140673077e-01	2.401431771699745e-01	4.118579973783476e-01	3.248961793670591e-01	3.007210889871171e-01	4.842378461898583e-01 
16562	4.696647491874479e-01	6.587623927143178e-01	6.441930779249236e-01	5.030061799521157e-01	6.537559887122969e-01	4.627169879936959e-01 
16563	6.781874911427487e-01	4.169324361391168e-01	6.484765699445814e-01	3.775292587873488e-01	7.013071301060683e-01	3.188225122268319e-01 
16564	2.874384903758382e-01	2.620490292567560e-01	1.993345267183676e-01	3.098715752619773e-01	2.111358141747355e-01	1.275284366189784e-01 
16565	6.489030099595143e-01	3.438950123145799e-01	6.705975726280011e-01	5.041132102986381e-01	5.335756559059743e-01	3.720606444308524e-01 
16566	5.282879324088668e-01	3.715954830233327e-01	8.286571247295785e-01	2.263578721944025e-01	6.199393096580070e-01	6.516621773817870e-01 
16567	3.099567314370966e-01	7.154366761850512e-01	6.244644584331369e-01	4.385761753383013e-01	4.878449061071963e-01	4.868566913616639e-01 
16568	4.987702735170596e-01	3.759399150370152e-01	5.929751153651971e-01	5.073404792264360e-01	3.460765330074622e-01	4.632516030736710e-01 
16569	4.494722380153782e-01	7.197205505231099e-01	3.868399066107947e-01	5.801329162334117e-01	5.585815906159930e-01	5.936111321218427e-01 
16570	5.806131278336639e-01	5.495480553953804e-01	5.490988590198442e-01	5.969705745153073e-01	6.004747693911245e-01	5.845030004061442e-01 
16571	5.466001513615761e-01	3.899379935287549e-01	4.600185818842346e-01	3.802521715778653e-01	3.938441907859352e-01	3.927226076638549e-01 
16572	6.511194867974404e-01	6.213794197793626e-01	7.117226059754038e-01	6.880752298402107e-01	6.573642781947682e-01	6.637525362425674e-01 
16573	2.694089061729635e-01	3.123487123368500e-01	5.192045538808239e-01	5.279762422905719e-01	2.805068888726689e-01	3.868304924871430e-01 
16574	3.391441754889258e-01	3.645714616112006e-01	3.838412521846495e-01	3.174177254244837e-01	2.828533238268548e-01	3.879128300733335e-01 
16575	6.042733881557043e-01	6.285138658830252e-01	6.659590918676783e-01	6.657747406952852e-01	5.833805340474634e-01	6.546609098770653e-01 
16576	6.787731416712792e-01	7.066022584405018e-01	7.774499774885297e-01	6.436247962429863e-01	7.563731332662322e-01	7.811413866528163e-01 
16577	5.152355341320379e-01	2.496494643214298e-01	4.265282681374604e-01	4.255139149542809e-01	3.980733906872354e-01	2.938183852140801e-01 
16578	3.813663083275348e-01	7.980454453512847e-01	4.369698575159447e-01	6.024449325199123e-01	4.898636770625925e-01	5.362405942884437e-01 
16579	1.326238378632880e-01	3.808278223126041e-01	2.667738864082808e-01	3.241305851720783e-01	2.552997249630688e-01	3.955280457357937e-01 
16580	6.568225456849340e-01	2.802585012247080e-01	4.385941337924832e-01	4.674792656067280e-01	3.210506706093403e-01	3.672785386590915e-01 
16581	6.704017848568620e-01	2.126863867919798e-01	5.286418056421167e-01	2.682672610578048e-01	5.673869489184673e-01	2.256075351232869e-01 
16582	3.295863095511205e-01	3.015307568121079e-01	4.765142629591632e-01	3.312385755045500e-01	3.756710332171511e-01	3.978875699155768e-01 
16583	6.679538999980498e-01	5.814767127250696e-01	5.394814477309511e-01	7.234486270703757e-01	4.376832623488765e-01	6.143584201718265e-01 
16584	2.641348570270840e-01	5.278520133062052e-01	3.537552434228821e-01	4.551509464635130e-01	3.430541201078174e-01	4.855216863101586e-01 
16585	5.792805601016049e-01	7.091722098811932e-01	5.174930469062031e-01	6.731583207190092e-01	7.112530152471561e-01	5.630596725815493e-01 
16586	3.111825551741387e-01	1.876719956056411e-01	3.048170122742412e-01	2.810078533875775e-01	2.442371582631990e-01	2.382149206625336e-01 
16587	2.909147447422937e-01	6.156899691989388e-01	4.119781211304938e-01	4.777929694129204e-01	4.942414906082490e-01	5.242341029350028e-01 
16588	5.129118814029053e-01	5.164480465600649e-01	6.698724130635220e-01	3.420921701882018e-01	5.907412180560208e-01	6.269845534996109e-01 
16589	6.615372402753583e-01	6.697480866953452e-01	8.264544766588900e-01	4.432303417848499e-01	6.917117036982537e-01	7.341652265707623e-01 
16590	7.522936746666219e-01	7.577162293684623e-01	7.188139394466198e-01	7.798906748295815e-01	7.090981602473329e-01	6.815987601260181e-01 
16591	3.916700817668537e-01	4.582421682642183e-01	4.771994529388991e-01	3.793148979292506e-01	3.666427201367166e-01	4.323136040057253e-01 
16592	5.966998314554781e-01	5.667776679748950e-01	4.903015611372717e-01	6.530845094309335e-01	5.553278169470439e-01	4.896406957133051e-01 
16593	5.663485714749945e-01	6.044776839408885e-01	4.706527531231949e-01	6.595421862363873e-01	7.356891206232009e-01	4.693799542610219e-01 
16594	7.247892009589836e-01	6.099548345350090e-01	6.449988451519650e-01	6.753474165460119e-01	7.569716198546435e-01	7.504542015219953e-01 
16595	4.175968019641984e-01	3.961000504563670e-01	4.426286412703929e-01	2.903650765848866e-01	4.287188896500339e-01	3.428294994043665e-01 
16596	6.599998346744391e-01	4.095164649079882e-01	5.139771397938813e-01	5.372246073562283e-01	4.364074627177460e-01	4.766302707631162e-01 
16597	7.590563597057762e-01	6.947148805164822e-01	6.462697730875117e-01	6.696931707582698e-01	6.444847720401211e-01	6.608230216154536e-01 
16598	8.019967424075449e-01	6.714962377443912e-01	6.666354201574329e-01	7.063246513571160e-01	7.646776296631541e-01	5.984914918724087e-01 
16599	2.160764588420496e-01	5.339905647566040e-01	4.414286883131740e-01	5.100744516899460e-01	3.806874723122644e-01	5.033888460775424e-01 
16600	3.721466532563643e-01	5.801514013785434e-01	3.996317926979958e-01	4.846543139855954e-01	6.768576023558772e-01	3.527265145327734e-01 
