61001	5.916589004517957e-01	2.206219226811704e-01	7.606644567708922e-01	2.628720609358537e-01	4.696114387693907e-01	5.628747604923134e-01 
61002	6.147504639196240e-01	5.971488514443111e-01	6.035778820344446e-01	3.733751106100903e-01	5.104775381737698e-01	5.300631546390611e-01 
61003	6.169282316967345e-01	5.208840136467074e-01	5.048535691612109e-01	5.336726401644265e-01	7.193845033248817e-01	4.082995256752704e-01 
61004	6.654047995436772e-01	7.803369614959575e-01	5.783529173519097e-01	6.591880032572012e-01	6.291579478468478e-01	6.239533597248514e-01 
61005	7.015553689188451e-01	6.558818822884662e-01	4.115992364401945e-01	6.632235117754649e-01	4.883185057492463e-01	5.019653122243121e-01 
61006	6.623330358963950e-01	7.182211278737507e-01	6.071218016098257e-01	6.836547657470093e-01	5.658782691763153e-01	7.562355923856092e-01 
61007	6.306738318305158e-01	2.375466672097480e-01	5.148193475366589e-01	2.972031224399468e-01	5.337836276294053e-01	4.470262500113274e-01 
61008	2.743010917880863e-01	7.504565969603540e-01	5.562280775985651e-01	5.765668703191265e-01	5.102380474389858e-01	7.658657082501720e-01 
61009	4.736597371954387e-01	6.263953246525571e-01	6.255675926916181e-01	2.999287163136191e-01	5.200014404969340e-01	6.841105817513311e-01 
61010	4.907550999975676e-01	5.094521684149549e-01	3.141875050285806e-01	5.645445094346999e-01	5.344354436061054e-01	5.903153775200801e-01 
61011	4.511161803074654e-01	5.404645079106882e-01	3.737329447865016e-01	4.876964263649346e-01	5.127554788436018e-01	4.515641222254287e-01 
61012	5.194428450834169e-01	5.363190492011618e-01	5.015020837276918e-01	4.741886307233084e-01	7.595026651618918e-01	5.314849733040951e-01 
61013	2.198743987081014e-01	1.774100179372033e-01	2.687893544824508e-01	1.656555250716651e-01	2.606629187114436e-01	1.975129337824521e-01 
61014	3.362221879188912e-01	7.886311639423060e-01	3.430847350639761e-01	5.030486273798592e-01	5.963247999278709e-01	6.211841651476990e-01 
61015	3.294590750502013e-01	5.738469290738779e-01	5.448350430749020e-01	2.428365451105294e-01	4.689151559460754e-01	4.643109218736881e-01 
61016	6.914934784475186e-01	5.219553778787605e-01	5.809287644360697e-01	6.179413712429132e-01	5.608200696675191e-01	3.866544399351963e-01 
61017	2.524345331157289e-01	3.535435169915650e-01	3.614699523284588e-01	2.958236301769417e-01	3.200078793467386e-01	3.700962466220711e-01 
61018	6.147092574492915e-01	6.935452974353880e-01	6.356989711130778e-01	6.952111428293928e-01	6.709661840774163e-01	7.050412137351575e-01 
61019	5.387625166458027e-01	5.150193206788234e-01	6.843943295357040e-01	5.749330682503946e-01	5.694058186522228e-01	4.488171251777374e-01 
61020	6.216133695185375e-01	5.574563623942284e-01	4.733627119279482e-01	3.745184717819289e-01	5.332318406738406e-01	3.804894787736257e-01 
61021	8.006003916906271e-01	4.519413382385704e-01	4.582513766489837e-01	4.786977778507380e-01	5.289206308781148e-01	5.852164391646486e-01 
61022	5.437405553612329e-01	1.625104733995019e-01	4.927919107145994e-01	2.708145231010198e-01	3.824539781501599e-01	3.224933260173047e-01 
61023	5.309404460615950e-01	6.868225485199525e-01	6.765824480736389e-01	7.076146379338488e-01	6.381308624306300e-01	7.197132063061804e-01 
61024	2.126272172022097e-01	5.391412034676206e-01	5.304025571767541e-01	3.976386762962340e-01	4.947664629555022e-01	3.655178801809054e-01 
61025	7.543490838609203e-01	6.879729166443388e-01	3.574735180729380e-01	6.485120121652201e-01	5.000857646536596e-01	3.496386062167477e-01 
61026	4.680210869936852e-01	6.536051564084802e-01	3.611430554037178e-01	5.658680500394953e-01	4.516754697139128e-01	3.759782440659691e-01 
61027	4.066549174689612e-01	2.910332044995980e-01	1.713023475895547e-01	3.702230173654206e-01	3.660678477819948e-01	3.043127186549152e-01 
61028	4.702581333808888e-01	6.201005348569568e-01	4.254539195797953e-01	4.105017114232412e-01	5.984635670403677e-01	3.328995449404990e-01 
61029	3.993486576807934e-01	6.453923834909974e-01	4.680769127122030e-01	4.169683164073508e-01	5.817755303504282e-01	4.743659799761532e-01 
61030	5.183602639030720e-01	4.908473020844528e-01	5.115696402159471e-01	5.088342510360888e-01	4.934164350798785e-01	3.124650854764471e-01 
61031	4.044557238571305e-01	3.804043787902355e-01	2.437715785650285e-01	3.994924968552976e-01	5.172403314489842e-01	2.560610350290422e-01 
61032	3.209394403150576e-01	3.596795400433303e-01	2.878538626251813e-01	2.442952707428334e-01	3.604058694579172e-01	2.929447146685629e-01 
61033	6.825922308673240e-01	7.441030932289907e-01	6.831671783606257e-01	7.551420591624096e-01	6.201815903118574e-01	8.035582722073571e-01 
61034	6.021990755581064e-01	4.892203318155728e-01	4.647581356034572e-01	7.128393285077814e-01	4.093090302148591e-01	7.605311146582157e-01 
61035	7.832062403316924e-01	5.722885847908147e-01	7.663290317058010e-01	6.355153747949476e-01	7.310600154323386e-01	6.425606228334637e-01 
61036	5.658426824882482e-01	5.343675138761956e-01	5.228110576856495e-01	6.311842053675325e-01	4.203270975535250e-01	6.096768901427436e-01 
61037	2.028889926761110e-01	3.109115866887058e-01	6.427051266978623e-01	3.365597164918452e-01	5.881345634406190e-01	5.777514532751183e-01 
61038	7.049923645058114e-01	3.662625658396353e-01	5.184837325466822e-01	5.841666306663635e-01	4.358563106983823e-01	2.261264559421698e-01 
61039	4.101708433380431e-01	1.846064325813485e-01	5.061117925433474e-01	2.983431960462358e-01	3.049264717579437e-01	4.083070663655705e-01 
61040	5.200507732340945e-01	3.957002744765973e-01	4.210451208171169e-01	3.932990932069800e-01	3.530908630006486e-01	4.033195832169922e-01 
61041	4.848635201132071e-01	5.490287771110367e-01	5.099487876537622e-01	5.277823233926651e-01	7.370196680041616e-01	5.877098874318107e-01 
61042	3.987900229022315e-01	3.495999535058577e-01	3.238687672086490e-01	4.006786923665656e-01	3.086043002370037e-01	3.662904912536933e-01 
61043	1.811618753933045e-01	4.987527143227368e-01	3.076198260451087e-01	4.265447189726737e-01	3.625908320639011e-01	5.630933264032689e-01 
61044	4.731375696412397e-01	5.898421092089269e-01	3.712427689839293e-01	4.509285338351376e-01	7.764421884337604e-01	4.173453523098850e-01 
61045	7.090518983354122e-01	4.987011787521543e-01	5.604815836336519e-01	7.148036497051327e-01	3.998871119389902e-01	6.303312869650277e-01 
61046	5.008416614337891e-01	6.637285108881138e-01	4.140299710631294e-01	5.182817885125067e-01	4.637832129167015e-01	5.697404717273415e-01 
61047	5.063016022723503e-01	6.542681405506903e-01	5.275245401452890e-01	6.021927359649575e-01	7.452607901838930e-01	5.747252841521531e-01 
61048	3.306607704720427e-01	4.286957644349986e-01	4.271888145072390e-01	5.473396847522676e-01	4.399750855599728e-01	7.021594325657912e-01 
61049	3.348158847881625e-01	1.553463934376557e-01	2.925404006502684e-01	3.097610970398181e-01	2.495377161413507e-01	2.664621383063058e-01 
61050	3.322748523676841e-01	4.436099967954914e-01	3.667641375391033e-01	3.109777980144467e-01	3.644785933580719e-01	3.875827633073569e-01 
61051	5.578013481197056e-01	6.241470121403259e-01	7.411188081862820e-01	5.206449315086148e-01	6.895265991313828e-01	6.277556778827448e-01 
61052	1.756366592157106e-01	2.843599438832400e-01	2.835694655438912e-01	1.628668654933952e-01	2.317722071035606e-01	3.473560910688553e-01 
61053	5.072563085972986e-01	4.578268773056773e-01	6.172084646187636e-01	5.235859814784372e-01	3.701812729251810e-01	6.395704659184620e-01 
61054	7.226857801782747e-01	7.593845901372734e-01	6.218633940357718e-01	7.918413379206730e-01	7.156561593196907e-01	6.226490112440328e-01 
61055	5.784712327080244e-01	1.915266657457929e-01	5.239515090797026e-01	6.851912900126024e-01	5.750036193216015e-01	6.528568277607835e-01 
61056	5.936798077045244e-01	7.618704414510964e-01	5.599955076609773e-01	7.905524718131169e-01	6.668560265163579e-01	6.590788572345951e-01 
61057	4.652318101373742e-01	5.780212018799704e-01	6.079413659969344e-01	6.672844784733618e-01	4.890936816707585e-01	4.965305081732034e-01 
61058	7.541235112784541e-01	6.231353083090891e-01	7.263079588265864e-01	6.657008953386598e-01	5.309034363931190e-01	6.646127897894192e-01 
61059	3.588927909112048e-01	4.913114226011986e-01	2.877613007744258e-01	3.883899538755855e-01	3.869346826336297e-01	3.157400193228717e-01 
61060	4.923619976615450e-01	3.910531080020264e-01	6.317239685161942e-01	5.158770254364911e-01	5.381633698582613e-01	4.275346619649192e-01 
61061	4.476698761808737e-01	6.768664059247981e-01	6.103344082000708e-01	5.790559634620193e-01	6.813288670180593e-01	5.678481408831795e-01 
61062	5.438086245272905e-01	7.141930803879115e-01	5.882621678316413e-01	5.489200229783124e-01	6.268849625291724e-01	6.371896543670719e-01 
61063	4.439806090820955e-01	6.894907771734234e-01	7.026173109920506e-01	5.092895604790564e-01	4.768220597214358e-01	7.731780258450922e-01 
61064	6.390279818961051e-01	4.096147853066553e-01	3.510704487768836e-01	5.664676039496914e-01	5.931204539001493e-01	3.440391379636490e-01 
61065	6.013418037507077e-01	5.422638149742879e-01	5.190152962078627e-01	4.935814695185080e-01	5.524901078461789e-01	6.144249796186446e-01 
61066	5.115642186026247e-01	5.544685560106578e-01	6.792032351775590e-01	7.349441111476738e-01	5.859682487116629e-01	5.757924064417946e-01 
61067	5.888243628786943e-01	4.256830786927879e-01	7.772698209331430e-01	3.349890977582469e-01	5.236164551838947e-01	5.810896908488771e-01 
61068	4.772648356233515e-01	3.433267365862547e-01	4.720133616625995e-01	3.575197537176619e-01	3.680211731246386e-01	3.775674333946901e-01 
61069	3.290089029765335e-01	2.941351878732631e-01	2.622676014935438e-01	2.150716935469400e-01	2.651694384243923e-01	3.843624986192389e-01 
61070	3.920989921742787e-01	3.746276572859623e-01	2.810899098962749e-01	4.178985678022368e-01	4.003435475410897e-01	3.284666380230631e-01 
61071	6.760919169935772e-01	5.335025555225927e-01	5.697162875333450e-01	6.114407288908021e-01	4.728485567389997e-01	5.804669572672253e-01 
61072	5.033455571347534e-01	4.665945857625914e-01	4.529559003058852e-01	4.112361776269402e-01	5.413162239218720e-01	1.778327132487852e-01 
61073	6.531412876556593e-01	6.827790277344243e-01	6.646501343863704e-01	5.975710649255628e-01	5.945231872852298e-01	5.739576866394921e-01 
61074	3.744811610763114e-01	4.562157835472143e-01	4.893654935606745e-01	4.080752865460907e-01	3.751307933311903e-01	6.274724383095829e-01 
61075	4.626710250410547e-01	3.635133397833593e-01	5.163528252974365e-01	3.265539978435097e-01	3.360864985814320e-01	3.469569762975111e-01 
61076	2.402087225909414e-01	6.193420756581440e-01	6.514929855814603e-01	4.299073144973315e-01	4.416408264196616e-01	5.776899441648721e-01 
61077	7.519237163320254e-01	8.011072625076125e-01	3.822032241869899e-01	5.669593632843070e-01	6.619472389787687e-01	4.881693396359308e-01 
61078	5.104299381264230e-01	3.901376674156656e-01	6.854007873380700e-01	4.456437693354508e-01	3.884467903060682e-01	6.008737372628514e-01 
61079	5.399059392401915e-01	3.777023450580640e-01	5.560506082956871e-01	3.857834438512627e-01	2.685868306948303e-01	5.103526747497249e-01 
61080	3.748029195545503e-01	5.913093871325152e-01	5.614815164146663e-01	6.472967561258121e-01	5.283150222284744e-01	5.545975044132204e-01 
61081	3.355920891971844e-01	2.667549430743377e-01	3.850609133091249e-01	2.920245730705613e-01	2.255335982434086e-01	3.971456950888345e-01 
61082	5.407900954392297e-01	5.304187124728659e-01	5.454615183935263e-01	5.403334137288944e-01	4.980989766495306e-01	4.860021310400860e-01 
61083	2.532758729288902e-01	2.417837771628659e-01	2.996398489331021e-01	2.303628969650430e-01	2.577275840315990e-01	2.824848902648577e-01 
61084	5.011147213376057e-01	6.828221457700643e-01	5.996791333450331e-01	3.045932021597346e-01	7.619939633427062e-01	6.123603871539527e-01 
61085	3.153515407077834e-01	2.371143534112536e-01	3.830021913476252e-01	3.584382292550197e-01	2.037040172650742e-01	5.295757157773602e-01 
61086	6.999523258847105e-01	4.609902200634458e-01	6.066437716063133e-01	5.810869956837852e-01	4.917133142742522e-01	6.315868072635483e-01 
61087	5.505346243011884e-01	6.219656760022102e-01	2.924473195381017e-01	3.209409816492675e-01	4.548068596966036e-01	3.539771496071357e-01 
61088	3.291203099287038e-01	5.879838756813824e-01	2.712230690799869e-01	6.208512057635714e-01	3.888871622289750e-01	2.955593129395327e-01 
61089	4.247852854964888e-01	6.016182903759781e-01	2.765059265886309e-01	3.186171812982708e-01	5.741598309977392e-01	3.168470607779612e-01 
61090	8.336303509971779e-01	4.944506368981902e-01	4.483596747909956e-01	5.323829414070236e-01	6.699404617032132e-01	4.503965689246376e-01 
61091	7.199900043036784e-01	5.196694336305173e-01	5.384789097524050e-01	7.262440298801852e-01	5.197513832424195e-01	7.030439390915744e-01 
61092	7.838896317960518e-01	5.623017456757995e-01	5.598110158616656e-01	5.865314560504622e-01	7.751270948423431e-01	4.279264773993383e-01 
61093	3.346484610225595e-01	3.238386338575645e-01	5.162305511750991e-01	4.479816921709217e-01	4.127264646141689e-01	6.583908234615674e-01 
61094	4.099012451490356e-01	7.006329662061710e-01	4.838372679545478e-01	6.494445361276229e-01	5.243758562605210e-01	5.812665547019376e-01 
61095	6.843332154337081e-01	6.249919044407923e-01	7.443058006202943e-01	6.883280364515263e-01	5.318253650232598e-01	6.289841134074736e-01 
61096	3.599066355586305e-01	6.545630940102107e-01	4.295983200459420e-01	5.482976760304581e-01	2.174429202682667e-01	7.077923843680509e-01 
61097	2.967010805618799e-01	5.283339484680889e-01	4.538421207600946e-01	3.931083360314518e-01	3.443270748548547e-01	6.331751883681749e-01 
61098	3.480137461663247e-01	2.693935155818318e-01	4.811775937553336e-01	2.953021129610530e-01	3.385202560531185e-01	2.901450487290554e-01 
61099	3.914506038080635e-01	6.456077465450758e-01	8.376674335401508e-01	5.538612451989010e-01	6.604295803282642e-01	6.335990971847367e-01 
61100	5.782213680205817e-01	4.455464103496610e-01	7.723887762077495e-01	4.536041517466466e-01	5.555920079644849e-01	6.229544438514847e-01 
61101	6.454856682083888e-01	6.565234674697094e-01	5.049121717328586e-01	4.939955224809822e-01	7.375429611089896e-01	6.181758732426187e-01 
61102	5.088864301560034e-01	5.147467389223398e-01	5.191230472039824e-01	5.113104078328926e-01	5.530042987344337e-01	2.837977217952591e-01 
61103	3.300111443772079e-01	1.686525719633367e-01	1.798867148641813e-01	2.278422931699777e-01	2.067883812006809e-01	1.434036124362075e-01 
61104	5.618321932839203e-01	7.212507105193527e-01	4.898737991032561e-01	7.003799315274630e-01	4.559838769960817e-01	6.016304145957667e-01 
61105	5.566850343225240e-01	7.947453365737250e-01	6.080405725141251e-01	7.293284414150922e-01	6.276093146795493e-01	8.098654681138259e-01 
61106	6.291562902065739e-01	5.439359712607983e-01	5.142483509583542e-01	4.718596365324019e-01	2.449716051659811e-01	5.931438711862773e-01 
61107	4.256735189193622e-01	5.627309541403543e-01	5.614989302311943e-01	5.480983241732902e-01	5.416753440320561e-01	6.570492201754764e-01 
61108	3.633624623645364e-01	4.014305420907477e-01	4.214140698853991e-01	4.829322691527976e-01	3.597468704845664e-01	5.092342683894721e-01 
61109	6.531971222823092e-01	6.424121948460432e-01	6.269501139435307e-01	6.070317681844015e-01	5.685155752200435e-01	5.979066457366919e-01 
61110	7.519227398698702e-01	4.393489255407788e-01	5.900488122343528e-01	5.590064085321389e-01	6.501705034911454e-01	4.754815924757393e-01 
61111	5.935746947207980e-01	7.450720341110998e-01	7.881409406692754e-01	6.450770452138551e-01	6.496570382924964e-01	8.295244082767017e-01 
61112	7.116184697014554e-01	5.588770614332621e-01	7.740655154498373e-01	5.115616215061409e-01	6.902820363956991e-01	5.632427186401756e-01 
61113	5.644618607386398e-01	6.432865102892739e-01	6.201215964075915e-01	4.800660058852777e-01	5.829938490740891e-01	5.021731677858958e-01 
61114	9.726058809747148e-02	4.561856059140831e-01	5.127355395422395e-01	5.023207400901744e-01	4.233290083092913e-01	5.590261120743236e-01 
61115	4.196971234621734e-01	6.186644904525060e-01	3.551965482240841e-01	4.594686070958967e-01	4.178735032400925e-01	3.720554696697179e-01 
61116	5.546142810716738e-01	4.819723142799398e-01	4.735309177490840e-01	5.467213876732183e-01	5.528442475771872e-01	4.663530753603596e-01 
61117	2.744861647518436e-01	2.831417042939438e-01	2.347583509465535e-01	3.823825891835467e-01	2.405288895527803e-01	2.374795929439984e-01 
61118	3.564849108307226e-01	5.038259361476438e-01	3.529840757010335e-01	4.049337112976170e-01	3.576896642988864e-01	4.581015324697503e-01 
61119	4.629762867556658e-01	4.635372889685174e-01	3.855903246853802e-01	4.373598954893987e-01	3.903942517993571e-01	4.240322784011000e-01 
61120	6.900382649388377e-01	6.381945892761580e-01	4.940105839975036e-01	6.351173708481768e-01	6.201742345716130e-01	3.384520393184755e-01 
61121	9.017820201498947e-01	8.016895477223408e-01	8.491329381080295e-01	7.978507288206762e-01	8.746714983401492e-01	8.041062964504031e-01 
61122	4.318511687080155e-01	6.024283422726530e-01	4.579545947914482e-01	4.971399623307595e-01	5.173014138577294e-01	5.597577363781227e-01 
61123	4.528954119001163e-01	4.746884950158963e-01	4.501034793975345e-01	4.995519976576125e-01	5.705834685368263e-01	5.937384483776733e-01 
61124	5.390563074501895e-01	5.847000534111647e-01	4.994456780718800e-01	4.917583884708484e-01	4.509562460314616e-01	5.732198161099803e-01 
61125	3.889762323127414e-01	4.908658613185221e-01	3.277854289149557e-01	5.658056805264859e-01	4.508623693489480e-01	4.053117388558143e-01 
61126	4.341627843136245e-01	5.690678239156689e-01	6.003975035924016e-01	3.513326309605108e-01	7.020063466937121e-01	2.751314812379012e-01 
61127	5.926013509835486e-01	6.691701310757627e-01	6.114802617328265e-01	6.834597635579917e-01	5.923591869919107e-01	6.498289845433850e-01 
61128	2.875588646862711e-01	2.853001111610179e-01	3.384100331562311e-01	2.552422210355698e-01	3.625312890198030e-01	2.106439904142104e-01 
61129	5.414283161444634e-01	5.494471867596689e-01	6.856981374265937e-01	5.952342909257873e-01	6.387597320043717e-01	6.419392789724212e-01 
61130	5.070906589053845e-01	5.505600739003893e-01	6.417320999108549e-01	4.053308402393312e-01	4.887319159053514e-01	5.352199031371941e-01 
61131	4.891109625482957e-01	4.060841476169678e-01	5.158924620821863e-01	4.668753910788050e-01	4.723332778176671e-01	5.812790855388803e-01 
61132	6.988340978182289e-01	7.775273810240335e-01	7.172612512353406e-01	8.135469757495718e-01	7.414095482577877e-01	8.245349727541302e-01 
61133	7.188833921474302e-01	4.754370107043470e-01	6.801128477559880e-01	5.277099370333779e-01	4.501956183866683e-01	6.075157900151265e-01 
61134	4.226670811944689e-01	2.931948728361780e-01	5.114810121308668e-01	5.229979733500455e-01	3.185327476886523e-01	4.609442080789696e-01 
61135	5.305534333376218e-01	4.520186710259351e-01	2.658219891731087e-01	4.796613510595895e-01	4.217802930471023e-01	3.372991276029528e-01 
61136	2.303760301938037e-01	1.483903272277962e-01	2.121643657708871e-01	1.872970030922310e-01	1.593041764918040e-01	2.464665269912647e-01 
61137	7.661401943819013e-01	5.079340778172773e-01	4.348563997152794e-01	6.762843113456691e-01	4.898877372258216e-01	4.034287709345312e-01 
61138	6.357867469228276e-01	3.339789430860154e-01	4.603954072585352e-01	5.715705479703910e-01	2.271836547555477e-01	6.684634142484127e-01 
61139	4.244691226592769e-01	7.276110091859720e-01	5.896118811762274e-01	5.020430114182257e-01	5.071217363004954e-01	6.694715683071434e-01 
61140	8.032831926879145e-01	6.284959863661245e-01	6.787550942034764e-01	6.962925929766575e-01	6.956966847653148e-01	6.169782004380635e-01 
61141	6.670316787678143e-01	4.556155397556113e-01	4.345990968231297e-01	6.539842799529709e-01	5.031351614417783e-01	5.227273180820025e-01 
61142	6.883268309726452e-01	5.662302589517693e-01	3.755801984934535e-01	4.977552349652949e-01	5.475706860737346e-01	3.306496338321954e-01 
61143	3.549906227420999e-01	4.146425572387150e-01	5.684494163548255e-01	5.283829003927758e-01	4.684326227890802e-01	4.806437033255443e-01 
61144	4.021133800715637e-01	1.937615572969295e-01	4.845867605257540e-01	2.286858373208735e-01	4.013206425332586e-01	3.293039840184013e-01 
61145	2.935722983503478e-01	3.620504032985098e-01	2.608991678295770e-01	3.569477391524558e-01	2.226612253045613e-01	3.634132862624515e-01 
61146	6.913290628229272e-01	6.738894428933102e-01	7.553101257798778e-01	5.976267464427454e-01	7.559538519617839e-01	6.817151962678496e-01 
61147	4.769265305671631e-01	5.472028232853499e-01	3.639734888457213e-01	5.019328602086564e-01	5.213395968598373e-01	5.027953402483945e-01 
61148	2.828316945162656e-01	3.969578228149786e-01	4.491259307398205e-01	2.544510071964631e-01	4.656417300972108e-01	3.633869984762116e-01 
61149	4.296465009815753e-01	3.280486688591089e-01	4.115877720362847e-01	4.032601577674755e-01	2.610265438242717e-01	3.397957241884934e-01 
61150	6.211404326452020e-01	4.062825548027304e-01	5.796194172495364e-01	5.375640399514947e-01	3.779547740493434e-01	5.463421581477561e-01 
61151	5.234572779631996e-01	4.855932899460125e-01	5.384719678301133e-01	4.613869969802321e-01	3.780013486671705e-01	3.780379308171957e-01 
61152	8.076411241371462e-01	5.237331412529633e-01	7.051910924669089e-01	5.997469559654202e-01	7.582514261715967e-01	7.289536830003389e-01 
61153	4.402901749730570e-01	5.579546540361204e-01	6.113351042377130e-01	6.344013499387821e-01	3.163808355970054e-01	4.848172804344190e-01 
61154	4.707876940036954e-01	5.895834455184789e-01	4.570490020860515e-01	4.902678749294593e-01	6.726319870302431e-01	5.832317127818821e-01 
61155	5.259010413648406e-01	5.905123037649898e-01	5.617551582012988e-01	4.691586551349487e-01	7.079788462082703e-01	3.897806919043481e-01 
61156	4.746845407411309e-01	2.860442578460402e-01	3.167189455297478e-01	5.488437813280957e-01	1.883938086494917e-01	5.382773434368863e-01 
61157	3.744197966358252e-01	1.894960785341444e-01	3.314097638022783e-01	3.482043879624893e-01	3.566636842243504e-01	3.300159091985012e-01 
61158	2.785962891578975e-01	2.975575278483156e-01	4.795751242583304e-01	4.910203013737297e-01	3.385943937978408e-01	5.443759305972181e-01 
61159	6.406889409358347e-01	7.813163885630645e-01	5.986011743243378e-01	7.167145001178645e-01	7.190274905533862e-01	5.218727040392768e-01 
61160	7.330209187722103e-01	5.800065857421647e-01	6.318086896452361e-01	5.136728908592206e-01	6.400668235058369e-01	5.027068522562336e-01 
61161	5.878355110310166e-01	6.432538391115308e-01	5.422594924715001e-01	7.106086189272839e-01	5.617514737721320e-01	7.065641342658183e-01 
61162	5.136295239202054e-01	7.469832282040713e-01	5.928297789027173e-01	6.079761765148061e-01	5.726068352004392e-01	5.606295205379699e-01 
61163	4.114339042940616e-01	5.115732942340138e-01	6.158659698298716e-01	4.052132637033109e-01	5.160056166269178e-01	6.002411283215772e-01 
61164	3.617685141643963e-01	5.631266710114220e-01	2.750513360817284e-01	4.189812886935367e-01	3.111980643706758e-01	3.509384056522432e-01 
61165	4.659269367539983e-01	5.380734296885439e-01	3.598347821050782e-01	4.839242620944712e-01	3.063775521656479e-01	3.975771564849229e-01 
61166	4.110853893991513e-01	4.339114709835772e-01	3.839244249785935e-01	5.537803055889923e-01	2.889552254569558e-01	5.260512354296432e-01 
61167	4.808739827566423e-01	1.904061264453754e-01	3.886943424969015e-01	2.653829001762303e-01	4.021779892401930e-01	2.254643638458568e-01 
61168	5.638996969163057e-01	4.956552590411571e-01	5.142784467113611e-01	5.378897890502989e-01	5.253502939561256e-01	5.626662094787607e-01 
61169	3.050425122537856e-01	3.048871326053829e-01	2.692035404759724e-01	3.263573596445681e-01	3.174941474147939e-01	2.594289149674158e-01 
61170	6.303945299056983e-01	6.524240571198197e-01	7.031834752225165e-01	6.331894726428832e-01	6.463458231880770e-01	6.420107434968396e-01 
61171	4.782538413655383e-01	7.327946065960571e-01	4.685886790877790e-01	6.497654915137054e-01	5.958752237974114e-01	5.460462128489498e-01 
61172	6.389719511628018e-01	5.287101206570437e-01	4.527285691028375e-01	6.306118233991463e-01	5.217210500852103e-01	6.073113908492418e-01 
61173	3.211355526868240e-01	3.199442221061116e-01	5.534605644051340e-01	3.271171330514798e-01	4.510089847181487e-01	5.012193309039147e-01 
61174	3.405005100184868e-01	3.256077359539218e-01	3.778297365929049e-01	4.461235938673400e-01	3.847668335955758e-01	4.017513738642997e-01 
61175	1.816411857371640e-01	2.700008465323179e-01	1.063878731872473e-01	1.383060900839088e-01	2.583527812360616e-01	1.585936378949310e-01 
61176	4.572387296191242e-01	3.551672756496234e-01	6.976479923920049e-01	5.039571338855209e-01	4.856060641097383e-01	6.899558609624723e-01 
61177	3.933279387540434e-01	3.096617617027982e-01	3.639769264333281e-01	3.022505978486628e-01	3.798480355372364e-01	2.977759713861716e-01 
61178	5.846570691578081e-01	7.622573309456284e-01	4.309465939832215e-01	6.125200917672144e-01	5.818050702387549e-01	5.770313802772775e-01 
61179	2.849834733418110e-01	3.867163330102224e-01	3.687691534942938e-01	5.049864800280943e-01	2.497361820201625e-01	5.910015713148634e-01 
61180	5.838726306578461e-01	5.117076351040664e-01	5.419744437240643e-01	4.520397376241415e-01	5.894559212026841e-01	4.452061592620494e-01 
61181	3.677102168524741e-01	4.025495797842858e-01	4.557194470466759e-01	5.679329149678199e-01	3.194091094100403e-01	5.306896872407540e-01 
61182	3.583333111455759e-01	7.735692620502235e-01	5.266288676089992e-01	6.520465645776790e-01	5.361706331107671e-01	7.196364772673133e-01 
61183	4.387407606533985e-01	6.941142066095348e-01	4.298515032450976e-01	5.573470814570869e-01	5.576621350002491e-01	7.075299809845317e-01 
61184	4.572231232361905e-01	3.967989679935508e-01	3.946462284879099e-01	6.056464030510922e-01	3.826878325223326e-01	5.301929902031055e-01 
61185	5.299124567742169e-01	6.784301790902953e-01	6.945056592543801e-01	4.798340291795309e-01	6.006407655844637e-01	6.599640186964317e-01 
61186	7.510936004254216e-01	3.578170233957940e-01	7.739241413822420e-01	5.617744024631893e-01	5.979788917090263e-01	4.055791419646032e-01 
61187	2.981050893462386e-01	8.528010821044052e-01	4.233443945056466e-01	5.951015287692855e-01	3.352411520853600e-01	6.127032659480273e-01 
61188	4.740849622371203e-01	3.959485567029925e-01	4.455714781340317e-01	5.792290984042261e-01	4.362392316628750e-01	6.611666030564627e-01 
61189	7.129812854189155e-01	7.523010883484291e-01	7.026954755996090e-01	6.983504791678254e-01	7.789269342484985e-01	5.737758640227835e-01 
61190	6.003259198192612e-01	5.722971188751029e-01	6.481453580372135e-01	6.545233225852325e-01	6.932362935653276e-01	5.830469647689032e-01 
61191	6.130337147607643e-01	4.476898922945468e-01	7.639916263365467e-01	5.394240646730362e-01	5.437383805436848e-01	6.738601053997944e-01 
61192	4.875274219502908e-01	4.742880762436252e-01	4.627589351515958e-01	4.121396954328965e-01	4.190433792889672e-01	5.333452566346091e-01 
61193	7.069056875054647e-01	8.239768454061153e-01	7.810697110604179e-01	7.265185782905689e-01	7.675203544462461e-01	8.841701775210482e-01 
61194	3.445898165964609e-01	4.946666067127659e-01	2.847597350535253e-01	4.489312026467321e-01	4.494143722347460e-01	4.940944854326241e-01 
61195	5.222038487816445e-01	5.470283092600209e-01	5.405652153283753e-01	5.627588793128089e-01	4.703557193714051e-01	5.043432247160515e-01 
61196	5.241374190011279e-01	5.082752176429114e-01	5.165981309760943e-01	5.129602835932321e-01	4.802079515276413e-01	5.112283799695541e-01 
61197	4.421272563473350e-01	5.155167652821084e-01	5.163133869738037e-01	5.355130321649864e-01	5.753179229485894e-01	4.135020377001429e-01 
61198	4.223910408556518e-01	7.464555271400161e-01	4.318849460744998e-01	6.365060601855637e-01	5.450998110852626e-01	6.289036530872724e-01 
61199	4.438329238151925e-01	6.544786224022303e-01	6.399597721813993e-01	4.529590311748490e-01	5.236236744150202e-01	4.923418429607899e-01 
61200	5.619359462601350e-01	1.674835025465991e-01	4.333424710440933e-01	3.473735854367545e-01	3.634743133362222e-01	3.842994393925385e-01 
