12001	6.704938089192409e-01	7.025744623443118e-01	6.207093129944952e-01	7.927012828129384e-01	5.796037752987810e-01	6.657138861371612e-01 
12002	6.456804449988628e-01	6.484667533084306e-01	7.393348455663454e-01	6.655936914073740e-01	6.488547285809361e-01	7.563086023180050e-01 
12003	4.791794600976424e-01	5.843881190838860e-01	6.087384977392174e-01	4.330223213653546e-01	7.074298105076406e-01	5.971072009985965e-01 
12004	2.513792280349288e-01	6.111213762892007e-01	4.528435851744019e-01	4.789970590691822e-01	6.252384324956997e-01	4.745978772535184e-01 
12005	1.259705359815743e-01	1.689203703756961e-01	2.607816869174238e-01	1.620031833670226e-01	1.958796605548586e-01	1.998463599906608e-01 
12006	2.572760460146905e-01	5.089675905805712e-01	3.993443315568027e-01	4.907410124746479e-01	4.816271760103044e-01	5.902575921310548e-01 
12007	1.251632727368433e-01	1.468564082099374e-01	1.766600988520799e-01	1.428450358590428e-01	1.707922982236322e-01	1.855400182757086e-01 
12008	4.747794009382617e-01	6.242126448458454e-01	5.477890245422220e-01	4.015800437965839e-01	4.440294586290257e-01	6.622457987351779e-01 
12009	2.896772733656191e-01	6.191575494493164e-01	4.966583215704425e-01	2.617073597939958e-01	6.982198787314517e-01	2.821332936643892e-01 
12010	2.207418037887213e-01	4.665225504024935e-01	3.442579820455637e-01	5.729937571290071e-01	4.804780159695410e-01	6.935369539095990e-01 
12011	5.989479230376786e-01	4.930108148462290e-01	4.923268848350160e-01	6.037664964513763e-01	3.113237059586056e-01	6.042918462459161e-01 
12012	8.321196177881791e-01	5.251404428584805e-01	6.313657882305601e-01	4.973515456841895e-01	7.666777346197162e-01	4.975337564248569e-01 
12013	2.563659453796965e-01	2.481199936291870e-01	4.217914125517135e-01	4.656853244214244e-01	3.473053769106480e-01	5.144630536334243e-01 
12014	4.626363041672428e-01	3.137291597598243e-01	4.454592038268021e-01	3.240412412047466e-01	7.403297556268514e-01	3.568749352438776e-01 
12015	4.528418788725113e-01	3.072092442204101e-01	4.621920440434087e-01	3.790718509601518e-01	4.656211801129596e-01	2.573586638133193e-01 
12016	5.353753426356160e-01	6.097519723118058e-01	4.701338449479769e-01	3.825367610589229e-01	7.759726574565847e-01	4.608227637566952e-01 
12017	3.824409687042507e-01	3.198041081862718e-01	3.537991890522452e-01	3.636025062023909e-01	2.640598613766882e-01	2.967558826614021e-01 
12018	7.884716752223062e-01	2.864545683355858e-01	5.764069023699432e-01	5.009968506799315e-01	5.058328444101158e-01	3.417084823328749e-01 
12019	6.229141312824864e-01	4.543844928039458e-01	4.384021874671775e-01	5.682248597534856e-01	3.567383784839572e-01	4.707992583158052e-01 
12020	3.952989255352651e-01	4.979835356120160e-01	2.668872558084624e-01	3.444980094643417e-01	7.574936958064469e-01	4.299664582704320e-01 
12021	3.849829223396563e-01	7.085445206324021e-01	5.522979096745412e-01	5.751466027409249e-01	4.610640970600223e-01	6.126280046613360e-01 
12022	3.791848734821714e-01	3.225862132535576e-01	3.941134581832902e-01	2.455235172089176e-01	4.223727060274756e-01	1.872674388254157e-01 
12023	4.552387837043025e-01	4.535514149148367e-01	5.155368449724611e-01	6.112549681905886e-01	5.336855860286973e-01	3.596133642335247e-01 
12024	5.698762195316345e-01	6.825916754358103e-01	4.923457367408300e-01	7.347380252170934e-01	7.338630200596850e-01	6.670019132140150e-01 
12025	4.435904226427413e-01	6.336958178390716e-01	6.046794192392949e-01	4.222510264590814e-01	5.529160590376283e-01	5.500589945756730e-01 
12026	3.704558177737800e-01	4.679823762908191e-01	6.527758009065106e-01	5.330584924829558e-01	4.809650597154415e-01	4.313352126788481e-01 
12027	5.653858787449015e-01	7.065125476726308e-01	5.845281783925285e-01	7.165031973256196e-01	5.855200163724896e-01	7.216263486096690e-01 
12028	4.077397072490193e-01	2.024521534383691e-01	4.404272898464674e-01	2.804780051492110e-01	2.193825679179488e-01	4.512657658257542e-01 
12029	6.895900619676567e-01	5.287586937027822e-01	6.723355877607722e-01	5.439628143130202e-01	5.934820209981899e-01	5.984872427050019e-01 
12030	2.758729846229674e-01	5.263666838122421e-01	5.333992150101901e-01	5.073457809228052e-01	4.189358974848916e-01	6.138712578552282e-01 
12031	6.825012399651413e-01	5.992227384870543e-01	6.447197069117856e-01	7.092161196612128e-01	5.990134345561891e-01	8.331517718935468e-01 
12032	3.905332414072359e-01	3.519999356266227e-01	4.280028923017831e-01	3.772619952879694e-01	3.685700768574228e-01	4.924979121564865e-01 
12033	3.062584420959567e-01	3.351379188126242e-01	4.324075544005241e-01	3.666905803941616e-01	3.108597423721763e-01	3.220565123254890e-01 
12034	4.624959453751091e-01	3.960044969176171e-01	5.306817760746445e-01	7.091992421607445e-01	2.461228488717845e-01	4.871079999626588e-01 
12035	6.363846042887000e-01	5.392861542741643e-01	4.728375596133993e-01	5.685248522059581e-01	5.884737970423318e-01	4.748986151004712e-01 
12036	3.398936923434299e-01	3.299477018172468e-01	2.444855127895826e-01	1.762573440145568e-01	2.832686120716491e-01	3.208787518394828e-01 
12037	5.052126497507590e-01	5.128722730801727e-01	5.927460442526737e-01	5.243697888734566e-01	6.250450349672206e-01	5.124199310326680e-01 
12038	5.097276711520932e-01	5.108241800886573e-01	6.863554651947827e-01	3.609778450313076e-01	6.000384439973465e-01	5.813837649308901e-01 
12039	6.042625161739195e-01	5.927321654763287e-01	6.946495005826562e-01	4.527611338253154e-01	6.951200822779877e-01	6.251791087244691e-01 
12040	3.802236750681922e-01	6.227301414978972e-01	4.900410114365006e-01	3.428748141114892e-01	7.521055408864185e-01	5.734582618987447e-01 
12041	3.704246207265332e-01	4.298020121833209e-01	4.109523437118073e-01	4.473105467983102e-01	5.130681201927176e-01	4.706368331306302e-01 
12042	6.145802750333417e-01	4.091768144354453e-01	3.555126168661751e-01	4.664109914696833e-01	3.942259552434957e-01	4.415573814018494e-01 
12043	8.426967180647393e-01	7.316055884051222e-01	7.544003531302533e-01	8.008910045255458e-01	7.033127661010865e-01	7.053519730978957e-01 
12044	2.888453873647968e-01	7.019778482459360e-01	3.880163923970739e-01	6.424918246066148e-01	3.007462026990185e-01	6.905782017115798e-01 
12045	2.687141159996211e-01	3.202715640397949e-01	2.847145614603646e-01	3.525623847200689e-01	3.040211861022040e-01	4.011721285855143e-01 
12046	5.727325038702917e-01	4.524986789270408e-01	3.068647647114682e-01	3.296834148144291e-01	4.704535960252869e-01	2.877602361328382e-01 
12047	4.342489747768362e-01	4.013672319499696e-01	4.472076001169199e-01	4.846645681087505e-01	2.552409534081424e-01	3.049646151919116e-01 
12048	3.349994886384591e-01	6.489627878038294e-01	4.129963253571525e-01	2.567788919811505e-01	7.719330063769212e-01	5.090272652033987e-01 
12049	3.808594723524018e-01	3.406542014906745e-01	2.248095489322393e-01	3.648253153823586e-01	4.034715659332269e-01	3.145591397592380e-01 
12050	6.191662800249338e-01	4.479653366433003e-01	5.604232137516695e-01	6.980092077010696e-01	5.509445189068154e-01	6.436392157203035e-01 
12051	2.637673859362610e-01	5.236652989096153e-01	2.871573665673177e-01	6.207491104731249e-01	3.133731698270893e-01	4.935696449185656e-01 
12052	5.429317931387856e-01	4.612112383239208e-01	1.411024403840273e-01	6.262136879817614e-01	5.380725783996306e-01	3.574622512259883e-01 
12053	4.968058111521547e-01	4.637697034446718e-01	3.406545648758147e-01	5.351461363775256e-01	5.597013567984115e-01	3.257033513483716e-01 
12054	4.371620785398071e-01	6.250425308322474e-01	7.411159464388197e-01	5.742057038755095e-01	6.856215286179521e-01	5.963811035587462e-01 
12055	4.338701611020414e-01	6.659211131860603e-01	5.878527007631016e-01	3.165145012852966e-01	4.617008319391577e-01	5.937387315877868e-01 
12056	5.522270121771018e-01	5.493569000047196e-01	5.100462907527756e-01	5.413120356416498e-01	5.300845905864411e-01	6.686269857825209e-01 
12057	6.161123073765105e-01	4.612660294366349e-01	5.286516910713714e-01	4.640605305308386e-01	6.418360041837602e-01	4.617557816278344e-01 
12058	2.568589773806431e-01	3.986833895265189e-01	1.861330080414516e-01	2.673020007439115e-01	3.367749940874890e-01	3.920188428265703e-01 
12059	4.421248449999500e-01	4.682304787586189e-01	6.582201452429356e-01	3.775698320154173e-01	5.562899758271032e-01	7.688158490091354e-01 
12060	2.278743658481962e-01	2.952469547935022e-01	1.712672467830106e-01	4.118541908301065e-01	2.089767273975215e-01	4.626354821065866e-01 
12061	4.899042689171150e-01	4.433595753393581e-01	4.897044556884802e-01	7.090420461628424e-01	4.921845507854667e-01	7.086360380470303e-01 
12062	5.010398121295612e-01	4.360909346623024e-01	4.195683406176560e-01	2.979074325058726e-01	4.641718225543963e-01	3.071647063994445e-01 
12063	5.326977350603072e-01	4.826118751140709e-01	4.885004091055007e-01	5.295481294038297e-01	7.088619674522292e-01	5.110241666597580e-01 
12064	4.215231060374566e-01	3.867628105443803e-01	4.040091788366972e-01	3.209339807219728e-01	5.678688041356788e-01	2.333424019598728e-01 
12065	2.680242399968141e-01	1.465159811418020e-01	2.618255503985460e-01	1.915267857365731e-01	2.342994369336964e-01	1.499240932684140e-01 
12066	3.454476469569253e-01	2.306380916603490e-01	4.527909585006961e-01	4.657327846759692e-01	3.514137944755706e-01	5.833339913809661e-01 
12067	7.588028321856487e-01	4.355337769537007e-01	4.455800170740300e-01	5.275544855907099e-01	4.813400265956800e-01	3.457056398693223e-01 
12068	3.852741354226689e-01	3.677982483870285e-01	3.596747865190125e-01	3.660964556955496e-01	2.911088528727737e-01	3.338116518851932e-01 
12069	3.778770951273286e-01	5.232114357090794e-01	4.609623842618773e-01	4.768217948007261e-01	2.918331831671126e-01	7.035612514137894e-01 
12070	5.930025854940402e-01	2.774017564571527e-01	5.084248687747157e-01	5.292019617724544e-01	4.939799362247399e-01	5.006977490175029e-01 
12071	3.600677777080258e-01	5.118999609039860e-01	3.659386250435666e-01	3.956974626129551e-01	3.849538990004694e-01	4.288461775929407e-01 
12072	3.933242982207700e-01	5.924485321042250e-01	6.341057663889019e-01	5.690752768791029e-01	3.371851058978081e-01	6.990555078691234e-01 
12073	6.592476074627028e-01	3.374006035959489e-01	4.417376136405235e-01	6.425461769153635e-01	6.538163534199286e-01	1.353064347238452e-01 
12074	5.886297207577853e-01	5.897850040802171e-01	4.314887289259342e-01	6.672124921897580e-01	5.545135163821786e-01	5.185882024415298e-01 
12075	4.174625902208539e-01	3.371369860836555e-01	3.841036159649113e-01	4.277593857899843e-01	4.655315932465896e-01	4.637799047794379e-01 
12076	5.707467662395480e-01	4.130751277894433e-01	4.290494246995089e-01	4.124556084054048e-01	3.601399479871359e-01	3.882245859157286e-01 
12077	2.664603600296665e-01	3.668718174124472e-01	1.806313312417869e-01	3.857760480240742e-01	4.146526678044971e-01	3.303367022172783e-01 
12078	5.887354252129318e-01	4.845992855098271e-01	6.247542768276269e-01	5.669053783796406e-01	4.678450903500584e-01	4.346170216783715e-01 
12079	7.199220897911165e-01	7.448268115610052e-01	7.750954024225453e-01	7.291772970291092e-01	8.408207737708345e-01	7.177133153523729e-01 
12080	2.924771671321210e-01	3.606157958112453e-01	4.416559092769392e-01	3.804598366778020e-01	4.039034813446477e-01	3.669290765851081e-01 
12081	5.806797875566887e-01	7.831917308879243e-01	4.779027209613764e-01	6.395175323453368e-01	7.958963361835857e-01	5.844380267203524e-01 
12082	4.331686151122659e-01	4.571947382337095e-01	5.265611209140895e-01	7.323055400878490e-01	4.521496694500232e-01	5.340014844852966e-01 
12083	7.406179456184477e-01	4.637457740548637e-01	5.099560458214123e-01	6.421406800863046e-01	5.307699757955597e-01	3.945212580111713e-01 
12084	5.830849531934528e-01	8.248034304421636e-01	5.952205133497752e-01	7.914231877204747e-01	7.724760774019481e-01	6.639254525405680e-01 
12085	6.266327662116051e-01	5.976311507124470e-01	5.912164699910324e-01	4.828104775839853e-01	7.650921592639842e-01	4.983594927330445e-01 
12086	6.532888324146566e-01	2.071322367488322e-01	5.812633574973443e-01	4.874219775870464e-01	4.247258365323482e-01	4.843141518660860e-01 
12087	6.183732574146579e-01	3.229353503365370e-01	4.391354673669530e-01	4.714822284783241e-01	6.457598345624829e-01	4.007536682141085e-01 
12088	4.044401307146710e-01	6.054411122809225e-01	7.101908413976521e-01	2.720787080613952e-01	7.998369662741748e-01	5.871214745998430e-01 
12089	5.402744946777961e-01	5.444191967356786e-01	6.465247818049256e-01	5.154558589569062e-01	5.021601763432374e-01	6.477133218640735e-01 
12090	5.585381377188252e-01	6.762188140411866e-01	6.403715847070859e-01	5.757410770234738e-01	5.702589555477462e-01	5.248241857767693e-01 
12091	4.309956816386744e-01	5.893868336568705e-01	3.961847180153504e-01	5.096367538392952e-01	3.712944677081775e-01	4.431997889778979e-01 
12092	4.393577587907191e-01	6.761954813798228e-01	3.172569909378027e-01	4.386431651779974e-01	2.903159996980306e-01	5.138623188493565e-01 
12093	7.083143234600847e-01	5.351914824305457e-01	6.964869708663630e-01	7.368314808929678e-01	5.955923336310890e-01	6.773706924774839e-01 
12094	3.626460472808534e-01	4.893043256823424e-01	3.939868420285465e-01	3.503195626972773e-01	3.000491689738694e-01	3.672703342511605e-01 
12095	4.728470976296931e-01	5.423611796409311e-01	5.986816607973051e-01	4.021624622223882e-01	4.823975231129700e-01	4.818105912417394e-01 
12096	5.884345477017838e-01	5.860170992956456e-01	6.472846558673930e-01	6.225567560123128e-01	6.922528436686113e-01	4.219332591817184e-01 
12097	7.976627955114457e-01	5.465514977163536e-01	3.809615586785048e-01	6.261078560645013e-01	3.651644317104183e-01	3.778348707076334e-01 
12098	5.242308837578993e-01	6.708005250427272e-01	3.630708919619361e-01	4.721540757299034e-01	7.065314431499746e-01	5.169990363186562e-01 
12099	5.788261124885341e-01	5.419697477257376e-01	4.827093148020239e-01	4.848039751554254e-01	4.369397484010527e-01	4.313084060053878e-01 
12100	5.313895736855483e-01	6.929469649473372e-01	5.837427932725336e-01	4.736287792358438e-01	6.267463411762297e-01	4.817491979736803e-01 
12101	3.049471308930554e-01	4.142306196458486e-01	3.448414653546754e-01	3.758344432742301e-01	4.040646254369607e-01	4.216028763114320e-01 
12102	4.552293075881803e-01	2.933434956325837e-01	4.691830523775967e-01	2.593847749703214e-01	5.795193931023939e-01	2.990946238985410e-01 
12103	4.761398930726105e-01	5.389208185610161e-01	5.264435491406831e-01	6.443193462979506e-01	5.321755518453829e-01	5.859572213378569e-01 
12104	6.616378327498774e-01	6.156615198128365e-01	7.349100516395289e-01	7.276424277648624e-01	5.763919626850197e-01	8.095651098195930e-01 
12105	3.470197841578094e-01	2.610849768109726e-01	5.590033921599500e-01	3.119735637253120e-01	4.755007622468232e-01	4.029024358936916e-01 
12106	2.501587152196009e-01	5.315258584171719e-01	4.994895047591205e-01	7.294473312716396e-01	4.380314450605329e-01	6.225424562181131e-01 
12107	5.217500399236041e-01	6.591306369004644e-01	5.336999522919622e-01	5.747421636946239e-01	6.100947030561337e-01	6.428955092296367e-01 
12108	6.675046824099504e-01	7.487424679385180e-01	5.688982604385278e-01	5.831069793581420e-01	6.794194634182207e-01	6.135646096729079e-01 
12109	3.696496913133273e-01	5.160112236283786e-01	3.953689988685772e-01	4.158852656233067e-01	3.708612455772456e-01	3.648099573338024e-01 
12110	6.466784564644927e-01	5.243409570302289e-01	3.855741004362729e-01	4.193633019253149e-01	4.558624325455074e-01	3.735319315319879e-01 
12111	4.190467141702764e-01	5.423555292083233e-01	5.260521222887611e-01	3.055051222347666e-01	6.383921080477988e-01	3.077876250715789e-01 
12112	6.791664892693203e-01	3.781851339786874e-01	5.636051765835500e-01	5.912072354689801e-01	6.139225450084846e-01	4.943691083577424e-01 
12113	3.165953091670206e-01	3.506349267157043e-01	4.172383810865047e-01	5.728146221601562e-01	4.180278757655961e-01	3.052444507511953e-01 
12114	6.240473031837832e-01	5.592261252711401e-01	6.147949909748283e-01	6.838424737000944e-01	4.660381646687950e-01	4.838169942014748e-01 
12115	2.269304079186974e-01	2.127516179776980e-01	1.939242104249483e-01	3.417816230576155e-01	1.756190635677319e-01	2.921768588388192e-01 
12116	7.040001412933555e-01	5.935888050069662e-01	6.855014066292091e-01	6.638493797516094e-01	4.904942133653201e-01	4.900220254494666e-01 
12117	9.780395626742253e-02	1.244095210761921e-01	1.593258622083413e-01	8.754178693824352e-02	1.580430552279853e-01	1.380215255822817e-01 
12118	4.771623314223078e-01	3.780531518844183e-01	8.561080485283092e-01	5.620282339186893e-01	5.027012733888957e-01	5.636872885749948e-01 
12119	2.241110061662678e-01	2.899948990751330e-01	2.936533904734816e-01	2.989766138871424e-01	2.647424794473621e-01	2.760239427809423e-01 
12120	3.219316580067002e-01	4.290138417271440e-01	2.480909503234186e-01	6.288497995781850e-01	3.613174274235041e-01	4.423886595321915e-01 
12121	4.734848995897033e-01	7.598801674084048e-01	6.645108211069184e-01	5.379671298916249e-01	6.587125060365717e-01	6.666423674075771e-01 
12122	3.560885387800716e-01	6.426210498623967e-01	5.002857883550033e-01	6.148507391953951e-01	4.775565248711149e-01	4.160374854405069e-01 
12123	5.158977367009152e-01	5.616621344987436e-01	5.276901488022712e-01	4.103891049962500e-01	3.416948113591107e-01	6.148561624667772e-01 
12124	4.592155102420487e-01	5.169334743516020e-01	4.247131538313188e-01	3.391357619989648e-01	4.596849359927567e-01	3.301319836353474e-01 
12125	5.231275947443976e-01	3.716968693979881e-01	6.728472001323926e-01	5.051323772709357e-01	5.370707921199520e-01	3.172430937659834e-01 
12126	7.368608393396263e-01	7.436322572777501e-01	6.573779434431030e-01	7.132384262468141e-01	7.110245891736582e-01	5.957749504729370e-01 
12127	4.042241591383522e-01	2.144267911535390e-01	4.539633834412776e-01	1.752201010191923e-01	3.355364388586226e-01	3.996973541490765e-01 
12128	5.789720828892236e-01	3.636751021010697e-01	6.154359276120858e-01	6.499638311393809e-01	4.386532807812528e-01	5.911650568790577e-01 
12129	3.645688302028813e-01	3.039755546051038e-01	3.957215629129844e-01	4.858041396254776e-01	3.280705589475221e-01	5.083534604991056e-01 
12130	4.915535365053175e-01	3.381376198201267e-01	2.232000660763512e-01	3.989837088568253e-01	3.495057517591771e-01	3.774664055439901e-01 
12131	6.127342812517557e-01	5.698391159412288e-01	4.833326980372595e-01	3.650474436181382e-01	6.951923336104993e-01	5.702710645870658e-01 
12132	3.281478753659316e-01	7.122104911089409e-01	2.770945377233686e-01	3.939859350031386e-01	4.193847944669133e-01	5.017962733088146e-01 
12133	5.166548920010362e-01	5.873770579301798e-01	4.679019699328231e-01	5.525355953632672e-01	6.546013901721498e-01	6.428153502959756e-01 
12134	5.613597428145808e-01	3.609069526348160e-01	4.167048136590331e-01	3.717590483492316e-01	5.039946707115645e-01	5.777354396348724e-01 
12135	3.150577874445847e-01	2.868950434467785e-01	3.960867028629416e-01	2.655416316813304e-01	5.109728426031614e-01	4.779896649980763e-01 
12136	7.721610688156012e-01	8.417916881181970e-01	7.016406705799840e-01	5.913215928575292e-01	7.350439867168155e-01	7.630036491886218e-01 
12137	4.358402782567846e-01	4.428429283813085e-01	3.848748350983823e-01	3.132243219069303e-01	3.661533868080288e-01	3.084105053182142e-01 
12138	2.593935266781869e-01	2.562143870794976e-01	2.247441712097460e-01	3.339762506922803e-01	2.013953822760017e-01	3.326284489480986e-01 
12139	4.966924098606977e-01	2.185654447812178e-01	4.508233417597587e-01	3.124593246978655e-01	3.076869204004526e-01	4.393716054016205e-01 
12140	6.282514638335800e-01	5.328293945559552e-01	3.507890283605581e-01	5.454654148387601e-01	4.236063089048254e-01	2.726036718001518e-01 
12141	6.838465853693479e-01	4.952829132268612e-01	5.790159764560194e-01	6.147977070129712e-01	4.080586108726998e-01	5.273480028452021e-01 
12142	3.493423232893142e-01	4.511988050013829e-01	3.093613645466672e-01	3.720322541054737e-01	5.220561189523605e-01	3.264026469919334e-01 
12143	6.320594668225639e-01	4.663098022296440e-01	7.539595643030670e-01	6.145547009046994e-01	6.308710434102767e-01	6.558963110156543e-01 
12144	4.586984196037715e-01	5.301291398707093e-01	3.998299040728482e-01	4.009551288954446e-01	5.810007000248301e-01	5.623932278842598e-01 
12145	4.554067749519402e-01	2.714516474077189e-01	4.363949002623143e-01	3.816103818447035e-01	3.351050494682884e-01	3.261090900654922e-01 
12146	4.164683813687088e-01	6.658430801204387e-01	3.699376339745153e-01	6.745578675035062e-01	5.411606513842175e-01	6.007001912479731e-01 
12147	6.518835966583658e-01	7.189709918014267e-01	5.610029525239884e-01	7.959134622918942e-01	5.141740115715725e-01	7.507259351634838e-01 
12148	7.611037458619458e-01	5.931101648525319e-01	6.699755865534955e-01	6.482310999256682e-01	6.397346866391469e-01	7.189887824298036e-01 
12149	5.832028812775758e-01	4.998374384337643e-01	6.171472637776256e-01	6.114432748692571e-01	5.695069885464989e-01	6.474199409907410e-01 
12150	5.483973572845551e-01	6.741786175462823e-01	5.663462948511433e-01	4.052575818538692e-01	5.311802423192298e-01	5.738485370919479e-01 
12151	5.100203011315458e-01	5.390625734205476e-01	3.429319546913252e-01	5.320771330344394e-01	5.196960173181644e-01	4.734014265964618e-01 
12152	5.168316400991020e-01	4.294818760796738e-01	3.972343471168029e-01	3.917080689833338e-01	5.595923658862032e-01	5.084482076825028e-01 
12153	3.772388196644463e-01	3.673955982046145e-01	3.409038134222158e-01	6.166883551671829e-01	4.279470833195843e-01	4.411289898319181e-01 
12154	7.202765928749467e-01	3.795538836680801e-01	4.963325866671900e-01	6.604849313727170e-01	4.167190161512236e-01	5.361856015190988e-01 
12155	5.220034891192153e-01	4.466067265585670e-01	5.297820396250817e-01	4.476622456182179e-01	2.492925163618022e-01	5.056083218196352e-01 
12156	5.597245451189664e-01	6.159142154929982e-01	7.138077280363200e-01	4.826547208954912e-01	5.556547842806482e-01	6.886875222178662e-01 
12157	6.035507784855070e-01	4.605249296097549e-01	2.882395477487334e-01	4.339854536706172e-01	6.056909607121721e-01	1.548408151523231e-01 
12158	4.410233963201081e-01	4.516777374290895e-01	3.345822388432416e-01	4.352168325629002e-01	4.035835822614894e-01	4.961164429256002e-01 
12159	8.233121151016515e-01	4.127766616175112e-01	6.047719783498378e-01	6.436693845934606e-01	3.584954124769827e-01	5.431540172177149e-01 
12160	7.262600252092253e-01	6.076914990917063e-01	7.335860158858958e-01	8.069114387504729e-01	6.803025924902645e-01	5.734903853317923e-01 
12161	4.245626174834072e-01	4.875503354527636e-01	4.376327709323430e-01	6.969931549136957e-01	3.243035397397984e-01	4.512995115164470e-01 
12162	7.299027648662084e-01	5.238769117771094e-01	5.473382603638104e-01	6.831170648579046e-01	6.635710251123743e-01	5.373955912307709e-01 
12163	5.523823854767205e-01	5.660575640607015e-01	5.068956494764717e-01	6.222845938128176e-01	6.786372607530302e-01	5.909247771448309e-01 
12164	3.607653886985204e-01	5.558248267684309e-01	4.155172693900279e-01	5.746107852524283e-01	3.529721201367717e-01	5.728395689447052e-01 
12165	4.847398165371452e-01	5.683780336931366e-01	4.473156621973219e-01	5.080532802820077e-01	3.980298735335051e-01	5.139862077887811e-01 
12166	6.155226235939790e-01	3.290924824700657e-01	4.541396526934540e-01	2.459051894469984e-01	6.277533984511743e-01	5.154077975767726e-01 
12167	7.641957054841825e-01	5.409007231969523e-01	5.833984387899127e-01	5.448958867649858e-01	5.344213535946449e-01	5.098215912351570e-01 
12168	7.302821201218797e-01	7.154830582538494e-01	8.593825676621012e-01	8.264623122452315e-01	7.540097825140443e-01	7.750418643488151e-01 
12169	5.526857542836742e-01	5.648507483293981e-01	6.684396639238095e-01	6.541455155822256e-01	5.019514053651914e-01	5.704796630512677e-01 
12170	2.390222243266446e-01	5.125751068277067e-01	4.128401035984897e-01	3.533593428384011e-01	2.865333888274279e-01	3.039965248345928e-01 
12171	3.533005872967738e-01	5.265440083379787e-01	4.936518768222047e-01	2.928582128927882e-01	3.524184449186256e-01	3.334546764749697e-01 
12172	5.567732081401880e-01	6.030767525431280e-01	6.884565699888674e-01	6.044964212377946e-01	5.869165507047966e-01	5.579146492414701e-01 
12173	5.542699303313898e-01	5.900549989510367e-01	5.185315404083389e-01	6.854583353292083e-01	6.091567220409531e-01	4.554112468026356e-01 
12174	8.464019830337632e-01	2.551750537961499e-01	4.974119908619416e-01	5.227193716257136e-01	5.614543576051068e-01	5.118288671509124e-01 
12175	2.668732297022087e-01	3.583841540390436e-01	3.545314318087336e-01	1.489009995158558e-01	2.781123224431980e-01	3.499461144603031e-01 
12176	2.194705905679231e-01	2.431567705535029e-01	3.078990142478580e-01	2.447291100263849e-01	2.277460960637714e-01	3.498547687058191e-01 
12177	3.059602088664412e-01	4.560053776602852e-01	3.911284180174274e-01	3.236049461432902e-01	3.137040563702594e-01	3.297858508926546e-01 
12178	4.684737804550061e-01	6.716843744949444e-01	3.047000311707370e-01	5.654765166830837e-01	6.854457813203546e-01	4.297596131784172e-01 
12179	8.052547493504038e-01	6.446746755222633e-01	7.880104251765163e-01	7.640909479580860e-01	6.544699955527625e-01	6.859429833820327e-01 
12180	5.245507797535348e-01	2.824410973950451e-01	4.138895188527998e-01	3.537754147208008e-01	4.756668434878847e-01	3.433272330416037e-01 
12181	4.595989535667769e-01	3.696120136095534e-01	3.234255246792334e-01	5.403265270158585e-01	3.423242955796456e-01	4.673690580470276e-01 
12182	4.444672655003823e-01	6.936138277812839e-01	5.592424886567889e-01	4.104727704536578e-01	7.193849737897597e-01	4.645530946483879e-01 
12183	3.513267494033392e-01	6.874446210087281e-01	5.457848600878316e-01	3.121471026571915e-01	4.497272181902516e-01	4.887938190480619e-01 
12184	6.198494652355356e-01	6.703525025496507e-01	5.081311852828413e-01	8.443139138497556e-01	4.119576295023649e-01	7.247196953338813e-01 
12185	5.995386661165527e-01	8.751273737380946e-01	7.167057305454916e-01	7.225859984915379e-01	7.210678563245636e-01	6.028635860537351e-01 
12186	4.224925902617923e-01	3.463942772216066e-01	4.235457521359204e-01	5.470635555660801e-01	3.128278208941864e-01	5.586121937409088e-01 
12187	3.411110101356600e-01	2.728018132572444e-01	4.200747233941002e-01	2.877249989875616e-01	2.934433736614140e-01	4.102475513081209e-01 
12188	3.734322862771199e-01	6.983763539130747e-01	8.108557003281595e-01	4.401558737861894e-01	7.179836856123690e-01	6.410843826996582e-01 
12189	4.612699788770716e-01	6.915755231102048e-01	3.121736244850476e-01	5.192750783292457e-01	5.550591644030559e-01	4.556459193743579e-01 
12190	5.681683648301630e-01	5.689902066507210e-01	3.933024780700726e-01	4.928251017639373e-01	7.257506857947718e-01	2.905920118079434e-01 
12191	3.734753577316255e-01	4.975032814495408e-01	3.691663785752053e-01	4.241428795428276e-01	4.898924589825130e-01	3.322955651807996e-01 
12192	2.506290575063577e-01	4.733223436233510e-01	3.720583895823574e-01	3.829499953150998e-01	3.677565220440100e-01	3.242578390488369e-01 
12193	4.300859367137309e-01	6.281189524987874e-01	4.310088439341273e-01	5.488057778821380e-01	4.326286087423823e-01	4.494522394377627e-01 
12194	7.423881813681965e-01	7.062151999978374e-01	7.977424600265463e-01	7.070943082452421e-01	7.869652480031202e-01	8.098414681038750e-01 
12195	4.967169819830053e-01	3.788142943897762e-01	5.294840524234021e-01	3.188642436245286e-01	4.753077566924355e-01	3.050957943056725e-01 
12196	5.478682593710229e-01	7.777789620552322e-01	6.038244410820957e-01	6.428594231091135e-01	5.546491678092549e-01	7.169193471740580e-01 
12197	3.578215273231906e-01	6.315923171077169e-01	5.415152179937850e-01	5.450446281511938e-01	4.164335951891039e-01	5.666505679128124e-01 
12198	5.219077279144697e-01	5.524302157254946e-01	3.855372551669733e-01	4.818973616476438e-01	2.471328503948645e-01	4.284783815031298e-01 
12199	3.951390438661410e-01	6.404763103027997e-01	4.398470377147413e-01	5.564527096298901e-01	6.528506703003794e-01	7.604537409565690e-01 
12200	4.613668220706389e-01	5.730795114864023e-01	6.324708661944244e-01	4.707367825622966e-01	6.323440628604924e-01	5.407444836139049e-01 
