23801	3.525025008112955e-01	4.870164518340781e-01	1.972230760309294e-01	3.959672156332299e-01	3.984865639817481e-01	2.341579857625462e-01 
23802	5.068381941401972e-01	4.013162692311752e-01	5.893436302119225e-01	3.739263135100043e-01	6.272283648851498e-01	4.099249951797480e-01 
23803	5.620884368984216e-01	4.110185209913806e-01	4.250779093551021e-01	5.570377072152930e-01	5.942768961164471e-01	2.613375807007945e-01 
23804	7.247161844996155e-01	6.782362691125594e-01	6.830451884957049e-01	5.308901559017262e-01	7.391815493443654e-01	5.345894237486517e-01 
23805	6.374523131694598e-01	5.286055278504381e-01	5.980402557100132e-01	4.006038587340829e-01	6.169422018153912e-01	5.466481028199526e-01 
23806	6.131306614437568e-01	3.938590505691116e-01	6.551762968348205e-01	2.890484842699528e-01	6.151301834132248e-01	2.915253941323541e-01 
23807	3.717715899822253e-01	3.477928078794102e-01	3.568096099696522e-01	4.259756288553486e-01	4.478487164617592e-01	2.525059717986711e-01 
23808	5.592130104492741e-01	7.859943114449789e-01	5.963292841744751e-01	7.317300969292040e-01	6.304433480347869e-01	6.813110237284614e-01 
23809	3.744048321857560e-01	3.655670593105639e-01	5.630400134485586e-01	3.869830496145673e-01	2.709384667272224e-01	3.065011930827140e-01 
23810	4.924891968338301e-01	4.788920607295465e-01	5.264031663499160e-01	6.615884460942365e-01	3.573972857003074e-01	4.522265660632421e-01 
23811	6.119497417247182e-01	5.824615490319690e-01	5.725701572050527e-01	6.317380768846412e-01	5.915882292018164e-01	4.383290024113501e-01 
23812	2.925424059917159e-01	5.498218430285082e-01	6.156013646444995e-01	2.749583678110154e-01	6.063140624865977e-01	4.217735145112448e-01 
23813	5.620271229485736e-01	6.677597208388357e-01	6.477778526492735e-01	6.201121092923936e-01	5.460951327198896e-01	6.310465417869392e-01 
23814	4.061875895939709e-01	4.798135000826388e-01	5.029194160732132e-01	5.659966923513438e-01	5.930354871549840e-01	5.535559633915467e-01 
23815	7.085284495204360e-01	4.569628481756729e-01	6.930664982733907e-01	6.164505640974010e-01	5.796169373058573e-01	6.806372482609599e-01 
23816	4.590796356379288e-01	7.363135737634663e-01	4.172934076539947e-01	5.746277220707500e-01	6.927732259575292e-01	3.603367341752676e-01 
23817	4.289599666342832e-01	4.704210763418441e-01	5.453220927484134e-01	4.848235590718185e-01	5.814072495290609e-01	5.454336970156928e-01 
23818	2.758148441262848e-01	1.877134115236222e-01	4.920054921002326e-01	2.966300644349648e-01	2.459218560083012e-01	3.912740532033457e-01 
23819	3.925118345138884e-01	4.536052008501403e-01	4.088145048066902e-01	5.248130297988896e-01	5.859819347000061e-01	6.373618452739412e-01 
23820	5.198074804211053e-01	4.330671642772838e-01	7.760283923230734e-01	4.467630709694211e-01	4.120647049785103e-01	4.454607403630724e-01 
23821	5.237924141623573e-01	2.903664872335472e-01	5.325079791635732e-01	4.752499248980619e-01	2.403221321383741e-01	3.783856521754094e-01 
23822	6.761240187806303e-01	6.727641374822617e-01	7.413608523116464e-01	6.919494923480054e-01	6.347849151542415e-01	7.212103021452749e-01 
23823	3.079188309570209e-01	5.076828503509007e-01	4.575635320232389e-01	4.337673999927608e-01	2.910589910349665e-01	6.565079844801232e-01 
23824	2.815595232635227e-01	6.981147659313489e-01	5.617929278376164e-01	6.816005515994894e-01	4.330620898411872e-01	7.149105027017028e-01 
23825	4.377320472254979e-01	5.048484066217973e-01	5.560318276363121e-01	5.424742277742582e-01	2.926713179705976e-01	3.768344322896834e-01 
23826	3.624127451385540e-01	2.853379380382302e-01	3.245525653285625e-01	2.136325397433301e-01	4.260591214262389e-01	1.387604920028884e-01 
23827	8.836067849127265e-01	2.065052406216525e-01	7.806758363771792e-01	5.395803783372624e-01	4.437578189953437e-01	5.603258003745835e-01 
23828	5.982913856681449e-01	7.240864979642168e-01	5.672628318139710e-01	6.924665013990304e-01	5.393665170731377e-01	5.709817039039782e-01 
23829	4.175086320952234e-01	5.615557969682232e-01	4.264970220635257e-01	4.317660139303202e-01	5.191334974871049e-01	3.877275742263320e-01 
23830	4.161733192455424e-01	4.477759629687622e-01	5.239148685921813e-01	4.433237943901320e-01	5.755752249890997e-01	2.928652209775333e-01 
23831	7.580423719043501e-01	4.804224712805107e-01	2.253394781618379e-01	5.606855249178864e-01	3.746141380901701e-01	5.837392028092214e-01 
23832	4.673019168502335e-01	5.467278250642400e-01	5.660889257301853e-01	5.510260260961588e-01	5.871340900248254e-01	5.390781659704216e-01 
23833	3.372825102803151e-01	3.096452457854732e-01	4.142550521320749e-01	4.085265323123509e-01	3.599692158988231e-01	3.081580051934274e-01 
23834	4.531779889170475e-01	3.839332702711875e-01	6.422103537971843e-01	1.446906461399542e-01	6.116059260611411e-01	4.294969787847431e-01 
23835	6.082258584199249e-01	6.672607479253350e-01	6.130451783550249e-01	4.599228067453545e-01	6.826189175227102e-01	6.923065592198945e-01 
23836	7.099381188476153e-01	5.070348222032190e-01	4.793395327892521e-01	5.291794707527422e-01	3.757958121590554e-01	4.127455603549072e-01 
23837	6.698535251775268e-01	5.441598610951254e-01	4.458343168680549e-01	7.107223989528517e-01	7.093243938904948e-01	4.146801586279736e-01 
23838	5.086336099497838e-01	4.994186440998253e-01	6.731411273698091e-01	5.616511108816535e-01	6.011084883676490e-01	6.283900983656782e-01 
23839	6.326752438029636e-01	6.685305249363896e-01	4.409264788323232e-01	5.304324476649267e-01	5.918634256232762e-01	6.217210139465473e-01 
23840	3.851922150921788e-01	5.458780758224557e-01	4.845367079446798e-01	4.536558049991491e-01	4.355389868357943e-01	4.494495575117008e-01 
23841	7.649226496571702e-01	4.532733525956450e-01	6.038900923056072e-01	5.150146845404827e-01	4.850479800785604e-01	5.092020280539311e-01 
23842	5.335615988739656e-01	6.572832145685785e-01	5.764896488989451e-01	5.694484115630147e-01	6.731177490531220e-01	7.441036924009622e-01 
23843	3.923103558619201e-01	3.557058666328825e-01	7.149071161230628e-01	5.326588009914744e-01	3.390383366876540e-01	6.703527713526073e-01 
23844	6.349144001244484e-01	6.060672105985874e-01	6.587113251065776e-01	5.744237571158288e-01	7.090003159081871e-01	5.765104329100742e-01 
23845	3.277319617115225e-01	7.455121358986564e-01	4.649848387276547e-01	8.146776888689004e-01	3.940604580853108e-01	7.550875602933271e-01 
23846	7.120087208275712e-01	7.538458415624241e-01	5.465597537533431e-01	7.639985360619268e-01	6.014720262085389e-01	6.906655057558966e-01 
23847	3.156834301784620e-01	4.633133548915545e-01	2.556428376178019e-01	3.176949047067006e-01	3.862511113456268e-01	3.428596459512353e-01 
23848	4.278404357016347e-01	5.854565352258169e-01	5.869243969056611e-01	5.011962017809206e-01	5.402000235298803e-01	5.865445270587180e-01 
23849	5.839846112180869e-01	4.543722572812762e-01	4.396141622203162e-01	5.349039401723745e-01	4.553447996667552e-01	3.271626321831851e-01 
23850	6.499073080025356e-01	6.472273073153786e-01	4.968318366639221e-01	7.872656659263852e-01	5.807196407246439e-01	5.820384446136042e-01 
23851	6.857209443951479e-01	3.311424113840140e-01	4.111693212123008e-01	4.462286499242396e-01	5.449399078103536e-01	2.220730194103250e-01 
23852	4.370986748165516e-01	5.683470370894450e-01	3.819605881519531e-01	3.333750060980576e-01	4.850534481809057e-01	3.324085294313847e-01 
23853	3.565025888623323e-01	4.747867091213314e-01	4.296686908363896e-01	5.554459785820514e-01	5.611605831852351e-01	4.160033489311051e-01 
23854	7.814032150409527e-01	3.711783499745941e-01	6.072997899330772e-01	3.295827382257784e-01	6.834884984454171e-01	4.011282306123974e-01 
23855	5.322429044637892e-01	4.232763027966860e-01	7.345871189163142e-01	5.417256150009699e-01	3.908722906939636e-01	5.670872068520941e-01 
23856	4.707503934758853e-01	6.720704209129416e-01	6.017856069748549e-01	5.426081856238982e-01	7.381735202095570e-01	6.355051741244730e-01 
23857	6.158226347074190e-01	5.000171830059009e-01	4.749796235811140e-01	5.249210360387162e-01	5.060262817737473e-01	4.367728494138094e-01 
23858	3.606298426395148e-01	4.244782092516282e-01	5.427234559830024e-01	3.970854037208736e-01	4.750535770002994e-01	3.936980898737217e-01 
23859	5.829594481104989e-01	4.082990059365800e-01	5.558000616898515e-01	4.284161499978288e-01	3.296975521703426e-01	2.153862871906996e-01 
23860	4.430120405450410e-01	4.913961523032140e-01	4.972632940282122e-01	5.181337753627611e-01	4.856902701732453e-01	3.911303552769986e-01 
23861	5.202083848651637e-01	5.514558650836414e-01	6.025094706597648e-01	4.957309757508990e-01	5.610026698608854e-01	5.981972758509897e-01 
23862	5.491369294161690e-01	7.092794081722236e-01	2.519596140553642e-01	6.487212749856694e-01	5.450028626455832e-01	5.812562475967840e-01 
23863	4.675733546348764e-01	5.603164680283416e-01	4.519989530023266e-01	5.657629998786337e-01	4.141571671396513e-01	3.663064619565481e-01 
23864	3.081815366714830e-01	4.300898132654893e-01	5.050537339426785e-01	3.222706577172641e-01	4.016498106508374e-01	4.447748327437989e-01 
23865	7.409012214116303e-01	6.114561535356636e-01	7.497364582806441e-01	7.066367518144441e-01	6.430886773397516e-01	5.793570276415551e-01 
23866	4.097100264367300e-01	5.521187794286344e-01	4.059595621471807e-01	8.029475459915235e-01	3.711896029748807e-01	7.002041643000624e-01 
23867	7.000278530102246e-01	5.887809333497636e-01	4.236138741807902e-01	4.077185949574367e-01	5.397100550645713e-01	4.396881072570508e-01 
23868	7.458001587549525e-01	4.029378115083095e-01	6.834604123583931e-01	5.328319518388710e-01	6.039457799395466e-01	5.360341251493794e-01 
23869	3.137216826725993e-01	2.218772740080699e-01	2.977587945340712e-01	1.719552632409902e-01	3.704829028072052e-01	2.134536124216084e-01 
23870	5.487757362923105e-01	5.704837187502740e-01	4.881689829014292e-01	5.624339526004567e-01	5.419180590870238e-01	5.404388241947151e-01 
23871	6.145379310112196e-01	5.534347167241719e-01	5.906847640635935e-01	4.134307343185740e-01	5.307926729247591e-01	4.389105084145280e-01 
23872	5.640392443027149e-01	5.566860806208853e-01	6.860384130094648e-01	5.644915020393276e-01	4.439346132552709e-01	5.499218495298099e-01 
23873	4.704812066094393e-01	6.579688113573914e-01	4.404135453230642e-01	5.846322844009156e-01	6.913244031536854e-01	4.451020071758470e-01 
23874	4.632977470123482e-01	4.981299544273311e-01	4.193809549220573e-01	5.198869547684947e-01	5.264681785687403e-01	4.325531681363768e-01 
23875	7.004172045157865e-01	7.521986975650030e-01	7.096750516227935e-01	7.123038068100749e-01	7.100215046650711e-01	7.849332189855148e-01 
23876	4.067258029064347e-01	5.979653564291869e-01	4.609466650035560e-01	3.077696744414353e-01	5.301770233552133e-01	4.683683964886570e-01 
23877	6.265670231188512e-01	6.953314981715171e-01	5.450056840103474e-01	6.634653576282651e-01	5.666835414988847e-01	6.132398582826446e-01 
23878	2.466594024804425e-01	3.443499122699163e-01	4.914793456183081e-01	3.652762310383045e-01	3.794806534915226e-01	3.002765144115109e-01 
23879	3.701052867934739e-01	6.257007359595488e-01	2.576680966535988e-01	6.884513397660827e-01	3.707718963906743e-01	6.735302117378592e-01 
23880	5.037544323689387e-01	1.926051879358637e-01	5.922821395867868e-01	3.017532024765570e-01	2.313190098036907e-01	6.786973504015544e-01 
23881	7.540846165960413e-01	6.661655619225966e-01	7.687214502051035e-01	7.042779129658459e-01	6.689351510746108e-01	6.855328597038508e-01 
23882	7.213677709024295e-01	3.891611758533545e-01	6.886918432619993e-01	5.468905426286239e-01	4.657827891008738e-01	5.273018344210407e-01 
23883	3.995845037737843e-01	5.463906378633903e-01	5.465781371028255e-01	5.093257675896505e-01	3.490277863506376e-01	4.320333146632416e-01 
23884	5.164928875079141e-01	2.989051660071678e-01	5.951176619250176e-01	4.273651036617963e-01	7.476463058585322e-01	5.554539122749166e-01 
23885	5.048249878556719e-01	5.158695855103910e-01	4.346751629520490e-01	4.873256929673365e-01	4.332112467030119e-01	3.439524755164078e-01 
23886	5.143665468212193e-01	2.777148114740957e-01	4.917917668978041e-01	3.863673796345400e-01	3.296955959104434e-01	5.943992003865446e-01 
23887	7.978885248697068e-01	7.130415912129946e-01	6.743329342846880e-01	7.563894845085937e-01	7.474100830235320e-01	6.200814852127163e-01 
23888	5.793771724297780e-01	6.738138398128053e-01	6.209465113872004e-01	6.242615501025781e-01	6.433336780775997e-01	6.135970479144686e-01 
23889	6.913859936160430e-01	6.152617342668154e-01	7.195150373884569e-01	6.389895119214012e-01	6.043913758681243e-01	7.765526043603923e-01 
23890	4.750354471964329e-01	4.006464850974442e-01	3.065919245588754e-01	3.706524134811836e-01	3.543649849862119e-01	3.587046803406370e-01 
23891	7.223505720368736e-01	6.328884776581817e-01	4.794626932512879e-01	6.726587631103234e-01	6.016650762074773e-01	5.679380258317275e-01 
23892	4.447895920707792e-01	5.461524259825736e-01	6.486625538712618e-01	5.568315429750641e-01	5.292557369588684e-01	6.773080541984791e-01 
23893	5.305464252372820e-01	7.310931099343334e-01	3.886530499416141e-01	5.700851706247693e-01	4.294650677929387e-01	7.320327964048077e-01 
23894	5.941493390484094e-01	5.169929992777378e-01	3.621594036632388e-01	5.287589296362527e-01	4.327046826821766e-01	4.606204045947766e-01 
23895	2.233066722985928e-01	4.586373607566568e-01	2.563160281461081e-01	5.076214390183831e-01	3.664974670948515e-01	4.284811424806937e-01 
23896	5.418788684526555e-01	5.281642658662998e-01	4.236543328002098e-01	4.993825979463028e-01	4.129639901616045e-01	7.498592409250123e-01 
23897	7.291615233729997e-01	7.345052569121889e-01	6.911194329936885e-01	7.871806560815544e-01	7.145954701700609e-01	7.884016769987566e-01 
23898	6.542630278908762e-01	2.756839051407464e-01	4.446678515263415e-01	4.911035964416980e-01	4.453695204841108e-01	4.269152452288970e-01 
23899	5.815844175456113e-01	6.677395529153320e-01	4.092769764435150e-01	7.857867045947230e-01	6.961673794745584e-01	7.442304837631746e-01 
23900	4.316552959217368e-01	3.500020898834227e-01	4.454832800828585e-01	2.674021238799149e-01	4.512065911277484e-01	2.779686174560885e-01 
23901	4.043847180390882e-01	5.351608743112215e-01	5.179096067547391e-01	1.903148975577834e-01	4.779053569314284e-01	3.912311685123711e-01 
23902	4.080741711862946e-01	5.403742879851616e-01	5.935779493114355e-01	2.091847466204842e-01	5.353061538520835e-01	4.436101312187103e-01 
23903	4.223512091679243e-01	2.998206513380083e-01	3.663216622051478e-01	4.520036818569764e-01	4.837421787260801e-01	3.216495598126788e-01 
23904	5.133394800299419e-01	7.147424991266120e-01	5.310728777241923e-01	4.474986228132358e-01	4.378038453360391e-01	5.979107799504773e-01 
23905	4.927189673102665e-01	4.537584300436878e-01	5.984003804692946e-01	2.752116088556676e-01	5.140487982313170e-01	4.798250494277279e-01 
23906	3.529857451591962e-01	5.839414956876721e-01	5.028345473383977e-01	5.377852982557946e-01	7.272994619671107e-01	5.248823492666425e-01 
23907	6.828682650122317e-01	7.683279993021953e-01	7.699016141870840e-01	8.163389392810680e-01	7.954925274944729e-01	7.359640768948374e-01 
23908	8.076133617292580e-01	5.796410830276272e-01	4.335800218841230e-01	6.451543221219840e-01	5.846695434180014e-01	4.386859678177664e-01 
23909	6.542844706487269e-01	5.484546745693051e-01	6.594926484241794e-01	5.178410847561239e-01	4.075744458175050e-01	5.040405584253446e-01 
23910	5.698992107309377e-01	5.009329632483925e-01	4.230760467288624e-01	5.416437279358020e-01	4.554349074367745e-01	5.487719174583340e-01 
23911	6.995675768505529e-01	5.641242627287026e-01	6.695297287713428e-01	5.492221274302813e-01	7.304797019073895e-01	3.086298288355551e-01 
23912	5.658148620117325e-01	3.760658059871995e-01	3.862998304009259e-01	5.902580904746331e-01	3.874254627534994e-01	3.889204265143012e-01 
23913	5.261740472260210e-01	6.656205802610913e-01	6.825408367794361e-01	7.163243958526855e-01	7.174291387748035e-01	7.926665082793312e-01 
23914	6.173258431341550e-01	5.997227459941208e-01	5.297450778784714e-01	5.743742697964861e-01	4.826117321698731e-01	6.586423934194375e-01 
23915	6.284786521924135e-01	7.092956390410219e-01	7.287598899522763e-01	5.947758135485557e-01	6.341348124345112e-01	7.467077261585215e-01 
23916	5.994761290256267e-01	3.844968651007639e-01	6.069361387618024e-01	4.030632218225962e-01	5.455449467598964e-01	5.646531262354864e-01 
23917	4.735258016149945e-01	3.997831805184831e-01	5.599969012962200e-01	3.913225263468346e-01	2.297856171109621e-01	5.546504285402309e-01 
23918	6.227819280203627e-01	7.893675248039838e-01	5.379901723831673e-01	4.859799269259025e-01	9.403898714179381e-01	4.528939926228316e-01 
23919	7.056282817745485e-01	4.330757426239445e-01	5.032881799141040e-01	7.256657600897973e-01	5.771849647498379e-01	4.882446197561203e-01 
23920	2.930038259244210e-01	5.780649670873863e-01	4.811635416445381e-01	6.128521224559562e-01	5.139442784819336e-01	6.512482871858131e-01 
23921	4.554319038249859e-01	7.306312116396805e-01	5.260284497457133e-01	6.167711589507542e-01	8.760936354887440e-01	5.534343946989028e-01 
23922	5.818916186226972e-01	4.387769945533208e-01	6.096576010212088e-01	6.077156772565708e-01	5.483296204295339e-01	3.843762335126543e-01 
23923	6.560837342897272e-01	6.814234389986422e-01	7.212343665489758e-01	6.695144359458647e-01	8.276174193401296e-01	5.272601203515750e-01 
23924	5.295981074635157e-01	4.826881718552962e-01	4.483053041660802e-01	4.760111232182013e-01	7.265719657404262e-01	4.691974722278111e-01 
23925	4.323510994574722e-01	4.521603326441274e-01	3.032088985904385e-01	4.260238939104650e-01	4.168479647468930e-01	3.068053400856673e-01 
23926	4.185054823558427e-01	5.547778403604408e-01	6.040754733751753e-01	5.340881729295670e-01	3.453407517912014e-01	7.095957026420796e-01 
23927	4.256385357583084e-01	5.235143138119682e-01	5.851327882719328e-01	4.628155683929495e-01	5.745989932380531e-01	5.165039487933477e-01 
23928	6.273321669135147e-01	5.039791120393996e-01	6.709228535241760e-01	6.859385064439656e-01	6.158395942178880e-01	6.468470203192034e-01 
23929	2.746926293199391e-01	3.184128718745722e-01	4.160789177241588e-01	3.563142403812848e-01	2.587918964957870e-01	4.191041890863363e-01 
23930	4.976768486343949e-01	3.805220960686695e-01	4.234805815493425e-01	5.799530861825454e-01	5.402644480214404e-01	4.434630788844031e-01 
23931	6.210399168502312e-01	5.125327612482422e-01	5.189347082225775e-01	3.971142433604485e-01	5.224779059154123e-01	5.201579897522441e-01 
23932	6.975311642473583e-01	3.639677056565741e-01	6.714044639128792e-01	3.679510636648302e-01	6.607469313622260e-01	2.648946242589593e-01 
23933	5.283111551948667e-01	3.135336092849922e-01	5.781950688924290e-01	4.732777189233849e-01	3.485735150031048e-01	8.580777801007854e-01 
23934	2.435298587528872e-01	2.128513590640365e-01	2.504873950003593e-01	1.600421650670866e-01	2.044947414511609e-01	1.536912601790847e-01 
23935	3.253723939261098e-01	4.530584941757616e-01	4.050765467749255e-01	3.795830008622166e-01	3.635453908359450e-01	6.658117242025965e-01 
23936	5.266188171517325e-01	5.699879185630381e-01	6.065877146486138e-01	6.239173627523905e-01	5.351021796027287e-01	5.712253721401380e-01 
23937	5.657333528649491e-01	5.936738076407092e-01	7.389641296928758e-01	6.020599392832577e-01	3.817864153314539e-01	6.321107285566678e-01 
23938	5.239412673163804e-01	4.575479535442228e-01	6.638840492745266e-01	5.455739126388410e-01	6.386886527105786e-01	4.483867915254717e-01 
23939	3.121839334964818e-01	8.131441657698286e-01	3.266911079683185e-01	6.344126137820321e-01	6.966115479757604e-01	5.470617025830085e-01 
23940	5.589077381313867e-01	3.101037776574154e-01	4.443908448271326e-01	3.694388242224377e-01	4.376674789337580e-01	2.259755742053987e-01 
23941	5.741440563630136e-01	6.790113352213368e-01	5.622576725693444e-01	6.935084534472609e-01	5.972114173254985e-01	4.545178819875427e-01 
23942	4.797368085582177e-01	5.446851025558939e-01	5.893879688673047e-01	4.610631299751763e-01	5.783373447159919e-01	5.998182887627614e-01 
23943	4.301832893451116e-01	5.624429159130645e-01	5.693037653297484e-01	6.645487664833114e-01	4.829232704656926e-01	5.795883048535618e-01 
23944	5.751740992665519e-01	4.926719683400376e-01	4.597649415311279e-01	8.046449045867704e-01	5.437802426823968e-01	5.551506418225505e-01 
23945	7.295664529146153e-01	5.594621631391302e-01	7.506934862420249e-01	5.642989841988981e-01	7.153380007812796e-01	5.647019753785611e-01 
23946	4.737344900646225e-01	5.847780908967769e-01	6.048113930071150e-01	5.875734185415455e-01	3.927381457662500e-01	5.542244843569618e-01 
23947	2.930513585753427e-01	3.032143831674363e-01	2.425429725981683e-01	2.430538714819090e-01	3.885758568307599e-01	2.116514307879207e-01 
23948	5.478154234494037e-01	5.761212921568309e-01	3.955994519338323e-01	8.230265000568631e-01	4.253771668304263e-01	4.338892284414051e-01 
23949	5.080871414213033e-01	6.660715881747166e-01	2.640275369225307e-01	4.019657017174187e-01	4.771836551175886e-01	5.084579800004800e-01 
23950	6.556342777852113e-01	5.922251886574970e-01	7.570239632173876e-01	5.152743253407897e-01	8.157922988447741e-01	5.584181615692070e-01 
23951	5.998209265184511e-01	2.548142624469931e-01	4.846222446153530e-01	3.803530989363382e-01	5.149338423600582e-01	3.152610435013889e-01 
23952	3.912379695441172e-01	4.288610608591333e-01	4.170050916661709e-01	4.057784829394073e-01	5.827179859768410e-01	5.430966134405861e-01 
23953	3.331642167912490e-01	5.421973843629853e-01	2.453545812000095e-01	6.793847333047680e-01	3.745433887270556e-01	5.387285998221296e-01 
23954	3.670456829399441e-01	2.903403782025469e-01	2.755570617167339e-01	2.936470398218982e-01	3.160673480894780e-01	2.144349873591412e-01 
23955	3.846711002765636e-01	3.500045978075215e-01	3.949257514679115e-01	3.401402489193338e-01	5.584664217111734e-01	4.360084629764176e-01 
23956	6.434787888556364e-01	5.375199577961478e-01	3.759384523565173e-01	5.022626061670346e-01	7.109419806184868e-01	4.202240028216557e-01 
23957	8.283511680125544e-01	3.864901496262295e-01	4.744787140559646e-01	5.904719494385203e-01	3.025206345828660e-01	5.445327362289359e-01 
23958	3.616345955467690e-01	2.678466879853863e-01	2.786551797765177e-01	3.172434812768191e-01	2.975690109054857e-01	2.894057948872449e-01 
23959	6.329928995187479e-01	7.109326638621466e-01	6.537439393837101e-01	5.482233269605699e-01	7.825929384931427e-01	6.414907640406967e-01 
23960	8.409052234437266e-01	3.794926138398159e-01	5.022323360632157e-01	6.032246385006312e-01	8.005168357015789e-01	2.435360833479460e-01 
23961	5.906221387336243e-01	3.420030664330849e-01	5.565997439033934e-01	4.422256034025666e-01	5.553755359117603e-01	3.380510404703730e-01 
23962	3.558536340853429e-01	5.593601276516391e-01	5.544127164354831e-01	1.993250336610132e-01	5.144907107037372e-01	2.464613077130431e-01 
23963	6.930252417671396e-01	3.344306809153117e-01	6.129273118666613e-01	3.993872416561967e-01	4.415202991615689e-01	4.355587483771322e-01 
23964	2.219216132097813e-01	2.037493539849493e-01	3.138579159631806e-01	2.302695807111371e-01	2.292153495049698e-01	3.178972073691354e-01 
23965	7.989242635139867e-01	8.529173701986117e-01	7.381869193084275e-01	8.618940293114408e-01	6.701475141163361e-01	7.337822663701443e-01 
23966	5.695803483189272e-01	5.782674029268778e-01	5.941204120746126e-01	5.418966823081116e-01	3.933776324825206e-01	5.874380389182841e-01 
23967	5.139251076977556e-01	5.757549494247605e-01	2.899508251538039e-01	3.814637515906325e-01	5.767002799441141e-01	2.615362558572071e-01 
23968	6.309570019135315e-01	7.083502690775654e-01	6.940175032453076e-01	5.396153311320933e-01	6.823010301796930e-01	7.137109074193333e-01 
23969	5.662898748239740e-01	3.259118923195989e-01	3.548800672041401e-01	4.402421268332328e-01	5.024546509455394e-01	3.470788561995586e-01 
23970	2.646912757956340e-01	2.993230948014460e-01	4.453710165938199e-01	2.768739041698700e-01	4.794244193804704e-01	2.776992799186181e-01 
23971	6.453220965111812e-01	4.075369892665614e-01	6.199262475197479e-01	4.544629391641383e-01	4.794364080350138e-01	5.381509215972345e-01 
23972	4.301491139677139e-01	5.287330931385958e-01	3.885085677253648e-01	5.645118448977529e-01	3.486123589293214e-01	4.435720383074858e-01 
23973	2.931199473856478e-01	2.873570178158238e-01	7.060500894734043e-01	3.003363534842625e-01	5.422176710531857e-01	5.041161341399600e-01 
23974	5.933376073738948e-01	6.916171491908778e-01	3.416877970712331e-01	5.544129436349886e-01	4.021548138260372e-01	4.272424600015322e-01 
23975	4.446539620789074e-01	5.026728286104936e-01	3.362860309410335e-01	4.119048884200822e-01	4.361509633596463e-01	3.310434144737828e-01 
23976	3.252963411659155e-01	2.971989049579893e-01	4.531611258679317e-01	2.447544834727497e-01	3.452979497762094e-01	3.090237813957536e-01 
23977	3.528275667706156e-01	3.745640168965213e-01	2.879348653757638e-01	5.248511955708212e-01	3.432433060864352e-01	2.818890140560029e-01 
23978	7.121452528653354e-01	7.033819696050891e-01	7.741892328807292e-01	8.095368544401326e-01	6.951675339217401e-01	7.761934407830835e-01 
23979	6.031001533126088e-01	6.116150347177087e-01	8.260658191926773e-01	5.572358778568069e-01	6.913287676402617e-01	6.877463451311321e-01 
23980	5.907243558911078e-01	4.596598640435478e-01	5.812414036499248e-01	4.532462201907433e-01	4.525009570638032e-01	4.900654439560388e-01 
23981	4.897194810152781e-01	2.542322595579447e-01	3.284023751562454e-01	3.576200375384795e-01	3.071787325463192e-01	4.618646850981135e-01 
23982	4.491534029355492e-01	6.626783157828683e-01	4.275672823169175e-01	6.110498773989144e-01	3.776012488918113e-01	6.998560281800443e-01 
23983	6.665994832221653e-01	4.415884365148744e-01	7.815145289231186e-01	4.574287604395429e-01	5.449206617584625e-01	5.606047644358787e-01 
23984	5.365834754097738e-01	6.368388343857423e-01	4.064522962522559e-01	6.531940320107714e-01	6.758625652724890e-01	4.073859504451795e-01 
23985	5.173493455187611e-01	3.675396529457581e-01	5.446082223158568e-01	4.792008510290136e-01	4.138117421336025e-01	4.196212477889061e-01 
23986	4.720479522028517e-01	4.939221914910836e-01	2.324676153310100e-01	5.857388550038336e-01	4.654984575187438e-01	6.383649438743042e-01 
23987	4.093773236871163e-01	5.100324427023557e-01	5.408275097994991e-01	4.542732866967908e-01	5.028352598756008e-01	7.687463882588594e-01 
23988	5.935981726346000e-01	6.707948512802485e-01	4.766328844995806e-01	6.463340204499441e-01	5.653326240778282e-01	3.365227427680336e-01 
23989	4.952396799557732e-01	6.694602300454395e-01	4.371230624642078e-01	5.908836408689009e-01	6.217693537925044e-01	4.002139517668847e-01 
23990	5.770084933000451e-01	4.532422684071713e-01	5.626995646478173e-01	5.458280637369605e-01	5.678678444850628e-01	3.794181525758755e-01 
23991	4.926052641133067e-01	3.251556333463473e-01	3.763136199311984e-01	3.188049445682552e-01	5.053784157353191e-01	3.558889150517904e-01 
23992	3.696264939319949e-01	4.693356492467997e-01	3.768366033090263e-01	4.788312745800393e-01	3.864974246367612e-01	5.249723505933848e-01 
23993	2.504210603799640e-01	1.773393156255854e-01	2.908555810111533e-01	2.180732198166838e-01	1.677588420757660e-01	3.228606086941007e-01 
23994	3.922546775013405e-01	5.624809593113880e-01	4.251292063740927e-01	5.255193992079825e-01	5.380281454835549e-01	3.388922146954091e-01 
23995	2.842978559025985e-01	3.808296627518955e-01	2.943549141185658e-01	3.993499403542131e-01	2.744348203612284e-01	1.943145841342271e-01 
23996	6.115225302166731e-01	3.545771520013418e-01	7.601676140818830e-01	4.489187238730502e-01	3.572871449607088e-01	7.494745027081183e-01 
23997	5.390127774716542e-01	4.492064219715730e-01	4.789043794323086e-01	4.289979284675846e-01	3.960275835378745e-01	3.323886101970150e-01 
23998	6.442062441682330e-01	4.503311740130547e-01	5.891489548603361e-01	5.044319924529899e-01	5.736879813914232e-01	4.443115477104385e-01 
23999	1.132913092519435e-01	2.704520201971651e-01	2.008037611286638e-01	1.989639331301366e-01	1.447557949139429e-01	2.204928492090436e-01 
24000	6.999227040492508e-01	5.422407253971593e-01	6.755835867551820e-01	7.958641375190877e-01	5.396445063354396e-01	5.934880306538106e-01 
