45401	6.965998368064418e-01	4.344986258044391e-01	6.971957028517149e-01	6.312979653809310e-01	4.058673076446172e-01	5.416981755972869e-01 
45402	3.060110663115220e-01	2.985758096134701e-01	3.572494127721758e-01	4.481834305481386e-01	1.898612584428793e-01	4.764199278991062e-01 
45403	7.951998746054334e-01	5.845966957302198e-01	7.984523836034045e-01	6.353485016158924e-01	6.238903186412179e-01	7.434419560687358e-01 
45404	7.522040363440425e-01	3.042701291027172e-01	5.780396877756130e-01	3.140912446689733e-01	7.027449422581934e-01	3.519123064624075e-01 
45405	6.707555681763309e-01	6.730670890858300e-01	7.218453412766130e-01	7.521122087043346e-01	7.307862642559391e-01	7.616198765695670e-01 
45406	5.042341359841882e-01	5.370772296809149e-01	4.141508812755536e-01	4.153750969050992e-01	6.296663921364081e-01	1.973191303728224e-01 
45407	3.838618344174647e-01	2.831251864582781e-01	5.534625832658088e-01	3.399968694527067e-01	3.263472028207898e-01	3.525784886387424e-01 
45408	5.849323036583669e-01	5.171826543209224e-01	2.701394619224075e-01	3.926615869191116e-01	4.022930748737631e-01	5.033849319137655e-01 
45409	5.213730523903404e-01	6.781807482431870e-01	6.102371781454576e-01	6.872963563935499e-01	6.236274710071444e-01	6.847580440636365e-01 
45410	7.704805328645998e-01	5.752706390575155e-01	3.326134474879127e-01	6.157892229754485e-01	5.943232941999183e-01	4.075794950393303e-01 
45411	5.905906407889436e-01	6.096760312681683e-01	6.949102077094844e-01	5.539005299614200e-01	5.064382582958720e-01	5.330612217073705e-01 
45412	5.828504150994184e-01	5.531865993115075e-01	5.326270206515820e-01	7.296249015612915e-01	4.524262796885234e-01	6.680803743113293e-01 
45413	5.806666770100872e-01	6.544983048910094e-01	6.728267979329478e-01	3.258358877422649e-01	7.283385009840000e-01	5.876458114514762e-01 
45414	6.614107075525103e-01	5.136395539282614e-01	6.931818601489694e-01	7.771982540821327e-01	6.145688731191604e-01	8.057482515968460e-01 
45415	2.017767410447489e-01	3.899327754898994e-01	4.771266798737511e-01	3.299788681279210e-01	4.005585778887091e-01	6.058601092804611e-01 
45416	3.363314977325137e-01	3.879424856974223e-01	2.549450967061596e-01	4.024157614430021e-01	4.818528539933468e-01	4.471950432377197e-01 
45417	2.837669346722381e-01	2.824404186016640e-01	1.952867863565518e-01	3.189700646295337e-01	2.750673148794391e-01	2.947367662329926e-01 
45418	6.282012118562135e-01	5.635600596220771e-01	2.526055952196093e-01	5.803957724077847e-01	4.562270099942120e-01	4.990147783796856e-01 
45419	4.630790518941078e-01	4.965059397289498e-01	3.913957906061741e-01	2.330549619677171e-01	4.953696603465963e-01	3.239937557761145e-01 
45420	5.145700306169123e-01	5.949021323782392e-01	5.723647143138795e-01	6.647046931351760e-01	5.614944874608853e-01	6.818391249721439e-01 
45421	5.463966346449197e-01	5.052208166712352e-01	4.982345049860787e-01	6.654245354373401e-01	4.132025585927349e-01	7.128406100171235e-01 
45422	4.253224099425144e-01	1.731080684948401e-01	3.355966055771018e-01	2.044954758831416e-01	2.935479089483006e-01	3.923774921308213e-01 
45423	6.403683909022537e-01	7.859829690628950e-01	5.749756723742458e-01	7.263735675785910e-01	5.187316439163532e-01	4.322246474700360e-01 
45424	4.213105200086080e-01	6.323065274972833e-01	2.654538445980908e-01	3.947205228931412e-01	5.177563923999844e-01	1.955387807970610e-01 
45425	7.546205225179403e-01	5.608183745928718e-01	7.490258396468763e-01	4.704856201342434e-01	5.246641881023960e-01	7.192411330624374e-01 
45426	3.830379924418148e-01	4.074196214822505e-01	3.535127700394442e-01	5.155283520604154e-01	4.228627682830439e-01	5.250534680129582e-01 
45427	4.864496776121659e-01	2.445882555403980e-01	5.134110098453848e-01	3.003111418145882e-01	5.726329491954505e-01	3.008136728298594e-01 
45428	2.748867297135246e-01	2.868283324757118e-01	2.675476260770413e-01	4.032186264547917e-01	3.391547876344226e-01	3.092164106042956e-01 
45429	3.824284923986739e-01	4.452357610941993e-01	4.876243343976916e-01	5.259786763289757e-01	3.683944055542459e-01	5.209897967423631e-01 
45430	2.489209634679564e-01	6.605559131217500e-01	3.838141147039694e-01	3.954598436745327e-01	4.276638419520441e-01	6.412348368597234e-01 
45431	2.937878273280837e-01	4.225952033956830e-01	3.664691119667218e-01	3.768583114198621e-01	2.735167673697926e-01	4.531906241501387e-01 
45432	7.646380289685545e-01	8.130565886103338e-01	6.326154530292354e-01	7.323853765356041e-01	6.870394185509940e-01	6.859623350486185e-01 
45433	6.695223551365673e-01	5.837214054624733e-01	8.031247004740988e-01	6.367623490560477e-01	5.868651127278427e-01	8.572361447359858e-01 
45434	3.358284077922933e-01	2.688823226757975e-01	3.127587608191529e-01	3.178082530071392e-01	3.722803477883259e-01	4.946091278197578e-01 
45435	3.594897724513259e-01	4.910099417265306e-01	2.423920403119355e-01	4.744496563890102e-01	3.546522740418250e-01	6.197690882792010e-01 
45436	4.432534561082381e-01	5.622800449135483e-01	5.109518822272330e-01	4.457704946990045e-01	3.154854200011889e-01	4.067864040677893e-01 
45437	3.986757179063130e-01	3.605716073241360e-01	3.515129619275874e-01	4.808906981346242e-01	4.647093979569155e-01	2.164139528057055e-01 
45438	7.725642598917725e-01	4.323306237550218e-01	7.552247688251579e-01	6.562878247878976e-01	6.359966056732498e-01	4.209432284748555e-01 
45439	6.456436592076021e-01	6.390990940226613e-01	6.892619711444417e-01	6.628069259013634e-01	6.874078275096565e-01	7.457166361445529e-01 
45440	2.379138038707300e-01	5.816960949261800e-01	3.314609669276304e-01	6.277315634977191e-01	4.984811520535223e-01	4.898617766418145e-01 
45441	4.882831894920167e-01	6.249139921837901e-01	6.354226419536391e-01	6.314531319906787e-01	6.007751307254637e-01	6.561470870104398e-01 
45442	5.397726437784025e-01	3.701362694751035e-01	6.390550572150322e-01	4.972274193602581e-01	3.329352498589225e-01	6.200573997332806e-01 
45443	3.542917227803870e-01	4.145223842493695e-01	2.784131902712326e-01	3.028808768455942e-01	3.761788124600619e-01	4.091939146828443e-01 
45444	3.865972015651019e-01	5.070165618076841e-01	4.425534592007540e-01	3.863381802102037e-01	5.369243152105457e-01	4.911018454248758e-01 
45445	6.868881777723501e-01	6.141859826915055e-01	6.494605666646500e-01	6.610585782851915e-01	7.532565812377199e-01	5.948418734600398e-01 
45446	3.501271230489589e-01	6.312155601991112e-01	5.884659390969166e-01	4.927438649184883e-01	6.316914126593686e-01	8.267649909076064e-01 
45447	5.796207287646982e-01	4.539401888994374e-01	2.933214923266961e-01	5.501477577491876e-01	5.464238566075021e-01	4.197555696019499e-01 
45448	6.168384903540692e-01	5.196089558881467e-01	7.201134884660945e-01	5.329826444045429e-01	7.034342425881212e-01	4.402522816340102e-01 
45449	2.514842795538257e-01	4.139018616982055e-01	3.896043712582716e-01	2.567274555964450e-01	3.871142134968191e-01	4.018699924512187e-01 
45450	3.706794141006660e-01	5.010768771285001e-01	5.868337328935070e-01	6.923846651996538e-01	2.003844162696589e-01	7.933171881874943e-01 
45451	5.134211513404779e-01	5.673837076041842e-01	5.186022654127318e-01	5.699339398737663e-01	4.946184008438873e-01	5.594756980612613e-01 
45452	2.278804963125992e-01	3.186407515360141e-01	2.334304992279344e-01	2.445908051490304e-01	2.790305904474853e-01	2.443450119744723e-01 
45453	5.740635188692915e-01	6.767864151226974e-01	6.182634818938419e-01	5.659048176311492e-01	6.732232749157645e-01	7.540540152546584e-01 
45454	1.897322473332789e-01	1.844415967648043e-01	2.469628156127282e-01	2.422452878807126e-01	2.738748383883294e-01	2.345745260375830e-01 
45455	5.943483120634923e-01	6.319446101419381e-01	5.701087790650519e-01	4.871289617173779e-01	6.329820471289435e-01	6.202299200821404e-01 
45456	5.244208385761627e-01	6.145031908956646e-01	6.697647997903770e-01	4.771406910501713e-01	5.167927618667585e-01	7.725071031949471e-01 
45457	5.400213350070957e-01	8.462209741120368e-01	5.994532767660904e-01	6.423834603056029e-01	7.189399782344938e-01	5.800663868099445e-01 
45458	6.061739005615601e-01	2.878177004966377e-01	5.523102270915332e-01	3.825758551810267e-01	6.113116684335036e-01	4.100801464695482e-01 
45459	4.475333242371131e-01	3.806718745385270e-01	1.822661971238856e-01	3.394823119651107e-01	5.100760288988093e-01	1.406513291911391e-01 
45460	3.696629358933345e-01	4.657618758998013e-01	5.418064433286117e-01	4.763442269482919e-01	4.709361179328629e-01	5.619649990899150e-01 
45461	5.155960053117585e-01	5.996663590571779e-01	5.526211596919788e-01	6.409791264148548e-01	6.152384452357056e-01	3.639193014934398e-01 
45462	5.447782959400993e-01	6.646244731024236e-01	5.457298402906818e-01	6.322144242744863e-01	5.814284758346464e-01	6.920739903815838e-01 
45463	2.340460334289036e-01	2.477274449729606e-01	2.780134696218479e-01	2.277759821065272e-01	2.974145589808371e-01	2.137805165651364e-01 
45464	5.390739099658031e-01	4.555881009462840e-01	5.148874974358227e-01	4.640622125084305e-01	5.941914170138030e-01	5.562467799823860e-01 
45465	4.813295816730701e-01	4.758425274260786e-01	4.943088190681253e-01	3.775114767624991e-01	4.216131996092378e-01	4.587618093307538e-01 
45466	2.918331427505053e-01	2.291092832151984e-01	2.160491877534065e-01	3.397481361593637e-01	3.096507500391886e-01	3.438019568167937e-01 
45467	6.106261719587363e-01	6.075216495759641e-01	6.415723363380639e-01	6.083134896344046e-01	4.410986330566494e-01	7.727573506078413e-01 
45468	5.594939812794407e-01	6.933508111758501e-01	4.925593540116160e-01	4.319072416966445e-01	6.564569007087770e-01	5.356200410961743e-01 
45469	3.476230934987928e-01	4.568501293532660e-01	4.600584550164925e-01	2.956213305395664e-01	3.476181444480620e-01	4.215696227944392e-01 
45470	3.992629646784384e-01	7.772603644678046e-01	2.141465564609054e-01	5.759746542088253e-01	5.454426700443555e-01	6.082730924689025e-01 
45471	2.897002718171725e-01	1.983349441724749e-01	3.150984582131012e-01	1.443838984485006e-01	1.907842089819572e-01	2.471757074067835e-01 
45472	1.915717597227994e-01	4.713817753573504e-01	3.865044148979327e-01	2.990977585513315e-01	3.294877082629265e-01	5.102635878104285e-01 
45473	6.137466414620456e-01	3.498655070025276e-01	6.164397888630301e-01	5.339382141066895e-01	4.707916295382075e-01	5.511273280014972e-01 
45474	4.421574540625374e-01	5.123087845538109e-01	4.028409548335798e-01	4.874534224312595e-01	2.649626284142242e-01	4.174339354956762e-01 
45475	7.514042762712116e-01	7.244921737771655e-01	7.170574581714733e-01	6.794262390803998e-01	8.174442978178078e-01	6.029330684854913e-01 
45476	2.573366057871578e-01	7.601103419476776e-01	1.470149246068799e-01	6.175766074348441e-01	3.333217177200328e-01	7.622760553488759e-01 
45477	3.944900556701642e-01	4.661666266043904e-01	4.024758914921103e-01	1.457687793053671e-01	5.320951078159976e-01	2.245584160939976e-01 
45478	5.259369246315225e-01	5.135560069607008e-01	5.783252071067037e-01	4.552457673297012e-01	4.823419760528935e-01	5.216140301450793e-01 
45479	3.629442226535034e-01	2.837251189910084e-01	4.671684395710080e-01	4.436148216418108e-01	4.811669555614591e-01	2.375041614653506e-01 
45480	5.708924953684772e-01	2.678239881059972e-01	4.284477552780727e-01	4.097140273383160e-01	4.361360996003934e-01	5.779358881432026e-01 
45481	6.710577923268156e-01	6.208070192420452e-01	6.547227741440779e-01	4.918422172033195e-01	5.293191073416447e-01	5.931410614458019e-01 
45482	3.227729191512715e-01	2.552304203770141e-01	3.095902268348665e-01	2.735887894870233e-01	2.740705540275483e-01	2.063052835570314e-01 
45483	4.517925782847309e-01	3.077751932980887e-01	5.777650641339986e-01	5.568987613511465e-01	3.355560689091426e-01	6.476381596548022e-01 
45484	4.206246158282987e-01	4.249077763040954e-01	3.746759102069517e-01	3.434432019054550e-01	4.820618645045362e-01	3.171468463161334e-01 
45485	4.406064615566451e-01	3.582016104525016e-01	3.678514631627797e-01	6.055883317180273e-01	2.770984061786214e-01	5.347321825472497e-01 
45486	3.051318868389465e-01	2.130670513622771e-01	1.496598213353829e-01	2.557163221606600e-01	2.857604074690238e-01	1.186539392905775e-01 
45487	3.408886288030479e-01	2.466568740681152e-01	4.978679775465990e-01	1.871917902382887e-01	3.157697688713986e-01	4.336956035092098e-01 
45488	3.530940321844757e-01	5.602675911242012e-01	6.194419851517682e-01	3.882802060697262e-01	5.717844893466463e-01	5.846175169034515e-01 
45489	3.274308619835977e-01	4.627877485315742e-01	3.742921994320720e-01	5.059832954226056e-01	2.964076852495853e-01	4.860399164612340e-01 
45490	7.018668439605660e-01	8.977922478046119e-01	6.362958450844656e-01	8.638768608354099e-01	5.941944758136686e-01	7.981418999243939e-01 
45491	4.493691202391550e-01	5.805991448076162e-01	6.013676594528087e-01	6.163619061371703e-01	5.840110340945583e-01	7.762195978783062e-01 
45492	8.141558305308070e-01	5.131630804444181e-01	3.831033407379681e-01	5.413758797079682e-01	4.348656385364213e-01	3.031400378476187e-01 
45493	6.769706715160674e-01	5.012375917249353e-01	6.398329432535605e-01	5.893821452317006e-01	5.690012434773504e-01	5.527663788871887e-01 
45494	3.395874956930811e-01	3.481318999041030e-01	2.667085004269893e-01	3.756976280767806e-01	3.154754299775337e-01	3.377667213634664e-01 
45495	2.319184211986081e-01	1.968588803928999e-01	3.207124326674886e-01	3.903035235810313e-01	2.618054948065109e-01	3.172812896562936e-01 
45496	3.788865256941135e-01	4.828659839192191e-01	5.008140482631389e-01	2.201682218319913e-01	5.599168680558763e-01	4.308547431786230e-01 
45497	5.679092270977286e-01	3.998056644778407e-01	4.782990721788316e-01	6.047796665076348e-01	3.270503848072117e-01	3.905067778716225e-01 
45498	4.788215680420267e-01	6.128076594133540e-01	7.597663686286134e-01	3.858246227907519e-01	5.376170163365279e-01	6.961499368740465e-01 
45499	3.468766923847950e-01	3.587511003993158e-01	4.305252067570202e-01	4.024063701051288e-01	4.221174066024015e-01	3.856801834604714e-01 
45500	4.359050923321343e-01	2.364994209975623e-01	7.612208439400177e-01	2.829340485466809e-01	5.685320872296771e-01	6.108975770862974e-01 
45501	6.092701171363208e-01	5.540758039315004e-01	5.410223197360720e-01	6.614038220692089e-01	5.266832356257349e-01	5.672504987393012e-01 
45502	7.362374509577574e-01	6.496824280765572e-01	4.288237504985618e-01	7.346025976766719e-01	5.572142176284224e-01	5.642807236209946e-01 
45503	5.877512498841463e-01	4.119067612130740e-01	5.123571503009761e-01	6.082777518308292e-01	4.341322243030721e-01	3.908833801071057e-01 
45504	7.391510598116349e-01	4.156809375020726e-01	6.061724272474109e-01	5.429010064319348e-01	6.674145159121343e-01	5.439315492101626e-01 
45505	6.417388491452893e-01	5.630176873430235e-01	8.190827369511099e-01	5.816884359719768e-01	4.629277626302085e-01	5.365519555190265e-01 
45506	4.434114883134041e-01	4.028191396251697e-01	5.477134098864673e-01	3.003029960496387e-01	3.669187580392237e-01	5.321062554797124e-01 
45507	5.892936201790555e-01	7.164551327590778e-01	5.885378186745259e-01	4.515249770943099e-01	5.935132169544848e-01	5.766158332566431e-01 
45508	4.993069748272614e-01	4.345088173914033e-01	3.364882253197090e-01	5.659835544079181e-01	3.956330786955727e-01	4.588599604572430e-01 
45509	4.769650668476798e-01	3.291989634137001e-01	5.575657932905250e-01	6.240847436293027e-01	4.481535710290751e-01	5.028164699129754e-01 
45510	5.340066684247311e-01	2.858542000387280e-01	4.834577782718438e-01	3.475686023120717e-01	5.617263350029632e-01	2.800170031384830e-01 
45511	6.463224637831003e-01	5.245962175870091e-01	5.710109479043211e-01	6.333366327545678e-01	5.372756727380672e-01	6.227735749020985e-01 
45512	5.164865145263851e-01	5.090938716188957e-01	5.362772866656723e-01	5.852180696550623e-01	5.489148970827091e-01	6.428089657550917e-01 
45513	3.595659343514581e-01	2.637428847487618e-01	2.658228242405528e-01	2.535480536322555e-01	2.634612205765697e-01	3.522084520835762e-01 
45514	6.337021038668513e-01	5.706666292389786e-01	4.277282012146262e-01	6.250119761003585e-01	5.260313020923276e-01	4.643650412486340e-01 
45515	5.055199352218295e-01	7.294358553447332e-01	5.823096886257824e-01	4.754356291555625e-01	6.252668277440001e-01	6.397556231413233e-01 
45516	6.999328538425620e-01	4.982458527917537e-01	5.746486597670244e-01	6.225554389051859e-01	5.560272249623220e-01	6.568975071715053e-01 
45517	4.872944964503779e-01	3.744887388524384e-01	7.628021389668660e-01	5.739165704550087e-01	3.853658402051589e-01	8.298576435460202e-01 
45518	4.482796658725096e-01	2.904268207074840e-01	5.572514097374699e-01	5.976439553910973e-01	4.311471671613430e-01	5.098850350396111e-01 
45519	5.594352575554916e-01	4.925839785029676e-01	5.824188651381473e-01	3.674461998856588e-01	4.213527764300052e-01	6.285586822158128e-01 
45520	5.484971652567137e-01	2.835808614883819e-01	6.066784779796393e-01	2.709889642561292e-01	4.256162171100515e-01	3.500131042857765e-01 
45521	6.073254234688569e-01	6.279903746419483e-01	7.331019923695613e-01	4.126863994665844e-01	6.822099174240279e-01	6.837053091638380e-01 
45522	3.961009425520567e-01	4.288190886495631e-01	5.425655977139440e-01	2.655436498212205e-01	3.272845706948670e-01	4.843828821751716e-01 
45523	3.775007916860859e-01	6.804613804370809e-01	2.822604426975112e-01	6.101481996556135e-01	5.178991181743463e-01	4.377601899619791e-01 
45524	4.607890164628770e-01	6.858433329342213e-01	2.947162729511657e-01	5.909533694380784e-01	4.435321151655755e-01	3.384595955602670e-01 
45525	5.996186842508885e-01	4.191759710931937e-01	4.500605938660105e-01	4.689634165663228e-01	4.673856665176386e-01	5.813052897743274e-01 
45526	5.603442228467697e-01	6.673739627232318e-01	6.397293844062550e-01	6.508500122132406e-01	7.042453204661399e-01	5.653459207883349e-01 
45527	3.841259976672703e-01	4.356849098824753e-01	3.647562240061958e-01	2.600824369777696e-01	2.711633312761010e-01	3.863667239123702e-01 
45528	3.988545895605814e-01	2.510645888165852e-01	3.136346905478344e-01	4.131859474190007e-01	2.735260633009909e-01	2.880840401856192e-01 
45529	5.108258634574913e-01	5.103986848281302e-01	5.861897935353755e-01	4.937967106987147e-01	6.051134649487382e-01	4.632306502780730e-01 
45530	5.341822633658053e-01	6.322104485481910e-01	4.446152624356488e-01	5.270017708745486e-01	7.072129603248192e-01	5.012691692736313e-01 
45531	6.393187052642235e-01	5.112748247259339e-01	3.581556465478611e-01	6.864270327321620e-01	4.055437367457490e-01	4.609696175740275e-01 
45532	2.247757500205234e-01	2.757967301850647e-01	2.817031297289956e-01	2.579403459253897e-01	2.650921978127439e-01	2.685321760180445e-01 
45533	6.056988206776525e-01	4.368810431445682e-01	5.075329838349714e-01	4.209644150299693e-01	5.389591581880284e-01	4.253501823271953e-01 
45534	4.569677801310175e-01	3.151257367617788e-01	6.999092550973902e-01	4.733967706307095e-01	4.115698770908065e-01	5.863523479906809e-01 
45535	7.081070218095610e-01	6.166625668161143e-01	4.766248503521622e-01	8.234137866630329e-01	4.356475394015583e-01	5.238355322407305e-01 
45536	5.684887032865796e-01	4.097546183378314e-01	3.957253558609057e-01	4.772021176986336e-01	3.638720982062505e-01	4.485890178426952e-01 
45537	2.474917827660323e-01	3.574688584968453e-01	4.333630692962087e-01	2.799395973052813e-01	4.485765841683990e-01	3.760079822355859e-01 
45538	3.490101882876512e-01	5.531259094033858e-01	4.393208060353568e-01	3.466112862253998e-01	5.617076518332931e-01	4.588324994825291e-01 
45539	7.034484964460940e-01	5.313708370469461e-01	5.137522950974349e-01	6.830290961989944e-01	6.188654816232689e-01	3.919253840085315e-01 
45540	5.386026686627141e-01	4.048880652149870e-01	5.520894365593163e-01	4.001799300260404e-01	4.193978540120188e-01	6.858711048162885e-01 
45541	7.892911246145888e-01	7.047138283617786e-01	6.731623293029008e-01	6.471703415325503e-01	6.453698604779771e-01	5.415389121629730e-01 
45542	4.682446276642161e-01	4.120561925414475e-01	4.433388581515734e-01	4.830927916301161e-01	3.636454608092721e-01	4.231815260032801e-01 
45543	3.211718814820744e-01	3.626670632256658e-01	3.653702423276367e-01	3.725117430761008e-01	3.906368845181177e-01	3.064402737080709e-01 
45544	6.126558374238686e-01	4.204594905761688e-01	5.939361139586897e-01	5.235193818600539e-01	4.823501611037153e-01	4.595140863653825e-01 
45545	8.200309381390245e-01	8.210825937762654e-01	7.786586671060118e-01	7.550155840473124e-01	7.676402739956806e-01	7.523543945200734e-01 
45546	4.718212342771522e-01	4.481401069523397e-01	5.968735405439587e-01	5.719708768985162e-01	4.059705630635443e-01	5.239130820492709e-01 
45547	2.370804137022753e-01	3.319044684656424e-01	3.018006226601449e-01	3.222602924550294e-01	3.560848803399510e-01	2.401755107467351e-01 
45548	3.568525792143026e-01	2.918970585272452e-01	3.036201553372135e-01	3.422712938716139e-01	2.631183834221588e-01	3.529028062562017e-01 
45549	7.500754952298805e-01	3.859007761932327e-01	5.159372479083402e-01	4.242068274481617e-01	5.643598495057336e-01	5.204461015622639e-01 
45550	6.310116898071367e-01	4.803718723851200e-01	6.727339955728321e-01	4.049298647232740e-01	6.629722795269174e-01	4.812840598084295e-01 
45551	2.124627167620828e-01	3.294411263198784e-01	2.820207992448718e-01	3.297225886692547e-01	3.221581370382412e-01	4.493709576506322e-01 
45552	5.996257501514244e-01	5.214293632276661e-01	7.112823919194122e-01	4.940623983029012e-01	4.688818661148036e-01	6.003577724926087e-01 
45553	5.796102383233024e-01	6.078727848245794e-01	5.899078649238674e-01	6.619641900738494e-01	4.988893464475380e-01	6.014036451926073e-01 
45554	3.870904522931023e-01	3.391167577663444e-01	5.300426656046286e-01	2.536951497323761e-01	4.501811885253674e-01	3.394970977149749e-01 
45555	4.318439017690996e-01	3.925214650097034e-01	3.091473639080488e-01	3.617753151648653e-01	4.190551816822922e-01	3.162898278989851e-01 
45556	4.970736917208225e-01	4.629697446427556e-01	7.506945032563564e-01	2.307197466033722e-01	5.423730101210946e-01	6.428969261826356e-01 
45557	7.319907522177171e-01	4.799854886004945e-01	6.510777195504771e-01	4.713754773024109e-01	5.824810800867370e-01	5.577849139974114e-01 
45558	6.628454327225239e-01	4.542709548394035e-01	5.743920345841376e-01	7.305919470683728e-01	5.318239584856155e-01	6.218245520305310e-01 
45559	4.060855353478327e-01	5.256755487879921e-01	4.317397943263516e-01	2.885867629468057e-01	3.944459130358953e-01	2.960806712922276e-01 
45560	6.089664900498842e-01	7.001529366599906e-01	7.531148956809260e-01	7.077266975184946e-01	4.638968616942443e-01	8.647502872157317e-01 
45561	6.842135119166780e-01	6.806269633768208e-01	7.781705152376582e-01	7.676962831877983e-01	6.295902191133484e-01	8.518380357322125e-01 
45562	6.188696642720182e-01	5.579994112093576e-01	4.963650395553167e-01	8.172060865197399e-01	2.966651500531834e-01	5.014720328401945e-01 
45563	2.544730851273470e-01	6.043180478427694e-01	3.790940085150261e-01	3.716809742118916e-01	4.045914078958175e-01	6.734132889079623e-01 
45564	2.822474214892733e-01	4.452778238074668e-01	3.941206736350298e-01	2.770508199974276e-01	4.725398965085313e-01	4.325049971987872e-01 
45565	4.979816147810288e-01	3.503837232239931e-01	6.451737932248027e-01	4.177055511988692e-01	5.132717806851382e-01	5.578248771552893e-01 
45566	2.581733941515978e-01	3.200861048925548e-01	2.360688222701719e-01	2.977129637845929e-01	2.702457919857228e-01	2.067339381706159e-01 
45567	2.192974392929144e-01	2.675479134582233e-01	2.876212009190693e-01	2.608507467683991e-01	1.560171469870637e-01	3.300431400424038e-01 
45568	3.483657885687969e-01	5.987378314536421e-01	6.552217655279819e-01	5.090959263445254e-01	2.984619058026218e-01	5.710763220609197e-01 
45569	5.557244475570484e-01	6.504011410819754e-01	6.285571694322297e-01	5.596520007131005e-01	5.426284136996532e-01	7.071603457240919e-01 
45570	6.188357816592762e-01	5.088864547261240e-01	5.407682459734737e-01	6.167202347447076e-01	4.879556009465890e-01	6.083178176471851e-01 
45571	4.844192445336152e-01	5.478286726154025e-01	5.736998633335165e-01	4.062038551107893e-01	6.156616775112507e-01	6.633211650896617e-01 
45572	5.241357568679510e-01	6.234412069204553e-01	6.964459555713474e-01	4.911381194052419e-01	5.890426654989644e-01	7.748919228889113e-01 
45573	3.618919181599471e-01	2.641463800612544e-01	4.850028639997647e-01	4.018167564322815e-01	2.828181024478771e-01	4.819987480795507e-01 
45574	5.201747557469154e-01	5.811862480883589e-01	5.325113820776837e-01	6.360078604109310e-01	3.575753353769535e-01	5.684914382393753e-01 
45575	3.136469633033145e-01	2.582863735016218e-01	4.564811267115872e-01	3.447918873583012e-01	2.824004866213342e-01	5.415834049494916e-01 
45576	4.701522514511601e-01	4.367838284252734e-01	3.675302142217952e-01	5.898462978643555e-01	2.632611133561138e-01	5.277089074107857e-01 
45577	4.970184714116998e-01	4.924969945052808e-01	3.509557694153838e-01	3.719283299297899e-01	5.315641067816945e-01	3.974110638821379e-01 
45578	3.817873979269802e-01	3.658136213507958e-01	5.092889626445326e-01	5.640144839398227e-01	3.670386940392628e-01	5.444336678323727e-01 
45579	3.205183987792670e-01	2.983023901186629e-01	5.556245993672164e-01	3.247766236421028e-01	5.884558087861492e-01	3.316023020017572e-01 
45580	5.985612271692857e-01	5.487181803887781e-01	7.371078694504166e-01	7.327891994675947e-01	5.470462100000111e-01	6.774708186293334e-01 
45581	6.093261064842074e-01	3.798712817594661e-01	3.925296562429634e-01	5.569633322857868e-01	5.197270993405698e-01	4.767045839806262e-01 
45582	4.258415386073747e-01	4.907241171953350e-01	3.723088311638202e-01	3.576354984758404e-01	5.084897317304353e-01	3.673468010728819e-01 
45583	7.067249811797622e-01	4.777185549561532e-01	6.713692355514345e-01	4.288764222744617e-01	7.250066461933262e-01	5.409131619910839e-01 
45584	6.761462456828310e-01	7.850937387905488e-01	7.546332170368291e-01	7.247168974977000e-01	6.856996761283325e-01	8.228046816933989e-01 
45585	6.461872737531754e-01	6.396291370948166e-01	6.380847419675649e-01	6.743522898134917e-01	8.673599635263436e-01	6.128078294313200e-01 
45586	5.194368545202874e-01	4.680984443681523e-01	5.202581742645576e-01	5.033537014543892e-01	3.143389127924439e-01	4.276216059971944e-01 
45587	2.528859468481392e-01	3.482211778484018e-01	2.338647182791394e-01	3.600388098717980e-01	2.182489700456809e-01	2.360083214508192e-01 
45588	4.493683721593555e-01	3.554626410253739e-01	2.803029045714752e-01	4.990429820935028e-01	2.737414794360799e-01	3.897698137037452e-01 
45589	4.844901911703591e-01	3.368622132825712e-01	8.227384152251446e-01	5.660876130469336e-01	3.875062035059246e-01	6.818954787742454e-01 
45590	6.409599799435866e-01	7.686632804773533e-01	6.065830955826801e-01	6.500730567649451e-01	7.700472953259075e-01	7.386599184742375e-01 
45591	2.622783958217694e-01	3.041677054778133e-01	3.095526123571411e-01	2.888625904391928e-01	2.868802776605799e-01	2.558633241634229e-01 
45592	6.656522973030965e-01	4.275053286394249e-01	4.657405078350260e-01	6.153180081777481e-01	5.040802685060253e-01	5.522365259322108e-01 
45593	6.612723364694266e-01	5.630250829452095e-01	4.576853290653352e-01	6.784948384253658e-01	5.303571359863253e-01	5.272616385191864e-01 
45594	6.394100058546179e-01	4.789669185505591e-01	9.518340703251429e-01	4.484706742317989e-01	7.375776169582522e-01	6.475387097995935e-01 
45595	3.224442631811508e-01	7.685130081769811e-01	4.531362716309307e-01	4.993432256881469e-01	5.401036181281258e-01	6.216792471675050e-01 
45596	6.825628913566398e-01	4.987837100056374e-01	6.584412297661896e-01	4.379485852528510e-01	6.036596356144247e-01	4.089059951797532e-01 
45597	3.637949853007761e-01	4.872303349606027e-01	4.544986299263920e-01	2.812681781736954e-01	5.729291350894997e-01	3.931895070961033e-01 
45598	6.412967364360047e-01	7.235435703021076e-01	4.861885218476188e-01	7.514862480993182e-01	5.757108885922847e-01	6.782380872286733e-01 
45599	2.915139653912157e-01	4.477483535430993e-01	3.719134613434522e-01	4.356111059191722e-01	4.233016135538993e-01	4.547624937710694e-01 
45600	7.047262745020790e-01	5.970776092133112e-01	6.223309507382393e-01	6.172790552551034e-01	5.401436835565211e-01	6.932916086246976e-01 
