51201	2.324395407126724e-01	4.951354841760882e-01	2.382689108349340e-01	3.441267573323277e-01	3.514978454128251e-01	4.007786358864691e-01 
51202	3.315558226144621e-01	3.546861875571421e-01	5.815160152947638e-01	2.264223096814133e-01	6.392687945378854e-01	2.883589028297028e-01 
51203	2.786570789266939e-01	3.038416507028452e-01	3.875346261075801e-01	2.561986015048268e-01	2.914431747667016e-01	4.586859997415678e-01 
51204	5.846962680584198e-01	5.276544141405204e-01	6.405971577966469e-01	5.889216238315274e-01	7.237633032692661e-01	5.417423055017858e-01 
51205	5.066104330091630e-01	4.762267243056191e-01	3.324215568829968e-01	5.389553830231055e-01	4.370201986185361e-01	4.795036011928633e-01 
51206	6.441719354327323e-01	6.577831610043897e-01	3.480806095624118e-01	7.683329337563382e-01	4.842023771981265e-01	4.847633504867047e-01 
51207	2.375845819772864e-01	2.828529864402410e-01	2.994279566049153e-01	2.410892796430487e-01	3.547033719921828e-01	2.559933774833570e-01 
51208	3.514564999395211e-01	6.214653312859154e-01	3.176889867297831e-01	1.520031148303577e-01	4.895900796890198e-01	3.991383495471240e-01 
51209	5.434798982265272e-01	5.706449151216705e-01	5.719497264114555e-01	4.231457569484727e-01	7.936327448339208e-01	3.674836228656240e-01 
51210	5.224481345596286e-01	5.465704079663958e-01	6.656318371517926e-01	4.865772498296352e-01	5.645454195591932e-01	6.337177141149379e-01 
51211	5.513556213083479e-01	6.576497443014278e-01	6.660329285721592e-01	5.924721873476315e-01	6.341049158173894e-01	6.412171058148253e-01 
51212	2.659027581456182e-01	3.764009048604167e-01	3.880235027244023e-01	4.821551984887459e-01	3.231497221967535e-01	5.271413917841511e-01 
51213	2.558204673125572e-01	3.511426118754613e-01	2.985733675687844e-01	4.731661928971398e-01	3.557401249728118e-01	2.696859154739699e-01 
51214	6.175773753595124e-01	2.828664097788828e-01	3.915291806798481e-01	3.145177042300251e-01	4.789450972504984e-01	2.034920701107444e-01 
51215	5.666991766234886e-01	4.516423055966816e-01	2.868269320878205e-01	3.881695157888358e-01	5.329652368137636e-01	4.975109995774493e-01 
51216	4.762479258365174e-01	4.222658554948049e-01	3.754429489780350e-01	4.288656430172921e-01	3.462553538441465e-01	5.324829635216251e-01 
51217	6.206264397870611e-01	5.252514354740823e-01	5.210012368837922e-01	2.252741077901312e-01	6.010396854950864e-01	2.667336231279479e-01 
51218	8.064760048648155e-01	8.661107724888175e-01	7.525309151718854e-01	8.606094676056917e-01	7.351236540851104e-01	7.370607932940485e-01 
51219	3.317504893822604e-01	4.839578501274440e-01	3.623934110408731e-01	2.915875247339449e-01	5.482506560807839e-01	4.449936040722285e-01 
51220	3.806843725790652e-01	2.047659526584448e-01	3.169020802364946e-01	2.026340144377966e-01	2.182876789263950e-01	2.711657432455000e-01 
51221	6.346993539442359e-01	3.064128718160430e-01	5.227399715344612e-01	3.456489777462448e-01	4.838995957750953e-01	4.207223635520759e-01 
51222	5.282903799258313e-01	5.046003647849703e-01	3.030453951499839e-01	5.854169411609780e-01	4.272039908563094e-01	6.476547395546408e-01 
51223	4.409654740937562e-01	3.751951662234617e-01	4.334842313606985e-01	2.963265553758779e-01	3.740192763089495e-01	5.348851478990935e-01 
51224	3.887758233338055e-01	3.179265625248772e-01	3.930929247143113e-01	3.609555797824492e-01	5.210302626403800e-01	4.439845985978141e-01 
51225	6.554872634128424e-01	4.625499596448247e-01	5.783421952010356e-01	7.280292980719461e-01	6.629215112843314e-01	6.119666318036658e-01 
51226	5.476436726135838e-01	6.140053850520103e-01	3.902232804577306e-01	5.581329136328239e-01	3.984646888977162e-01	5.032657128563294e-01 
51227	4.934845020905699e-01	5.423668831125104e-01	5.079673132226863e-01	2.907833263500077e-01	4.954261436021968e-01	5.495263910426154e-01 
51228	3.618413238129214e-01	6.531104745994099e-01	3.696652044961737e-01	1.845242790771314e-01	4.885917997927804e-01	3.690154903377178e-01 
51229	5.475745662280381e-01	3.445251685382743e-01	6.046080230945623e-01	3.035899518882385e-01	5.815081018088164e-01	5.008874786322333e-01 
51230	6.044243449449871e-01	5.296381060049331e-01	5.511880322632645e-01	6.027622416452368e-01	6.551030720178265e-01	4.159178134970375e-01 
51231	2.220079013846721e-01	4.317138446878337e-01	4.818378014259156e-01	1.978728474104413e-01	4.624763670514375e-01	4.713396740414104e-01 
51232	2.557135894118787e-01	7.584074774722855e-01	4.501413860167978e-01	5.747751694758469e-01	5.622355189341072e-01	6.260469440745816e-01 
51233	7.046271436878759e-01	2.535573089447002e-01	4.932705090108000e-01	3.656342830729061e-01	4.480429325014809e-01	3.181800718649878e-01 
51234	4.338350670588011e-01	6.866101988590498e-01	6.089885595048911e-01	4.956087312100028e-01	4.976225430548232e-01	6.763107408022662e-01 
51235	5.750641551729048e-01	5.553337581957487e-01	6.801747101683771e-01	5.335843180172986e-01	7.362302766558735e-01	5.304759172705207e-01 
51236	2.366834438586639e-01	1.502076160214840e-01	2.565678876327594e-01	1.230339528022825e-01	2.198809464262724e-01	1.318578722076878e-01 
51237	6.014434610073420e-01	4.434400394992017e-01	6.216746741246206e-01	6.015342130359064e-01	3.540312662542907e-01	5.921255133040779e-01 
51238	2.718533123507527e-01	4.780562049065263e-01	5.564470373518312e-01	4.318975372167343e-01	6.844148381936364e-01	5.790126734726079e-01 
51239	6.280556765928833e-01	5.121483923782870e-01	6.948966763830257e-01	4.676234018610762e-01	4.883764854527793e-01	5.802289092886418e-01 
51240	3.395201535536649e-01	4.827238356025999e-01	2.543765856849655e-01	4.834304439676309e-01	3.037127660743604e-01	4.642290680467543e-01 
51241	6.003941824875230e-01	6.212414154384593e-01	3.245235877839623e-01	5.684791355788561e-01	5.780705725066840e-01	4.090998837965713e-01 
51242	5.020424569628393e-01	5.300978219425696e-01	3.497430843066451e-01	5.417878345938408e-01	5.406316537687237e-01	5.901867954890357e-01 
51243	2.434298172812719e-01	4.356034603030848e-01	2.201059099644601e-01	3.188275120298418e-01	3.579251011953692e-01	2.915241958982860e-01 
51244	6.297619679277580e-01	6.688945432774789e-01	6.552043157987586e-01	5.675079261180682e-01	6.331519779765189e-01	4.910671223580736e-01 
51245	1.140581957191179e-01	3.921323524931253e-01	2.896619787206186e-01	5.425750593344523e-01	2.822075546449353e-01	3.851463582937370e-01 
51246	7.641537438089879e-01	4.843392844331156e-01	4.965467695237265e-01	6.904146133651489e-01	4.542649646832667e-01	5.286878335981386e-01 
51247	8.580669102485822e-01	3.748191673907620e-01	5.917503485720184e-01	3.779801380343525e-01	6.372434371704312e-01	3.566866039978882e-01 
51248	4.477725632819589e-01	5.897327241454889e-01	6.095575364568594e-01	5.281026095940143e-01	6.020167551304926e-01	4.668240629554380e-01 
51249	3.119439283242130e-01	4.402567417249322e-01	1.948434873480489e-01	3.028713523469105e-01	4.402679170526935e-01	2.185508048823124e-01 
51250	5.287582796263717e-01	3.500358652634586e-01	7.206339931856589e-01	4.565531919430315e-01	6.637561715621091e-01	3.937339068468169e-01 
51251	4.600299042854072e-01	7.677542714440901e-01	4.301342553455456e-01	5.496208499456401e-01	5.291919310309894e-01	5.713741436861083e-01 
51252	5.563311366963870e-01	2.992364963345425e-01	5.434345244846153e-01	2.777476585750306e-01	4.399933756147708e-01	5.038478190163296e-01 
51253	6.557612992642710e-01	5.998398372710614e-01	6.152832249395113e-01	5.189846603785720e-01	6.298751897877998e-01	4.611107757495224e-01 
51254	6.076666791829950e-01	5.622540427408222e-01	5.556259851090256e-01	4.072067924428213e-01	6.783172325150627e-01	5.045016556950731e-01 
51255	4.815130730540865e-01	2.883360856726184e-01	2.816042515255228e-01	3.772722132581589e-01	3.210120565348584e-01	2.831453223928176e-01 
51256	6.119116890104492e-01	4.692092586511997e-01	5.850768641062518e-01	6.738897104631418e-01	5.081977559533780e-01	3.763609167581763e-01 
51257	3.680403739468683e-01	5.017966868653956e-01	4.191454584303242e-01	4.014825805773662e-01	2.895351888180784e-01	6.308995199973904e-01 
51258	4.196235300780786e-01	5.215055542031933e-01	4.806297963712994e-01	4.596543432828113e-01	4.571864258496212e-01	3.267298143047404e-01 
51259	5.849511720646330e-01	6.743080819815430e-01	4.953934454867412e-01	5.966768468143175e-01	6.051280957593463e-01	7.338231542435298e-01 
51260	7.054435942205176e-01	7.286121373463695e-01	6.948863553282787e-01	7.906313038972924e-01	7.133919782397400e-01	6.463523733114763e-01 
51261	6.758117176028297e-01	4.517947667381793e-01	5.209618290376417e-01	5.861882944241124e-01	6.865428930526443e-01	5.847778578794230e-01 
51262	4.919589486527825e-01	4.195767088241471e-01	5.072986281096530e-01	4.297659561779708e-01	3.858552293728936e-01	4.045685185991323e-01 
51263	4.185224567096694e-01	4.774254057463899e-01	3.465226179422736e-01	6.034316937231194e-01	4.120790675217183e-01	4.904707930185858e-01 
51264	6.084371694187145e-01	3.731857271730645e-01	4.347657401140180e-01	2.969158023559800e-01	5.494965507557079e-01	5.145210621254790e-01 
51265	6.117363817512580e-01	7.666118286478433e-01	8.101831538612224e-01	4.489501578925086e-01	8.784997529796350e-01	7.005346911937704e-01 
51266	4.147072102832800e-01	3.603677448541520e-01	4.589189192344722e-01	4.490724907994281e-01	3.442215396155522e-01	2.749082674198696e-01 
51267	5.819659400999398e-01	5.769860836997510e-01	2.929257241867502e-01	5.565059365327203e-01	5.443711829771997e-01	5.184651444528150e-01 
51268	5.714069161485025e-01	5.747031283279529e-01	6.092942510267544e-01	6.050583777152297e-01	5.635506444141209e-01	5.452880241531637e-01 
51269	4.756999501180298e-01	2.949528724585720e-01	3.410828645303880e-01	2.956157800485439e-01	3.328411008906921e-01	4.904427342024806e-01 
51270	2.727656132362057e-01	4.727632542950013e-01	4.167964530327160e-01	3.458466011996560e-01	3.972811790271952e-01	4.571901296188868e-01 
51271	6.264802363892591e-01	5.823732617352522e-01	3.718733845284115e-01	6.557704201442496e-01	5.796540828695098e-01	3.795060558169694e-01 
51272	5.078417928887863e-01	3.183254166321065e-01	5.238532305491910e-01	3.947821814710270e-01	4.967752649892807e-01	4.400440499369090e-01 
51273	5.397296421582451e-01	3.585490822682603e-01	6.694427022314118e-01	5.258965474434141e-01	4.303700654535005e-01	4.522276023796933e-01 
51274	5.937254051774922e-01	7.759747695879832e-01	4.118738872258071e-01	6.909877230642414e-01	5.320985887715213e-01	5.310548492467814e-01 
51275	6.684396477959897e-01	6.198839378167158e-01	7.152307897959052e-01	6.466879700240347e-01	5.448097708353661e-01	5.360171769455637e-01 
51276	4.307733715159079e-01	3.845023506741175e-01	4.033786545989957e-01	5.077134783193182e-01	3.971480510245792e-01	4.504639636192627e-01 
51277	5.298505974967770e-01	1.824086184904208e-01	4.241472140726586e-01	3.185205103832303e-01	3.609393430270080e-01	2.918932109145441e-01 
51278	5.394838533074928e-01	3.746021797004035e-01	4.092421568760133e-01	5.914467947245405e-01	3.997048816693913e-01	5.791808955542601e-01 
51279	5.284962241032128e-01	7.266572355767027e-01	6.829416259935183e-01	5.449382897057151e-01	6.418287873055769e-01	7.246533447085654e-01 
51280	4.538544236167896e-01	5.079705521310562e-01	5.836592133380286e-01	2.163687261116294e-01	5.091012851802712e-01	3.857744578218745e-01 
51281	2.180311150870450e-01	1.698655055220154e-01	1.692041777178476e-01	3.300926211370798e-01	2.566318489386138e-01	2.543038694813524e-01 
51282	7.302440433560560e-01	2.566534250102854e-01	8.026506320691966e-01	2.922246916621099e-01	5.387503755218452e-01	3.340459038906468e-01 
51283	5.062247105877553e-01	3.837899843222929e-01	5.836075561117191e-01	3.141092972246224e-01	5.487254825910968e-01	5.731011377328190e-01 
51284	4.331620452697715e-01	5.413779428745562e-01	4.514299674608371e-01	5.206096088987038e-01	5.758107609136762e-01	4.692451834138763e-01 
51285	4.770168951427694e-01	1.799180826237286e-01	4.459008714780978e-01	5.463122433591929e-01	2.327904016805705e-01	6.757913653460921e-01 
51286	2.945819791048703e-01	2.489931971332999e-01	3.290680761119480e-01	1.824407052840010e-01	2.130369323769686e-01	3.826615641195166e-01 
51287	3.953016017587881e-01	3.003677019914084e-01	3.755166318579980e-01	4.241355921030920e-01	3.364558073447306e-01	6.925733479273211e-01 
51288	5.554802901124287e-01	4.964785037569615e-01	5.347043947025181e-01	4.934402280455646e-01	5.624290780406931e-01	4.942867139120400e-01 
51289	4.667196685710709e-01	5.939695374326147e-01	7.082035831334841e-01	6.906805300701944e-01	5.359481566432274e-01	5.805561346719537e-01 
51290	4.908383453247128e-01	3.929565023564343e-01	5.472986104928064e-01	3.077861102768619e-01	6.043792006357035e-01	5.387450532224486e-01 
51291	6.534954783346494e-01	6.848806055515805e-01	6.907942991579810e-01	6.882233412417417e-01	6.354718142624973e-01	8.075898853991863e-01 
51292	4.198677766387990e-01	8.611702433602920e-01	4.821320501475863e-01	6.724202657335170e-01	6.266008429516949e-01	6.828845847182669e-01 
51293	3.466238582984516e-01	6.881028447292354e-01	5.482331505374061e-01	4.826723833767118e-01	4.544640433221123e-01	4.123758034222220e-01 
51294	4.232792087566283e-01	2.272811537574281e-01	4.753206532126511e-01	2.836958453371226e-01	4.635793183943226e-01	3.608982356719292e-01 
51295	6.981365684665592e-01	5.803907674137414e-01	5.876672600903594e-01	6.447059651039957e-01	4.765506707329512e-01	5.735591193925202e-01 
51296	6.094079325374442e-01	2.353859781392145e-01	6.006908223021878e-01	3.120132287273452e-01	4.828042649998192e-01	3.256440438035870e-01 
51297	4.188841711610823e-01	3.984635882758442e-01	3.989094169639825e-01	6.266006611157511e-01	3.645220105184576e-01	5.760003948599288e-01 
51298	3.826634007204576e-01	5.597804175402319e-01	5.612245141120190e-01	6.447707260364074e-01	5.023510802432944e-01	6.268319153422109e-01 
51299	3.797434744803778e-01	3.882787697653883e-01	4.679212633975988e-01	1.713407197800469e-01	4.622433675090563e-01	3.415272955823748e-01 
51300	4.736201775166841e-01	3.121206525316285e-01	4.381982271283544e-01	3.847151038158537e-01	3.761223766708430e-01	4.693993827738087e-01 
51301	4.385667496363408e-01	5.581406776538742e-01	3.335128046153145e-01	4.379996101890083e-01	5.793744283046998e-01	1.972589030507953e-01 
51302	6.973290591656027e-01	5.610099118039447e-01	6.666588469044498e-01	6.493083127008688e-01	4.523993641901927e-01	6.956910921273212e-01 
51303	2.410880023838696e-01	3.045485862240549e-01	2.483815163609990e-01	3.128654804682639e-01	2.223599051440517e-01	4.018408388353099e-01 
51304	5.169298853711041e-01	8.117646644171890e-01	5.312958832120315e-01	7.924217001235110e-01	5.769088048998126e-01	7.648988419419226e-01 
51305	4.610818250418571e-01	5.746007952825420e-01	6.823034258137338e-01	2.532901434610016e-01	6.254986003023142e-01	5.740284842060908e-01 
51306	4.719605055081500e-01	7.286537870689811e-01	4.765126404850561e-01	6.534914322892612e-01	6.238023641884270e-01	6.496237998851260e-01 
51307	5.018577407473934e-01	3.477525662199838e-01	5.448770300548821e-01	4.136848541470573e-01	5.855602154727377e-01	5.594045333571912e-01 
51308	6.932428063873621e-01	4.772564292608256e-01	3.303034397967475e-01	5.685636581947469e-01	5.670948676823404e-01	3.012129699402467e-01 
51309	5.250001199997896e-01	6.081271757905566e-01	6.318287875525019e-01	6.144142540158535e-01	6.019566845506201e-01	5.804989154781310e-01 
51310	2.859300878211190e-01	5.982151758391642e-01	5.377282281716735e-01	3.703645258810432e-01	5.166100416266044e-01	5.850279437124459e-01 
51311	7.092255595887816e-01	4.715615916427398e-01	5.785157975035619e-01	6.937384024774087e-01	6.160760189918253e-01	4.305176023361745e-01 
51312	3.172679864292178e-01	3.320994294866316e-01	2.704483949233986e-01	2.556521434853967e-01	3.971003927745421e-01	2.918424904842487e-01 
51313	5.115776624474526e-01	3.953862639160992e-01	6.538511994832955e-01	3.892533281646323e-01	5.060664917051113e-01	5.607398416889497e-01 
51314	3.475331043695318e-01	6.064732916581241e-01	2.071899838424858e-01	5.057498827021718e-01	5.564675253091422e-01	3.874174172047825e-01 
51315	2.898107439662279e-01	2.484771769785705e-01	3.946961928174337e-01	1.805067676809334e-01	2.305315390602379e-01	4.247066905686123e-01 
51316	4.796389707165873e-01	2.996893085709139e-01	4.910996396776400e-01	3.674342120826605e-01	3.894156425505119e-01	4.809299054331996e-01 
51317	4.261124114099248e-01	5.912667403762324e-01	6.096367574538895e-01	4.224403387355909e-01	5.459734777193683e-01	5.176889773690927e-01 
51318	4.405274711876714e-01	5.010697253706817e-01	4.038111741426402e-01	6.182285437322250e-01	4.885379670667699e-01	5.863904124037379e-01 
51319	4.889103922790268e-01	5.501472316149475e-01	4.604407387974769e-01	5.127702566826038e-01	6.382390190006767e-01	6.355600193968202e-01 
51320	2.098022607699133e-01	6.772601487846819e-01	4.610269679504093e-01	2.775668313259448e-01	3.758288523915584e-01	7.005671383861622e-01 
51321	5.323157016947371e-01	7.113986770714092e-01	5.477896911598639e-01	3.852191480428391e-01	6.990070828948817e-01	5.182513982201917e-01 
51322	6.471786399668659e-01	4.431648260398089e-01	5.168777314894790e-01	2.181499979326509e-01	5.051155455030302e-01	3.071281479698084e-01 
51323	7.041911165865927e-01	5.839577259117554e-01	7.862079304367441e-01	7.921665339936259e-01	5.250253551265129e-01	7.964025698732882e-01 
51324	5.138022072278785e-01	2.546786065696105e-01	5.467814863186434e-01	3.541743340647680e-01	6.464420104969503e-01	4.365304184864844e-01 
51325	6.761549087778866e-01	6.014494716218326e-01	3.362724858061609e-01	6.566282920525901e-01	6.502866395156284e-01	4.307657123632536e-01 
51326	5.863812032932734e-01	5.689680931191726e-01	3.511736849156538e-01	6.204175151449093e-01	4.299829120956561e-01	5.981822633489380e-01 
51327	3.800755723771248e-01	6.919448424836518e-01	4.949749943896793e-01	3.670839072480234e-01	6.271107252138984e-01	5.616263999254666e-01 
51328	6.626236282666503e-01	7.247361054829760e-01	5.851348254662454e-01	6.062567779525572e-01	6.978095726842173e-01	6.170439814725168e-01 
51329	3.891973517268322e-01	6.166165560440774e-01	4.696942925602943e-01	5.152348354941816e-01	7.522751138406440e-01	6.772381504276959e-01 
51330	6.898699412204404e-01	6.378208535326388e-01	5.963490909343556e-01	6.986600672246989e-01	7.448661609964162e-01	7.047636373410067e-01 
51331	5.351308610445731e-01	4.061296380292210e-01	3.806420518035953e-01	3.694980110926703e-01	4.721095989936822e-01	3.907661068266224e-01 
51332	4.965406221493631e-01	3.571247536712793e-01	5.839472486765781e-01	4.587250458960677e-01	5.777145077504784e-01	3.476186645958333e-01 
51333	4.440301900592943e-01	2.169415507897682e-01	4.525100661526381e-01	2.835342730059566e-01	4.333963479826366e-01	3.060424588300857e-01 
51334	2.505629449910456e-01	2.143679765143985e-01	3.063491197142486e-01	1.472858447529969e-01	1.816503451141201e-01	2.841811514744927e-01 
51335	4.537347878086512e-01	3.349853113391379e-01	5.277062232477916e-01	5.569235715884127e-01	3.316357800825894e-01	7.110330857260967e-01 
51336	7.095737008243678e-01	7.396813693857029e-01	5.896255770280654e-01	6.987858739445241e-01	6.481694240402207e-01	6.226949365026173e-01 
51337	4.781794145543719e-01	6.462126800607506e-01	5.328218319806580e-01	6.565417566932075e-01	4.807593726313777e-01	5.592133391997485e-01 
51338	5.005116190348069e-01	4.547185659349668e-01	4.769727546896531e-01	5.758138887895552e-01	4.504843632551611e-01	7.284618399170244e-01 
51339	3.737258721598172e-01	3.847989421222553e-01	2.623853636003204e-01	3.967702120367117e-01	4.321366256292688e-01	3.998671544563913e-01 
51340	4.811507425183089e-01	7.799630235934946e-01	6.789056464818446e-01	6.249423451299694e-01	5.752923796944631e-01	7.972121989670178e-01 
51341	5.244673679578531e-01	6.396814296588704e-01	4.451908309803621e-01	5.455283411669380e-01	6.215935289649195e-01	6.180937302171146e-01 
51342	3.935278887258175e-01	3.279233843055259e-01	4.252510837821422e-01	3.318642502696262e-01	4.419660115857734e-01	3.260126519969173e-01 
51343	5.433061878245828e-01	6.457507968504570e-01	5.363762808245908e-01	6.513911365625833e-01	6.222718925006446e-01	5.185397631332767e-01 
51344	4.003072823075043e-01	6.248895983226168e-01	4.338856512546820e-01	4.659112390561974e-01	4.784739496261298e-01	4.862719236295641e-01 
51345	5.478577855308168e-01	7.683690660060094e-01	6.187070736019391e-01	6.918381655598709e-01	6.223438489338268e-01	8.300261745519338e-01 
51346	2.728600592824538e-01	4.138346681353177e-01	6.234264226359758e-01	3.861434985286414e-01	6.532464397763058e-01	6.433655894118817e-01 
51347	3.933326871009292e-01	5.373989111477544e-01	2.805063310473126e-01	5.507718236996035e-01	5.087315630965084e-01	3.744479899757484e-01 
51348	5.835779256668502e-01	5.373039507728210e-01	3.823782304773163e-01	6.275928256033103e-01	6.098568503444339e-01	4.003274848337259e-01 
51349	1.991499137604540e-01	6.048940835556897e-01	3.378923342096670e-01	3.788557536590154e-01	3.474223062628557e-01	4.276184116972910e-01 
51350	2.681708982147834e-01	3.950616983942914e-01	3.970596651341342e-01	2.175990119468732e-01	4.736332987598051e-01	4.800500403275945e-01 
51351	6.192227941617988e-01	4.876848243903383e-01	4.878966690451875e-01	5.340954451199860e-01	4.054728603199013e-01	6.668568000730397e-01 
51352	5.285806103743466e-01	6.012345916283657e-01	5.080282823576120e-01	7.442242960676674e-01	3.675106719332716e-01	5.719184060499710e-01 
51353	2.867696731301198e-01	3.387290154358078e-01	4.430036337380642e-01	3.685980910611848e-01	1.558963799942829e-01	4.122005305016986e-01 
51354	3.418068425767137e-01	1.912122799690183e-01	4.204573563498616e-01	2.368839501398143e-01	2.718706771371286e-01	1.952007084875169e-01 
51355	4.835183733541976e-01	5.817006744497097e-01	4.104069600965065e-01	6.014256805426401e-01	5.751568771442934e-01	5.707912219402543e-01 
51356	3.377516595148097e-01	6.814817185994857e-01	4.570309782490206e-01	4.832625445911242e-01	5.965420258817384e-01	6.246910461406961e-01 
51357	6.140774711034325e-01	5.960652873227923e-01	4.660881456402641e-01	2.555951492883466e-01	4.943991615711594e-01	6.098515501326036e-01 
51358	2.725177677113372e-01	6.807570061932451e-01	4.349752997624154e-01	5.096187721051328e-01	3.255554233117881e-01	7.129259847627407e-01 
51359	5.063198726927425e-01	5.512249305160271e-01	6.400385969211924e-01	5.996547976427928e-01	5.288995221260560e-01	5.935447783865888e-01 
51360	5.028200871779277e-01	4.940692538742146e-01	5.209949555050709e-01	4.777228042536036e-01	5.327220566593964e-01	6.031862835877645e-01 
51361	4.051520292427830e-01	6.124483494500264e-01	7.048900223706160e-01	4.991345781925161e-01	5.145961857136589e-01	7.075910188071828e-01 
51362	4.288511851505457e-01	6.846179761596065e-01	5.199958995978418e-01	6.309033220399385e-01	7.299797884525635e-01	6.759913722840478e-01 
51363	3.576166444009405e-01	4.307451068599490e-01	2.562642690400365e-01	4.220629146957693e-01	3.516294323845548e-01	4.455983403393187e-01 
51364	4.239603815922623e-01	4.869900675303368e-01	4.392351154744403e-01	4.496986337556066e-01	5.361403218929819e-01	3.938839697164375e-01 
51365	4.061620435216630e-01	4.112485146027505e-01	3.852953569518099e-01	4.458559898565504e-01	2.087222006686398e-01	3.670402191369717e-01 
51366	2.188510121768111e-01	4.157469950582445e-01	2.904879390900770e-01	3.258546872944795e-01	3.917788103481629e-01	5.407484187795870e-01 
51367	7.242454975234601e-01	4.845608581000288e-01	4.334066460231230e-01	6.719150384163636e-01	3.937924943117948e-01	4.999679324937276e-01 
51368	7.198458817089631e-01	5.076818814859954e-01	6.355172780889862e-01	7.955211022910155e-01	5.373813825030170e-01	6.011172494285537e-01 
51369	4.426571366789302e-01	5.659016146140354e-01	4.362776384870527e-01	4.105024762531090e-01	4.261637173724091e-01	4.843183905038403e-01 
51370	7.351360782559273e-01	5.740175859696870e-01	5.913767665226621e-01	7.189180375619710e-01	4.193808229128773e-01	4.418603985177351e-01 
51371	6.763266316072544e-01	7.509455914038906e-01	6.145016425673542e-01	5.691431211757156e-01	5.726523086878378e-01	5.464678176182078e-01 
51372	3.923492113643868e-01	4.592626395918639e-01	5.666136902648249e-01	5.315711516078143e-01	7.037781609551943e-01	6.123772710657870e-01 
51373	3.755153828755100e-01	3.651651930648615e-01	5.065021202378570e-01	5.211068735103594e-01	5.053398251224158e-01	3.883995696405241e-01 
51374	6.280485099436233e-01	4.952923960382569e-01	3.994043136499673e-01	4.342325039791193e-01	5.002570735247702e-01	3.920866580231714e-01 
51375	4.272097077348394e-01	3.824431681950661e-01	3.625396768464486e-01	4.049330494696238e-01	5.865617697540815e-01	1.975906070354660e-01 
51376	3.483641955706127e-01	4.639817757926935e-01	3.260266344669820e-01	4.476062734651510e-01	3.802306481340982e-01	3.261356016600533e-01 
51377	3.279277336843683e-01	4.228754191843809e-01	2.938288920037466e-01	2.860265282139659e-01	4.496486800561036e-01	1.669712878800107e-01 
51378	6.264896197364985e-01	6.937813999293494e-01	5.563276652991720e-01	6.284459365906307e-01	5.951880381799788e-01	5.319132264025200e-01 
51379	2.073775162015018e-01	4.396434202518859e-01	2.365001064935602e-01	2.675057779733377e-01	2.632040667909599e-01	3.693829145874782e-01 
51380	3.365033227200531e-01	3.325730824805245e-01	6.361203817265051e-01	3.187860991577887e-01	5.068853789074947e-01	5.212568480236868e-01 
51381	5.143337380787871e-01	4.930076847149946e-01	5.658669716331318e-01	4.859208356978003e-01	7.542261457363164e-01	4.396293943647895e-01 
51382	8.016771125307982e-01	6.440188292617524e-01	6.148077194667717e-01	7.476995183616346e-01	6.067675131477726e-01	6.428189887375166e-01 
51383	6.367415834168619e-01	6.716924781544762e-01	7.385410847802769e-01	5.181008195114620e-01	5.843481999888419e-01	7.089386736393568e-01 
51384	7.813599953007444e-01	6.785810821282238e-01	6.881969571371993e-01	9.065192814533611e-01	6.266369033021444e-01	6.881118188142721e-01 
51385	3.732077251208475e-01	5.478276735943846e-01	3.675213314991631e-01	5.117859013280626e-01	5.043526501954954e-01	5.325660913634365e-01 
51386	7.299754679880102e-01	3.736934432650380e-01	2.971298646014479e-01	8.852295853168102e-01	2.499958121947267e-01	4.345714360169706e-01 
51387	5.866633609927039e-01	4.792297151509790e-01	5.857131188149641e-01	4.451333795516957e-01	6.117601300369765e-01	3.692056005585495e-01 
51388	3.742467229003597e-01	2.634352783970663e-01	3.730482725622665e-01	3.818271388274447e-01	2.832357279870926e-01	3.957771794139865e-01 
51389	2.081654243561409e-01	1.680557225295130e-01	1.981964956789564e-01	2.064821654711303e-01	1.729790861703566e-01	2.500010629761799e-01 
51390	5.645916242381879e-01	4.910999225771275e-01	4.314040260130093e-01	4.091784619725009e-01	5.382207918516598e-01	5.082406315793883e-01 
51391	4.865952643496763e-01	7.932444760862102e-01	3.234232134113369e-01	6.520193882566245e-01	5.529986165744241e-01	3.999907213528258e-01 
51392	4.355915632398557e-01	7.023276640693634e-01	5.735153750970310e-01	3.685051953892191e-01	6.871460052616503e-01	5.255196469903429e-01 
51393	4.292091351838293e-01	4.524419293387365e-01	4.606262652327333e-01	3.324214370043548e-01	4.737676935066182e-01	2.916854195026175e-01 
51394	4.326547357534699e-01	4.182993925597166e-01	4.620769005360166e-01	5.221829970192400e-01	3.981455000046281e-01	6.245381408093709e-01 
51395	3.521029793767105e-01	7.769253223954156e-01	5.511036612991439e-01	8.113140024897860e-01	5.186579208989963e-01	6.420745876142605e-01 
51396	6.085885654180876e-01	5.960247958531425e-01	5.868032213697918e-01	6.802294590567044e-01	5.480194922149457e-01	5.296766720910973e-01 
51397	3.650271065368739e-01	6.314851427862338e-01	3.246262662337132e-01	7.762957141694957e-01	3.008363111976589e-01	5.516579751090964e-01 
51398	4.088879722767056e-01	5.116017203612426e-01	1.967269001308400e-01	4.504592481327167e-01	2.463371492427415e-01	3.667806124251520e-01 
51399	7.337925249515835e-01	5.728254885245528e-01	6.376679965755134e-01	5.673672254378932e-01	4.979875260058891e-01	6.339610540205110e-01 
51400	3.694764217859348e-01	4.671785173359099e-01	5.313439653423840e-01	4.021863194295676e-01	4.898025757568761e-01	4.976145812907646e-01 
