85401	8.046768573921926e-01	4.914014961469188e-01	5.615248212302957e-01	6.777592039068392e-01	5.735651290585313e-01	6.802804847766547e-01 
85402	5.414786277884519e-01	7.003035669979376e-01	6.377733745394139e-01	7.913898891259470e-01	6.954604650785967e-01	6.926299812026682e-01 
85403	6.294498733165230e-01	5.528093504704694e-01	7.116249049839881e-01	5.411032368309390e-01	7.244316601562981e-01	5.652046854276025e-01 
85404	6.936150992224809e-01	4.940437124405118e-01	5.594050268169610e-01	6.022836660708486e-01	4.925038880638016e-01	7.161983562969417e-01 
85405	2.997313605739197e-01	4.712756570047169e-01	4.018306666118990e-01	3.177553739212127e-01	2.153736681375441e-01	5.576706871442449e-01 
85406	6.041491945136526e-01	7.800932678071766e-01	6.893912026649088e-01	7.813440726648946e-01	7.028510140416839e-01	7.982994372549590e-01 
85407	4.648450308056649e-01	4.382503437018605e-01	5.212542791628076e-01	5.236720858181045e-01	3.469369097565566e-01	3.977364155477393e-01 
85408	5.833376238367443e-01	5.581819195266613e-01	6.093078820559112e-01	4.289035899319215e-01	6.319638310103928e-01	4.482495857088218e-01 
85409	5.959889150513170e-01	5.332898957555255e-01	6.251707783423075e-01	6.085567540947698e-01	6.421620913260865e-01	5.198577287607730e-01 
85410	4.876132529518554e-01	4.143123659229261e-01	3.290598957024529e-01	4.693081648559471e-01	2.956368486765190e-01	2.935262083215033e-01 
85411	6.112562426814157e-01	5.086400405251602e-01	7.120075264374122e-01	5.554892943370644e-01	7.426375735690591e-01	6.148060750996744e-01 
85412	3.550472815498233e-01	3.791900872540358e-01	2.981009730528394e-01	3.846001553204146e-01	4.264170337187893e-01	3.334425129590038e-01 
85413	2.709456926601374e-01	5.580969317681388e-01	6.079973131826375e-01	1.720142786887376e-01	5.257312232821458e-01	8.729739331255473e-01 
85414	5.271717474556566e-01	8.244938547239367e-01	5.664887758948722e-01	5.751158290770811e-01	8.337152151352314e-01	5.660495177832453e-01 
85415	3.549478202071221e-01	5.821037270400071e-01	2.992917658595215e-01	5.094355396186578e-01	5.191172341244266e-01	4.093950338406941e-01 
85416	8.440660071417090e-01	7.240837267116540e-01	7.288409354182257e-01	7.526366835335372e-01	7.150344547863131e-01	7.615845508284442e-01 
85417	3.695686735524399e-01	4.808166901509219e-01	5.448919515719821e-01	5.313624551355558e-01	3.434287624923138e-01	4.754137254769364e-01 
85418	4.556129020055086e-01	4.750415964725991e-01	4.230249554506346e-01	7.108453884367258e-01	3.655499680078517e-01	6.263877448453837e-01 
85419	5.466153896882722e-01	6.211431425899943e-01	4.542912321497323e-01	6.034020197408205e-01	7.067086122685101e-01	4.059282716716291e-01 
85420	6.917401740538657e-01	6.379589649720251e-01	6.566106841848025e-01	6.928342998368738e-01	7.095213391116728e-01	5.424451429405158e-01 
85421	8.216345648820889e-01	5.502749145105554e-01	7.200387646247837e-01	7.061847460973262e-01	5.153115861515147e-01	6.448598857373948e-01 
85422	3.513828026882829e-01	1.980145986505765e-01	3.169293814510524e-01	1.947911317134747e-01	2.633997017144659e-01	1.717902166678244e-01 
85423	4.941562258634500e-01	2.253814389426412e-01	6.556298481408247e-01	5.706759685240217e-01	2.957747745924392e-01	6.013493006530169e-01 
85424	5.123342841320706e-01	4.952502599338026e-01	4.156101857793809e-01	4.009299252290032e-01	6.792958618145690e-01	3.519351732772277e-01 
85425	5.245328325321583e-01	6.853750862388582e-01	3.908599919039802e-01	5.566508482429752e-01	6.885563264574684e-01	3.639782298127147e-01 
85426	5.963356128600984e-01	5.578695761992858e-01	6.336710181020372e-01	5.817292500364080e-01	5.946375687708305e-01	4.555434279395503e-01 
85427	5.132857938483989e-01	5.412695098502087e-01	5.301262935033715e-01	4.754788914580622e-01	6.982808302864070e-01	4.006292558061056e-01 
85428	4.081382626583269e-01	6.062808661957360e-01	3.576675545501670e-01	5.660389578504603e-01	4.963607889313868e-01	5.357058652991884e-01 
85429	6.383568981996290e-01	6.396911790976612e-01	7.244963297593476e-01	6.553726680753984e-01	5.618050639447831e-01	7.100578668335125e-01 
85430	2.660922205514926e-01	3.453464477627838e-01	2.843755936600662e-01	1.901242463511382e-01	3.350746758969504e-01	2.975822263436917e-01 
85431	4.288193098051456e-01	5.378360882661990e-01	4.749546742260010e-01	3.494796110936510e-01	5.073849583250261e-01	3.816546780300847e-01 
85432	3.928231446083325e-01	4.870485170267766e-01	5.243126539338452e-01	7.323525309602367e-01	3.576587531760639e-01	6.095519591230713e-01 
85433	4.048456456447181e-01	2.495216306168371e-01	3.590044170017873e-01	4.347032250855682e-01	2.721408933994978e-01	3.470667476330559e-01 
85434	5.555275002351832e-01	6.332603679621589e-01	4.411456593752308e-01	5.613547378096007e-01	7.014449848355153e-01	6.933641595382791e-01 
85435	4.789924590099879e-01	3.624491243588898e-01	4.047134362548792e-01	3.833227003801625e-01	3.997054250335198e-01	2.856597996082761e-01 
85436	5.358396450050749e-01	3.462958371670660e-01	6.811099674900286e-01	5.213422566709821e-01	5.492285848373337e-01	6.220231657527460e-01 
85437	4.385908053764350e-01	2.437282125695162e-01	6.171086864497140e-01	3.316646321315714e-01	5.198082821737429e-01	2.620321387795249e-01 
85438	7.571413591475245e-01	8.753753138648102e-01	6.778947813214908e-01	7.381255280829049e-01	7.960644630523466e-01	7.529711883401344e-01 
85439	5.107206062944498e-01	3.629962912125668e-01	4.956975258584899e-01	3.435895507501793e-01	4.745702665814172e-01	4.496849723878389e-01 
85440	6.361631857078069e-01	7.440503437365193e-01	6.098481889890390e-01	9.059901492948133e-01	5.440274986777067e-01	6.444040247731113e-01 
85441	5.946298446965346e-01	6.649049825597904e-01	7.183955429434226e-01	5.718568319613722e-01	5.914446190497155e-01	6.851746287191645e-01 
85442	4.743536555043950e-01	3.874809663587239e-01	4.363547277796405e-01	5.088970994055666e-01	4.049897613815382e-01	4.031889539152964e-01 
85443	3.804385880095882e-01	2.664288251935463e-01	2.484267879344695e-01	4.002648137989996e-01	2.455802200308644e-01	2.494306165756208e-01 
85444	6.274834693408491e-01	4.385253376605708e-01	6.064107491197556e-01	3.997315243086959e-01	5.677111968494418e-01	4.014667559470801e-01 
85445	3.114163868200437e-01	5.031914228622529e-01	3.951634949263338e-01	6.161855743572211e-01	4.415045036015425e-01	3.991964935007074e-01 
85446	3.137869016445541e-01	3.546175141953746e-01	4.343525926311910e-01	5.147321337608750e-01	3.529247900171595e-01	4.164915718559485e-01 
85447	5.804002982976300e-01	5.062347865944656e-01	4.080823965524766e-01	4.056431170686584e-01	5.589460983612780e-01	2.382794743136905e-01 
85448	7.067158959135655e-01	6.345675603223473e-01	6.949124244092633e-01	7.032880545208234e-01	7.158716246861213e-01	7.924239767899108e-01 
85449	6.781398536289702e-01	4.455354585259403e-01	6.406347807024054e-01	5.240368385764652e-01	6.510791951639304e-01	3.620623740967947e-01 
85450	3.174086310237745e-01	5.185210899450771e-01	4.510377376764888e-01	3.689486051989558e-01	6.156496862047292e-01	2.351812789773611e-01 
85451	4.626836780763630e-01	3.261358367410742e-01	3.764672186561188e-01	2.721260160713119e-01	3.419328967070584e-01	4.196435738042857e-01 
85452	5.335304893907773e-01	4.965368253361561e-01	4.460644847559132e-01	4.850683018596366e-01	3.381330858576496e-01	5.561095224877053e-01 
85453	7.484157900410751e-01	8.203493798475752e-01	7.731649689654940e-01	8.164035724627727e-01	8.685710499863235e-01	7.900820411112781e-01 
85454	3.145828596704901e-01	3.832670700651016e-01	3.072943854786667e-01	4.445349761432231e-01	3.140917036973637e-01	3.336661837065907e-01 
85455	7.321504374985900e-01	7.334846529123032e-01	7.020201285815055e-01	8.726537277933031e-01	7.168486671455698e-01	6.859967711228185e-01 
85456	2.826593769192571e-01	6.106962644798485e-01	3.611923262713151e-01	3.996212779894189e-01	5.131390283254111e-01	5.923644868662783e-01 
85457	5.690330412891612e-01	3.382854975613572e-01	3.911681615733317e-01	4.600308862290328e-01	5.888774299520543e-01	2.829950480137943e-01 
85458	5.589808785376423e-01	4.858853415269775e-01	5.242502259580463e-01	5.679201121748488e-01	4.468491530681133e-01	4.563081906160377e-01 
85459	6.216675279467688e-01	4.748197009051892e-01	5.538621254851166e-01	3.464952256454405e-01	5.799975464313014e-01	5.234424891644466e-01 
85460	6.697437931429806e-01	6.037239998187554e-01	7.332329331590095e-01	5.812744074022690e-01	6.122424789866960e-01	5.470920497742975e-01 
85461	2.823837605982183e-01	3.131994721603467e-01	3.354978272292878e-01	3.162936028337694e-01	2.753834056177056e-01	2.835894683249417e-01 
85462	4.675261914713703e-01	2.503368018384795e-01	5.050847439808945e-01	2.651016991104636e-01	3.682152732566157e-01	3.230093809913987e-01 
85463	4.191870682711037e-01	5.323649154467262e-01	4.809047972005110e-01	5.184609901287379e-01	4.906406907347460e-01	6.150514207520095e-01 
85464	2.666647291099852e-01	4.449143338653470e-01	3.923418217683799e-01	4.986154075455803e-01	4.353518472495488e-01	4.960118878731020e-01 
85465	1.682111869087179e-01	4.437116731887172e-01	6.309924109531817e-01	3.503284863941927e-01	3.136632118339179e-01	5.388903630257081e-01 
85466	4.129120690508716e-01	3.580745652753700e-01	4.506528813979868e-01	2.337223727539879e-01	5.243212997712303e-01	2.356951424056597e-01 
85467	8.255035221758681e-01	5.390545059208269e-01	6.937588943801680e-01	6.365911164392222e-01	6.650951150436082e-01	4.578481938042596e-01 
85468	4.861594534639014e-01	6.122941890307922e-01	5.583436936124037e-01	6.422336842810397e-01	4.224454985457121e-01	6.856733051039030e-01 
85469	4.686880156722085e-01	3.712583776840864e-01	6.075471198663922e-01	6.845753765047672e-01	4.189495298146064e-01	6.863642002102002e-01 
85470	4.739512895568186e-01	3.636558245844312e-01	3.500024766497951e-01	3.124289322579602e-01	4.562652135716945e-01	1.603062237623884e-01 
85471	6.531508986409528e-01	4.742929444447561e-01	5.421651600117599e-01	4.530280000919025e-01	3.663690082888297e-01	3.343447364867732e-01 
85472	3.719131483084593e-01	5.934192172596540e-01	3.279203307316730e-01	3.893433521363701e-01	7.197943553539530e-01	4.500353241344208e-01 
85473	3.166044622850862e-01	7.562359892581714e-01	5.238606210588249e-01	4.511479558627740e-01	6.680010190744774e-01	3.904712417142371e-01 
85474	7.516524217434288e-01	6.863257420641611e-01	6.708787192230823e-01	7.694779443169433e-01	6.470685255139283e-01	5.786930859226533e-01 
85475	5.969040258093714e-01	6.211779204688898e-01	4.594744197235020e-01	5.263338685414410e-01	5.079817605606181e-01	4.416719336057781e-01 
85476	5.301370747677598e-01	3.895084358314823e-01	4.489887591549215e-01	4.384589597602288e-01	3.043763429256043e-01	3.671322643822794e-01 
85477	6.464550504289001e-01	4.692703073923898e-01	6.229711417628377e-01	4.708619014032940e-01	5.942294565027726e-01	3.547111590101165e-01 
85478	3.179237331713329e-01	2.574408303474510e-01	2.475452830563297e-01	2.790834783184986e-01	1.723706543104634e-01	2.699095767938111e-01 
85479	5.331583941243183e-01	3.637847115138501e-01	4.773256345053811e-01	4.419492220411680e-01	5.042440964820476e-01	5.477614375189546e-01 
85480	3.760830923380011e-01	3.713100716802172e-01	5.217082153853126e-01	3.243306285729864e-01	3.287858681871104e-01	2.588602384675287e-01 
85481	3.624196706679371e-01	4.584578378003007e-01	5.260142477472800e-01	3.285111908528235e-01	4.640467230670364e-01	4.990386293752910e-01 
85482	6.784673479025729e-01	6.488905490641415e-01	8.889980842451739e-01	5.211360441012085e-01	7.966518759456582e-01	5.891392112202849e-01 
85483	5.026110248011710e-01	5.560043768999028e-01	5.335855292919706e-01	3.818439746549158e-01	5.595001971325336e-01	6.073824206596883e-01 
85484	4.274807557774885e-01	2.453032620723333e-01	4.889731522187849e-01	3.987196290132509e-01	4.303431771987423e-01	4.149759496708681e-01 
85485	5.930163707071028e-01	7.043948977325761e-01	6.121917589826855e-01	5.762497638948672e-01	4.082731179047408e-01	6.793092560330956e-01 
85486	5.170359195356680e-01	5.703229637824678e-01	2.929498289402718e-01	4.957838910603532e-01	4.132943807656666e-01	5.162580029760958e-01 
85487	6.457382319078502e-01	3.159284821659566e-01	6.837881944539373e-01	3.724929843374197e-01	3.496779941245754e-01	5.156368939165499e-01 
85488	6.656928421741739e-01	4.683645956028446e-01	4.036380171986472e-01	5.224625445833075e-01	6.451774209896397e-01	4.125394640185525e-01 
85489	6.163157184755432e-01	4.277701432542751e-01	6.579980624359941e-01	4.592677596408661e-01	5.499120563962133e-01	3.163572622121262e-01 
85490	4.172440272905934e-01	7.424302932276312e-01	5.133610813386567e-01	4.800660274160364e-01	5.219167333547622e-01	5.478863869220753e-01 
85491	3.609901164718014e-01	3.706475324996676e-01	3.951950349554052e-01	2.925369516380006e-01	4.321071228959990e-01	3.209894992065128e-01 
85492	8.107297667224329e-01	5.057484927810620e-01	4.234720639944516e-01	7.896878010102975e-01	5.836811629370793e-01	5.424843280874010e-01 
85493	6.468160581311981e-01	6.039233585585779e-01	6.648494904379991e-01	3.980796041743042e-01	5.191132789547637e-01	5.322868732904700e-01 
85494	2.083509963401452e-01	2.894764993770418e-01	2.581341459324586e-01	2.671963934784687e-01	1.811691110964363e-01	2.946262248508754e-01 
85495	6.683876300344093e-01	6.762766699803273e-01	5.279568980112146e-01	7.770192924513372e-01	6.354770086681355e-01	5.770873812440571e-01 
85496	3.134946499473219e-01	4.929320139568400e-01	2.747400632577237e-01	4.114766308709684e-01	5.053137168049739e-01	2.678471038330610e-01 
85497	8.346973990167850e-01	6.611825954319765e-01	8.528915987969353e-01	7.511699283451649e-01	7.507610835480298e-01	7.164988991433896e-01 
85498	7.471582971422963e-01	7.687363295022472e-01	7.535778546144842e-01	6.358338994508661e-01	7.047141639502363e-01	6.658791558231303e-01 
85499	3.855366478269634e-01	8.203137978811935e-01	2.027816072470344e-01	4.167763422290530e-01	8.166791226664177e-01	4.013889529156831e-01 
85500	3.325996169196996e-01	4.424471706138974e-01	4.029997971672417e-01	4.514319124126840e-01	5.807933518625983e-01	3.685935112963988e-01 
85501	4.958042220688797e-01	5.906211501259597e-01	5.631509991967782e-01	4.093308807660312e-01	6.097082698876500e-01	5.078669259255848e-01 
85502	7.398661289785323e-01	5.535511709532618e-01	7.185040315534240e-01	6.791424727275646e-01	5.759950776246028e-01	7.005883931036557e-01 
85503	6.209200027201460e-01	4.695710270824840e-01	5.457070931691561e-01	5.624463239675118e-01	3.346886850232746e-01	5.364337168836570e-01 
85504	2.934880073391576e-01	3.162950574509030e-01	2.277902423086018e-01	2.959795179584782e-01	2.326980159145799e-01	3.660907115225323e-01 
85505	3.256634240702138e-01	6.832950800749813e-01	6.420653022198570e-01	5.872466643623696e-01	4.800345671373310e-01	5.688385331055920e-01 
85506	2.856684539244680e-01	5.167958973751579e-01	4.932596785017687e-01	3.101265555266194e-01	3.593598939441725e-01	5.974398262088121e-01 
85507	5.976304119155575e-01	7.409543424828691e-01	5.966561362709600e-01	5.827621357775787e-01	5.920600512925018e-01	5.063081490445476e-01 
85508	3.456928900408147e-01	5.000038098998159e-01	3.245592222772898e-01	5.271219691551126e-01	4.140738917325000e-01	3.628639987272866e-01 
85509	8.288990293562941e-01	6.009187061473287e-01	6.885893278141139e-01	6.267741357702903e-01	6.532805944273365e-01	6.617284194255226e-01 
85510	4.023580608111329e-01	6.002932975089916e-01	4.743162853605505e-01	7.230641342485443e-01	4.085185694014348e-01	6.206173139400161e-01 
85511	6.197097889000629e-01	3.629933384689127e-01	2.084697356458653e-01	4.801770550745025e-01	4.949228221838491e-01	4.565079048173262e-01 
85512	7.327557099696946e-01	6.241934407730714e-01	5.877613472755814e-01	5.829920511617775e-01	7.796611433912684e-01	6.161881406500866e-01 
85513	5.162466353109258e-01	4.818364995031937e-01	5.996025492300645e-01	5.907927946638212e-01	4.854206541262811e-01	4.900215691891078e-01 
85514	6.122463001219586e-01	6.259363378287869e-01	4.967459462580864e-01	5.557216257103573e-01	5.686215946312733e-01	6.206099656505096e-01 
85515	5.164388259456132e-01	7.815500009636223e-01	6.616294748981228e-01	5.321751755833368e-01	7.752299472354718e-01	6.965272007258128e-01 
85516	6.689003381386116e-01	3.724478081067100e-01	6.177789875220898e-01	4.752159363914241e-01	6.999751475526024e-01	5.085152162141244e-01 
85517	4.572594115847964e-01	5.033217709452573e-01	6.092197550745029e-01	5.667689795672692e-01	6.412324871794207e-01	5.613549517559691e-01 
85518	4.447343355384742e-01	3.498287517948503e-01	4.015356971283649e-01	6.264262710389634e-01	3.131437173666176e-01	6.249843437615608e-01 
85519	5.369119650220717e-01	2.956747702623422e-01	3.847663545223834e-01	4.990251716164490e-01	3.476666616726685e-01	2.812552290313901e-01 
85520	4.823993289374894e-01	5.108277929808900e-01	4.828257226447514e-01	7.004138546174306e-01	6.669685384324481e-01	5.020137370678207e-01 
85521	3.614264573106600e-01	4.500023205447209e-01	2.261272841843789e-01	4.621420733128707e-01	4.630026665995530e-01	2.836470609239991e-01 
85522	4.838683544722161e-01	3.862416151190748e-01	4.775488037846293e-01	5.229936651536060e-01	5.417904076752669e-01	7.011795957359721e-01 
85523	5.316068335081310e-01	5.905779737619292e-01	4.205887537863865e-01	4.612243027393536e-01	5.972598936048236e-01	5.388322807332033e-01 
85524	4.881998660874215e-01	5.510211928138857e-01	2.752474831458071e-01	6.290493971107625e-01	5.480908612186092e-01	3.922294289164426e-01 
85525	4.837161626396010e-01	3.873983545930854e-01	4.913432907750504e-01	7.307030850002404e-01	3.538650658958488e-01	6.060938388461402e-01 
85526	4.437757885720955e-01	5.543723179930293e-01	4.323830246219343e-01	4.848651081030478e-01	5.458076182628006e-01	5.522566766124546e-01 
85527	6.029544181691295e-01	5.205060553019496e-01	5.084133316024768e-01	7.223856987432621e-01	4.159068239866828e-01	6.750142324003179e-01 
85528	5.149280967847323e-01	3.887633781099116e-01	4.189414234527378e-01	3.662923918296181e-01	6.428521879075797e-01	1.921749867324902e-01 
85529	3.470093620646134e-01	7.599048039165957e-01	7.091583604116833e-01	4.706757789780484e-01	5.825813480454314e-01	5.645055794160203e-01 
85530	6.447918155583925e-01	5.335533955539333e-01	4.817311412202999e-01	5.175470665109136e-01	6.189068351395641e-01	6.179607775288121e-01 
85531	3.514684267778157e-01	3.805880061268476e-01	5.052020973864901e-01	4.429356740494044e-01	4.284483776239872e-01	5.010920820591848e-01 
85532	7.465963591304664e-01	3.921515606622861e-01	4.808807038326122e-01	4.881228974815380e-01	4.548323868457329e-01	4.148211479285649e-01 
85533	6.899636721820042e-01	5.165297828994613e-01	7.368325653596337e-01	7.006220647960585e-01	6.061168366208878e-01	7.051184435033397e-01 
85534	2.030358558852162e-01	4.129879530426472e-01	5.281903259433072e-01	7.811737872540386e-02	4.238956552716133e-01	3.834922262429966e-01 
85535	4.620427802108454e-01	4.605432962156190e-01	6.953378144945634e-01	4.362819037724012e-01	6.480595525292019e-01	2.453814489906677e-01 
85536	7.594788401849584e-01	6.529130008213044e-01	5.857876742680823e-01	8.063126141567758e-01	5.087093073147291e-01	7.080639261190993e-01 
85537	5.932588468522905e-01	3.988180860498300e-01	3.313278628729356e-01	5.457596778270670e-01	4.962400079534025e-01	2.488210762701074e-01 
85538	5.284026876152205e-01	4.248131654151176e-01	4.403474222180008e-01	5.016179171064631e-01	3.933959398254963e-01	5.228983402566758e-01 
85539	4.706924843756009e-01	6.367087273983608e-01	5.154099763251708e-01	3.974076590056649e-01	6.589930956016676e-01	5.797277594779118e-01 
85540	4.601911829443117e-01	3.680054065047015e-01	3.929874347156644e-01	4.065321260342304e-01	4.153887991853708e-01	4.134631326915516e-01 
85541	7.873698339652045e-01	6.616502495634429e-01	6.157999701938737e-01	6.861350727104316e-01	5.836359791126975e-01	5.585852106882497e-01 
85542	6.601459156247549e-01	5.490991557220445e-01	7.364376149191538e-01	5.372621084192184e-01	5.938368957219278e-01	7.139995126872024e-01 
85543	3.295742108883180e-01	4.052622818877507e-01	3.394122298697743e-01	6.432343043941878e-01	4.371961031965182e-01	2.996285779329279e-01 
85544	5.284330485740705e-01	2.199531213469614e-01	5.424060613202539e-01	3.112464521906514e-01	7.155186121484689e-01	4.835342300306383e-01 
85545	4.190882921809944e-01	6.011343881477852e-01	5.402170554026642e-01	6.415081587655909e-01	4.968752917662657e-01	3.726393369621442e-01 
85546	4.833126438419100e-01	3.850517823452757e-01	4.775326758064742e-01	2.815033569489939e-01	5.785077540355241e-01	2.844397468170195e-01 
85547	6.590866871511742e-01	4.433965261224548e-01	6.251352830751900e-01	4.562544233007378e-01	6.099949552414525e-01	5.725658863622141e-01 
85548	3.376626261019554e-01	4.275854396903290e-01	5.532332308836136e-01	5.463161996618080e-01	4.711252998463697e-01	4.625969817874862e-01 
85549	2.677169885471449e-01	5.956516509230213e-01	3.507520236104679e-01	5.497535338609774e-01	5.065324906987619e-01	5.457150865339565e-01 
85550	4.642122064396517e-01	6.115185911992755e-01	3.974293181362162e-01	5.168340853272262e-01	3.471176875437202e-01	6.602204877806164e-01 
85551	3.885138678570954e-01	3.124429608525615e-01	4.943172639391613e-01	3.329463952440994e-01	6.357146700778051e-01	4.282569864381888e-01 
85552	7.078443607532604e-01	6.984602326265567e-01	6.334777798445728e-01	6.993233847258986e-01	7.327260863560222e-01	6.495711174178490e-01 
85553	3.639090463098840e-01	4.920680886895947e-01	3.927729558696497e-01	6.482468524375016e-01	3.018011760068300e-01	5.691277400074146e-01 
85554	4.999274661228531e-01	6.283125090623108e-01	4.085588627967141e-01	7.178795085069596e-01	4.053717722857008e-01	4.380029133377936e-01 
85555	7.450783794754563e-01	7.305476353493547e-01	7.218172435798841e-01	7.588331335709120e-01	6.556199791374504e-01	6.510730311400903e-01 
85556	2.739645237647442e-01	5.097026683230590e-01	6.914579828870255e-01	5.509984579976626e-01	3.571170763101185e-01	4.634313231400892e-01 
85557	5.104401616978289e-01	5.407567349828837e-01	7.590705926240779e-01	4.095563753450412e-01	4.586905712945378e-01	5.734955743558388e-01 
85558	5.071174386084337e-01	5.038812286063619e-01	4.596584852283011e-01	5.821453909197799e-01	4.591175375949830e-01	5.711892047632807e-01 
85559	8.094231950489122e-01	2.606138224751137e-01	5.081268835137249e-01	5.429612472550290e-01	5.834313180886970e-01	4.791925673079049e-01 
85560	3.520987043811473e-01	3.054349451962723e-01	3.410444114706569e-01	4.183891499871952e-01	4.426487704682941e-01	4.244120868135476e-01 
85561	7.993946944890928e-01	3.041573994179751e-01	3.553631753166096e-01	4.606564847291955e-01	4.269740964261914e-01	3.612286368089163e-01 
85562	4.534695985864767e-01	7.460891495355886e-01	5.260959111084949e-01	5.895979698790923e-01	6.206460523011902e-01	5.955300214779019e-01 
85563	1.763324956753715e-01	2.448323921674578e-01	1.543453382056692e-01	1.681810531262225e-01	2.125039676228270e-01	2.052864275725665e-01 
85564	4.281445325309045e-01	4.856962740390885e-01	4.596722297445775e-01	4.703655149201910e-01	3.768241024418270e-01	4.906882042394531e-01 
85565	3.816587681476941e-01	2.801198774256132e-01	2.651286132376487e-01	4.688916459315917e-01	2.617618318249466e-01	3.105269650102398e-01 
85566	4.425024446777675e-01	4.486940855983692e-01	4.612463624952323e-01	5.101343020216367e-01	4.331202194565614e-01	4.354272283959650e-01 
85567	5.079813170717398e-01	4.513552271528574e-01	5.910598412340172e-01	5.105817114573861e-01	5.182532127200055e-01	3.898972948622804e-01 
85568	2.982466683385922e-01	4.291833404977558e-01	5.526105133614924e-01	2.529956386503898e-01	4.915835873193095e-01	5.096180643544386e-01 
85569	5.215351731188396e-01	7.895164171692097e-01	5.549312681072509e-01	6.094250462578384e-01	6.092047508579599e-01	6.010015637435362e-01 
85570	4.092126262263291e-01	4.056550403734141e-01	4.824299736844858e-01	3.905226773523588e-01	5.287173347538510e-01	2.079158638323096e-01 
85571	4.990484212699517e-01	5.378220025299028e-01	5.845597833365417e-01	5.466757853295753e-01	5.921648120237061e-01	5.781170151405968e-01 
85572	5.894283128906274e-01	3.340196513839676e-01	5.698386203969799e-01	7.132183534678589e-01	6.517146007356512e-01	4.540546788759197e-01 
85573	5.835795944989762e-01	4.967763569398662e-01	7.311124096774680e-01	3.820102451327582e-01	7.361310198372173e-01	6.799418803145448e-01 
85574	4.504403214832405e-01	5.883483512289015e-01	6.803343784153336e-01	4.829097240299845e-01	6.493897709124982e-01	6.999883564783491e-01 
85575	2.995988693856674e-01	4.519500465223247e-01	3.464305181580793e-01	4.646930767734173e-01	3.870132050799321e-01	4.471118341761957e-01 
85576	5.669779723385400e-01	4.298326604048292e-01	6.101955401316139e-01	3.741836377730278e-01	7.656734054784857e-01	2.326634037565372e-01 
85577	2.508771634477958e-01	4.039953427509724e-01	3.849818264311996e-01	3.352677962335285e-01	2.645033178575172e-01	6.420719989592331e-01 
85578	2.774575976440350e-01	3.161412968834531e-01	3.194655434675392e-01	1.480545180216280e-01	3.232929845909824e-01	2.048602393075928e-01 
85579	5.002676586146897e-01	3.401295217001026e-01	5.081255914368779e-01	4.948830904010532e-01	4.681953989114304e-01	3.747119572269100e-01 
85580	5.182356393103784e-01	5.774437948326978e-01	5.843555588563494e-01	5.764158903589156e-01	6.786232425162575e-01	7.539826928197695e-01 
85581	2.430410702061243e-01	2.648988692843744e-01	2.885644870136733e-01	2.436301117600616e-01	3.393758341128134e-01	2.699799475834662e-01 
85582	4.515029485382143e-01	4.616941687083375e-01	6.439141875670991e-01	4.873708011066940e-01	5.719423399959869e-01	8.631008666226376e-01 
85583	5.941700706434796e-01	6.275888485391438e-01	5.880663193949562e-01	6.361473237886124e-01	6.520588900441366e-01	5.786318940277171e-01 
85584	5.821615155553916e-01	6.230055083618755e-01	6.801796622730404e-01	6.634602385197210e-01	7.527971624724351e-01	4.844138582198462e-01 
85585	5.803136774001553e-01	6.662767103139153e-01	6.597398946779460e-01	7.156753725747942e-01	7.548545674167937e-01	5.941773014239050e-01 
85586	6.224437024017335e-01	5.207505777590397e-01	5.028806124583749e-01	5.467506328102949e-01	5.635703545503929e-01	5.263783459605216e-01 
85587	4.592378883755999e-01	5.538741363220454e-01	5.231797037905439e-01	3.800771531986616e-01	5.759411935387340e-01	5.558922671506223e-01 
85588	6.655311065963350e-01	5.071709771567334e-01	5.120017061738016e-01	5.015934189162499e-01	6.900542862324555e-01	5.339461294166497e-01 
85589	6.363726520103191e-01	2.648942432515855e-01	7.211925497926102e-01	4.355366043172014e-01	6.707837594825359e-01	4.217468731307682e-01 
85590	3.447753396831703e-01	3.652707646099406e-01	4.422506675985050e-01	1.802757109720693e-01	4.833635172751554e-01	4.071659371770991e-01 
85591	4.959456539763888e-01	5.585828312604773e-01	2.641853059390226e-01	6.128204047552132e-01	4.365180476927434e-01	6.828855552054098e-01 
85592	4.876365929414875e-01	4.113995224342444e-01	4.341860808160594e-01	5.780557095531331e-01	4.209709019967023e-01	3.989969049760171e-01 
85593	2.144643896889123e-01	3.005491417476679e-01	1.769454723700546e-01	3.432965097924805e-01	1.961467761017430e-01	2.482255246663820e-01 
85594	7.450837491273951e-01	5.104886904136228e-01	5.020260721197173e-01	5.158679238927488e-01	5.715982694706986e-01	4.121672803144237e-01 
85595	5.110627937028043e-01	6.444129318243217e-01	5.676360580317710e-01	5.243171020944353e-01	4.307428562998714e-01	7.399660097611860e-01 
85596	4.761541571774719e-01	5.218147358600357e-01	3.461718334419670e-01	5.713381578402955e-01	5.435221457517649e-01	3.175965614071205e-01 
85597	4.762109512506956e-01	4.456621946191945e-01	3.562551256009549e-01	3.957450530091540e-01	5.172269890084271e-01	5.381776329061061e-01 
85598	5.394083292998672e-01	2.690021491107292e-01	4.766175497028286e-01	4.530581121957740e-01	4.033608934648233e-01	4.582692065797274e-01 
85599	3.554195781868426e-01	7.070551312837984e-01	6.062678158721120e-01	5.556673693466789e-01	7.170913075365348e-01	5.809138916292272e-01 
85600	3.063138158955261e-01	3.524304739898027e-01	4.545958462246628e-01	3.248601233039957e-01	1.473678507505563e-01	3.417166073614101e-01 
