48801	6.016170311448382e-01	5.663997449518856e-01	4.266985670918145e-01	6.100840599606283e-01	7.044304514902557e-01	4.480087637182610e-01 
48802	2.215776191993521e-01	5.752036287483766e-01	4.522484909208023e-01	4.039350678389554e-01	4.655805482261793e-01	6.415462305274269e-01 
48803	3.454786922099410e-01	3.332708439049089e-01	2.791688843715092e-01	3.437160110517524e-01	1.957225190915601e-01	4.392773049139749e-01 
48804	5.252492402076766e-01	3.577677177698833e-01	5.673032606581623e-01	5.190060623160907e-01	4.778672967956198e-01	4.415340247496494e-01 
48805	7.229528762533017e-01	4.941055237449962e-01	7.657937567425901e-01	5.701551039399304e-01	5.865980936284940e-01	5.962756761272376e-01 
48806	4.267773594870442e-01	5.147933673766099e-01	2.457664832619477e-01	3.673204516116174e-01	4.306987978264534e-01	5.094225183737551e-01 
48807	8.378891451855588e-01	8.243370159756753e-01	8.375527015724024e-01	8.284591788719660e-01	8.467194764987103e-01	8.304304013874897e-01 
48808	2.839810509126853e-01	2.645676194803357e-01	2.902747887212257e-01	1.932306430409502e-01	2.613457627326182e-01	1.431042827966211e-01 
48809	4.926821638189144e-01	5.506784153887723e-01	3.881486452440699e-01	5.389857232023948e-01	5.600412127572241e-01	3.362753557556672e-01 
48810	4.159920480714935e-01	8.201262529348847e-01	5.979098066320102e-01	4.846739309260826e-01	7.176158009770379e-01	7.691267567031854e-01 
48811	3.489407188416332e-01	5.857458946294283e-01	4.773645966244516e-01	4.028914213506267e-01	6.921581706203837e-01	3.825954895299634e-01 
48812	2.120404978405384e-01	4.710912647207078e-01	3.818785967640255e-01	4.410476393216678e-01	2.567792853046554e-01	3.514322446396049e-01 
48813	3.025769756370482e-01	1.849556414891814e-01	2.259792831024819e-01	2.535845226387408e-01	1.422457942230420e-01	1.858611759065191e-01 
48814	5.356024731147131e-01	5.408478215552777e-01	7.731144736453913e-01	2.606110206778036e-01	5.130756329694266e-01	3.995131579066195e-01 
48815	6.555901340038746e-01	3.485787840986331e-01	5.959812663185253e-01	3.833302472772833e-01	5.774790466736933e-01	5.083904369151447e-01 
48816	6.779294845637868e-01	7.282244864335086e-01	6.484783094302082e-01	6.382059180779486e-01	7.654010800663072e-01	6.983139880711139e-01 
48817	3.664338101652697e-01	5.439667844449501e-01	3.217302461559536e-01	4.163773966754158e-01	2.926110994857804e-01	5.083737315523273e-01 
48818	5.086773040042658e-01	4.105163182081054e-01	6.613514673828652e-01	4.437796472345221e-01	5.897135715414974e-01	3.938496008212832e-01 
48819	3.043625471107301e-01	1.768751639363216e-01	4.337645419829873e-01	3.883361996626347e-01	2.451662083953792e-01	3.767996995648971e-01 
48820	5.392223270453369e-01	3.731995406198262e-01	4.123977152025943e-01	4.485225132583730e-01	7.123377702687492e-01	4.527184854692642e-01 
48821	7.221744160620611e-01	5.687838138030712e-01	6.803611525645470e-01	5.111371488268968e-01	7.878999252869605e-01	5.614715345545492e-01 
48822	3.572700018395543e-01	3.772262924703952e-01	5.701346297763312e-01	4.145093007520886e-01	3.580559206459690e-01	4.145930355300864e-01 
48823	3.729237980710758e-01	5.728030907149798e-01	5.085015980202103e-01	5.459372786526961e-01	5.079882130543123e-01	7.200181915912650e-01 
48824	7.602454279477082e-01	7.721957826734875e-01	6.720606027583969e-01	8.128360801944188e-01	6.839610057904569e-01	7.177711397751599e-01 
48825	5.360422938486683e-01	4.927111638985580e-01	4.191374637661743e-01	3.865259334150029e-01	5.621287693233885e-01	4.357013749264047e-01 
48826	6.900412482778100e-01	6.699770194558499e-01	6.729364119656626e-01	6.550997020367493e-01	6.631226952430741e-01	7.034837681285608e-01 
48827	3.865185632365272e-01	6.077621870652341e-01	3.936924123578220e-01	4.763178706159456e-01	3.012406581920323e-01	3.593790963629923e-01 
48828	2.878132909644749e-01	3.105571025026712e-01	2.595932631362503e-01	2.459317323731374e-01	2.361932307178470e-01	2.814467088118945e-01 
48829	4.480813007068315e-01	5.809581290864572e-01	5.291927345611108e-01	3.721590170458894e-01	5.833429128649514e-01	7.838912533796067e-01 
48830	7.392151993966257e-01	5.405225377304325e-01	6.237560913188028e-01	6.432247085728237e-01	6.892927586620881e-01	5.151040956998999e-01 
48831	3.358239576954772e-01	5.892573791073386e-01	4.331812370186240e-01	5.805933630700398e-01	4.963183043707174e-01	4.008420518108838e-01 
48832	7.372314912198895e-01	6.209905303594018e-01	6.929723515973676e-01	8.910447276451157e-01	6.469754975115461e-01	6.258421890117991e-01 
48833	5.707275915997060e-01	4.043711213853705e-01	3.441807586444554e-01	5.970497280967728e-01	4.558240151503595e-01	3.664732967691311e-01 
48834	2.183097218300456e-01	4.227230270444487e-01	4.933792162568482e-01	6.979123184771506e-01	3.488721449902790e-01	7.355910173733372e-01 
48835	4.812508039640983e-01	5.946705536052759e-01	6.642443465095940e-01	4.004982895424878e-01	7.219930581957409e-01	4.781858994306641e-01 
48836	6.315713534921426e-01	4.836534681437741e-01	6.751830021798303e-01	4.927241761072831e-01	4.268715222877780e-01	6.178939469893380e-01 
48837	6.707882316509604e-01	6.464650637026339e-01	7.759480398958696e-01	6.969543080903744e-01	7.526577088672470e-01	7.473404721866245e-01 
48838	7.078609687628548e-01	5.644377384907034e-01	5.440454180844405e-01	5.410582758495642e-01	6.428923484277729e-01	5.476126151945064e-01 
48839	2.067948113984964e-01	5.752348764645705e-01	4.573192487127962e-01	4.806424766128559e-01	2.803394752436502e-01	4.621500405318362e-01 
48840	5.897866969535700e-01	6.029150027337646e-01	6.112194851651720e-01	6.677142883212972e-01	5.731769905926571e-01	5.332524550207886e-01 
48841	5.859223611586067e-01	5.955142855245501e-01	7.584426343845927e-01	6.073482636212950e-01	6.380210605628172e-01	7.590229270752020e-01 
48842	7.500770602802037e-01	7.194585445047132e-01	5.561350674254834e-01	7.937598853998689e-01	7.030133738251514e-01	6.419346860656424e-01 
48843	5.569099287219719e-01	5.787978436061227e-01	6.355701547639221e-01	5.275926587937393e-01	6.808256903461145e-01	6.132833163154067e-01 
48844	6.669703839527104e-01	7.543162069932718e-01	6.672139368574928e-01	6.715830772242476e-01	9.102253202096624e-01	5.403369307308021e-01 
48845	5.837549489121793e-01	3.825673548293446e-01	4.299480328357982e-01	5.261123330353286e-01	5.485170016200074e-01	4.211033890355816e-01 
48846	4.994250085828243e-01	5.717014685801101e-01	5.374747094120622e-01	6.368139766867805e-01	5.390742948445193e-01	4.588537076170047e-01 
48847	6.508297871715580e-01	4.677079294913873e-01	3.624215810044275e-01	7.050141397441325e-01	5.581561509007215e-01	4.182616557315518e-01 
48848	5.384602740278932e-01	3.751808842056357e-01	4.173443788379597e-01	5.721208673938405e-01	3.757602442924959e-01	5.542933408418538e-01 
48849	8.261715225403404e-01	5.837855210223419e-01	7.099883203362705e-01	6.391770064247169e-01	6.476777388187414e-01	6.512792141503352e-01 
48850	2.865965850099097e-01	2.720745566352435e-01	2.795954295411368e-01	3.253154013775689e-01	3.039400446480818e-01	2.147984903490652e-01 
48851	6.368285592515766e-01	6.985057828878423e-01	6.207536349077292e-01	6.318791093492878e-01	4.383513390136886e-01	4.794734936656629e-01 
48852	5.328612945284675e-01	4.421727563648923e-01	5.945508710681220e-01	5.940996795822741e-01	6.195786612719842e-01	6.503088378615879e-01 
48853	3.037156099586316e-01	5.448502469863137e-01	3.127538963670710e-01	1.596974036261437e-01	4.256601888653516e-01	4.077956796201830e-01 
48854	4.398567292415965e-01	4.835565883823609e-01	3.430040333350745e-01	5.044971348139097e-01	3.653031920563299e-01	4.091700063266300e-01 
48855	6.890445944378183e-01	6.361913928234315e-01	7.019521015413379e-01	6.129736361948106e-01	7.055612962754493e-01	6.645539636209983e-01 
48856	8.542161741006477e-01	7.582141589310464e-01	8.115296066604687e-01	6.950931019839424e-01	8.037157125873713e-01	7.494661477422765e-01 
48857	3.183985108315421e-01	4.388967366266741e-01	2.848461924088756e-01	4.222083947677023e-01	2.613961131904500e-01	3.672772071026499e-01 
48858	4.176978523697584e-01	7.661148439475778e-01	3.401816704564182e-01	5.547412684607231e-01	5.552330823660218e-01	4.695901454952344e-01 
48859	6.127409582975296e-01	5.718796603014835e-01	3.824696576133070e-01	5.710837729360903e-01	4.760490085965107e-01	4.210183132921638e-01 
48860	6.013372137693118e-01	5.263434751062398e-01	7.272142788362277e-01	5.867786840711596e-01	6.244412598657785e-01	6.102045727994916e-01 
48861	4.235776397031218e-01	3.697520105801297e-01	3.248033380037053e-01	4.311765456364514e-01	1.262684048609090e-01	5.176296186187961e-01 
48862	3.652491866520007e-01	5.935494902630147e-01	3.225142149108411e-01	4.887980998447796e-01	4.765464973977245e-01	4.602063048052698e-01 
48863	3.494430832978728e-01	4.482327652018034e-01	4.061236967820990e-01	3.158727370062542e-01	4.006197030489762e-01	4.155296159159144e-01 
48864	5.045986905543740e-01	3.130707133626408e-01	3.448005396061557e-01	3.593748830478982e-01	5.348326281295457e-01	2.631556192133588e-01 
48865	4.739594843862311e-01	4.030509144854191e-01	3.197250792271050e-01	4.923738365678595e-01	4.333378845388173e-01	4.044904063874268e-01 
48866	6.613483994163282e-01	6.722158908857133e-01	7.367645407593100e-01	7.255718967810653e-01	7.045207641681931e-01	6.764842239098428e-01 
48867	2.939512337387066e-01	3.731768997153248e-01	2.590802528555769e-01	2.499958438242212e-01	4.345316257040808e-01	3.337343410985880e-01 
48868	5.168619349057846e-01	5.483735287392647e-01	7.213267553674918e-01	5.069257017163178e-01	4.887926427817541e-01	5.494378982318806e-01 
48869	5.005718778869885e-01	3.755992010111327e-01	4.022893727213293e-01	4.318363713825674e-01	3.653782708508925e-01	3.097584651668754e-01 
48870	5.973159378046324e-01	6.429488816847309e-01	5.634283726429192e-01	5.586341816160452e-01	5.046015645356952e-01	6.957342213111570e-01 
48871	7.293347415838811e-01	4.812204170315887e-01	5.592249298056495e-01	3.927533821163252e-01	6.056346978128700e-01	3.596713182895572e-01 
48872	6.067132521859473e-01	6.800284286485121e-01	6.073077456496064e-01	5.773255096188346e-01	7.194549703604387e-01	6.729612365292386e-01 
48873	4.837048878520588e-01	6.522029656418827e-01	4.354705199313575e-01	5.412233411959999e-01	6.369417640013879e-01	5.499975162056667e-01 
48874	5.815548982066439e-01	5.997045289229572e-01	5.600643911048098e-01	5.632194917613991e-01	5.224221838200480e-01	5.230507733860130e-01 
48875	4.444276274104434e-01	6.407964380416982e-01	6.253082314050016e-01	2.407961159657331e-01	5.344729079559469e-01	5.102306434170845e-01 
48876	6.477152975000218e-01	5.680700526740127e-01	5.088178943362444e-01	4.734564790990599e-01	3.362198541632342e-01	5.264268435229371e-01 
48877	5.481613253759250e-01	6.252492212079270e-01	5.664135989508392e-01	7.000450609585906e-01	5.749924600018259e-01	4.771555781884784e-01 
48878	4.961320488058524e-01	3.597808413572438e-01	2.489856008435902e-01	4.897562933268237e-01	3.968083110298434e-01	3.428767702756795e-01 
48879	4.050359368643219e-01	4.366316055782533e-01	2.717082186803171e-01	4.093220332500999e-01	7.070812397281292e-01	3.924096809871477e-01 
48880	3.071244998915048e-01	6.613929922180060e-01	4.282655704434460e-01	2.924966890257440e-01	3.624210310154357e-01	3.967988189490458e-01 
48881	3.890966119824962e-01	5.691844122585297e-01	5.350921610625630e-01	5.655157486617738e-01	5.273150874431050e-01	5.159641349388485e-01 
48882	6.220913587099183e-01	4.388871326574331e-01	5.790244427555050e-01	5.740499495830753e-01	5.390114096823577e-01	6.645393215462464e-01 
48883	3.918025357771109e-01	3.522660402626401e-01	5.526148257442853e-01	6.540267536485541e-01	3.885749465699289e-01	7.525471036934340e-01 
48884	4.643157570757928e-01	4.996906148507904e-01	5.673665185713881e-01	4.879630306484608e-01	3.513340252965638e-01	6.998010227825033e-01 
48885	2.371124840448403e-01	4.686686841692983e-01	4.836610575702626e-01	4.146863646017802e-01	2.676949323116267e-01	5.675241567678977e-01 
48886	6.483965229396111e-01	6.273022267374202e-01	6.860778564646353e-01	5.838940313099796e-01	6.550620207640309e-01	7.121848118375882e-01 
48887	5.286172150463664e-01	6.873554464872809e-01	5.306395112796030e-01	6.474917863330136e-01	5.102528538750625e-01	4.906616436663675e-01 
48888	5.488850940334238e-01	5.572158751673120e-01	7.627034970153331e-01	5.578618057776570e-01	4.485836558356807e-01	8.484369128927849e-01 
48889	4.442454276287066e-01	4.419453280823106e-01	4.337889623888245e-01	5.652530035921303e-01	3.313936719035874e-01	5.817556478207494e-01 
48890	7.261081807201573e-01	3.740221471878162e-01	1.457582725092487e-01	7.105964044578701e-01	2.796064078224912e-01	3.837631328117915e-01 
48891	4.051783042576445e-01	4.668760414691175e-01	2.898087870018709e-01	5.119444268799629e-01	3.586281740060818e-01	6.409378741518454e-01 
48892	5.173364529614759e-01	3.557989956397392e-01	6.256642169187071e-01	4.914961068070847e-01	5.987914899034029e-01	4.861872942142100e-01 
48893	5.098748139262592e-01	5.465527593659207e-01	5.430833654800096e-01	6.093399124411334e-01	5.422196747166143e-01	4.988394315916157e-01 
48894	6.029599613269928e-01	7.259775993644020e-01	5.050611208815425e-01	6.064506151624295e-01	5.188394612469851e-01	5.459826677236429e-01 
48895	3.132707268468886e-01	3.606501626043866e-01	3.750603427423347e-01	2.869738006649283e-01	6.618316600502610e-01	3.401610106808620e-01 
48896	6.542238509039099e-01	6.325285122941915e-01	6.838064226185373e-01	7.196731652146708e-01	6.236008729449242e-01	7.591130586240072e-01 
48897	6.849820978251434e-01	5.386573967391640e-01	7.122571408128491e-01	6.031156332314302e-01	7.923845837352180e-01	6.303845441689672e-01 
48898	2.788785763138676e-01	4.455271206304491e-01	4.642279820621014e-01	4.594367952491283e-01	2.585801394050071e-01	4.543874441067848e-01 
48899	4.307625116228027e-01	4.900678047045329e-01	2.575650634243115e-01	2.777098095764379e-01	3.761312216285251e-01	2.070746003835384e-01 
48900	5.729446031417468e-01	5.091825505161567e-01	6.318675477045413e-01	4.911923802344050e-01	3.921441012287178e-01	5.833810733735127e-01 
48901	3.769693403384544e-01	7.395383385887506e-01	4.272004498376383e-01	5.303834501523065e-01	4.967319704880884e-01	7.054927987210668e-01 
48902	3.783854676593538e-01	6.653416244422438e-01	4.198067469807644e-01	6.131019739376619e-01	4.475661747175607e-01	5.534827542314890e-01 
48903	4.328786107052784e-01	3.711983441381569e-01	3.681444345694164e-01	4.777964881112272e-01	3.805756691258563e-01	4.506015504319848e-01 
48904	6.440481379688570e-01	4.148149970234502e-01	5.022599130789918e-01	4.410077360337492e-01	3.925983224019129e-01	5.242852146297994e-01 
48905	5.500141910709146e-01	3.210052359718458e-01	5.926842616430552e-01	4.612644616207758e-01	5.957532409684153e-01	4.911547471233587e-01 
48906	5.092004046971903e-01	4.409598832388730e-01	5.371832688480087e-01	5.557666610199281e-01	3.340687669894967e-01	3.637693014590410e-01 
48907	6.718390856906885e-01	5.124879255334609e-01	4.437199632976332e-01	3.480228668245711e-01	7.125080374954547e-01	2.640630843887721e-01 
48908	7.020466410630577e-01	3.445121676125864e-01	7.709836680985425e-01	4.946702436566424e-01	6.104138550998737e-01	3.621138055447120e-01 
48909	8.212067916287034e-01	5.343438353007510e-01	4.597480363607737e-01	5.626463533988206e-01	5.401351848028636e-01	5.006866977374715e-01 
48910	3.757384076433897e-01	3.988980139073062e-01	7.658767204983931e-01	3.654040402156596e-01	5.899426801602070e-01	6.684471452176497e-01 
48911	6.054242933548903e-01	7.020207303770511e-01	6.391006842506877e-01	6.570219493964369e-01	5.868530277321904e-01	7.580346653382648e-01 
48912	3.872981211634884e-01	5.218378234123251e-01	3.426526519408105e-01	3.431637350883457e-01	3.321416465153131e-01	3.697775416654975e-01 
48913	4.021061228378313e-01	6.115562694039562e-01	5.708843925139531e-01	4.067631669352993e-01	4.517927599707329e-01	6.410873548155994e-01 
48914	2.513059622628764e-01	3.554364407517170e-01	3.782307214503735e-01	4.378850311045900e-01	2.725934383795926e-01	4.041272141589989e-01 
48915	3.646398938073182e-01	1.824430417503124e-01	3.679211588423922e-01	2.137556685295674e-01	3.215227792000587e-01	3.592721324443176e-01 
48916	3.435464377145027e-01	4.408328088180660e-01	2.538968798454038e-01	2.846141533781161e-01	3.973470488543993e-01	1.939923516679578e-01 
48917	7.267627368986948e-01	4.922985923780941e-01	7.350461741510262e-01	6.976097829566786e-01	5.754257543128839e-01	6.620644350697245e-01 
48918	7.368728220855976e-01	7.103872605576601e-01	6.911561110901309e-01	7.797495543266237e-01	7.652184295835976e-01	6.981515984935480e-01 
48919	5.299615941713747e-01	6.954753290329519e-01	5.920444957572570e-01	5.390310243758825e-01	7.313831811301754e-01	3.602938676128072e-01 
48920	5.111287638484849e-01	7.118742179350004e-01	5.812937784639751e-01	6.264668378800475e-01	4.508586702068171e-01	8.621236741464180e-01 
48921	5.735202884684858e-01	2.619605787908036e-01	3.597699252940922e-01	3.986952191591226e-01	2.477431715158248e-01	3.525533552807429e-01 
48922	6.818355156425071e-01	5.964893499009694e-01	6.136782645761916e-01	5.431366940269007e-01	5.722883275154664e-01	3.690758627594539e-01 
48923	4.846301293537526e-01	6.364038152195959e-01	3.510157782535250e-01	5.283318414454203e-01	4.471680264047072e-01	4.646824259610278e-01 
48924	6.807114931974469e-01	6.514424095496072e-01	6.846826013626737e-01	5.891506942601143e-01	6.263471796974701e-01	6.388448649567442e-01 
48925	5.173546043659061e-01	6.470388032742213e-01	3.940206749204127e-01	5.375605529653040e-01	4.398786027612534e-01	7.312383574050394e-01 
48926	3.791970993878973e-01	5.235837516718931e-01	1.711607468395829e-01	6.889425731364756e-01	4.197846134949613e-01	4.426363379905722e-01 
48927	4.241816060254832e-01	3.155242725511930e-01	3.543649938224825e-01	4.455521366484914e-01	5.122871862034337e-01	4.352869847887230e-01 
48928	7.227855590154471e-01	4.968663434732318e-01	7.115380918278119e-01	6.849264821283187e-01	6.157622711812039e-01	7.189690415306316e-01 
48929	6.774333016871199e-01	3.752940139596602e-01	4.984350604150163e-01	6.614368574014134e-01	4.999458814983295e-01	4.891564484497136e-01 
48930	3.264914903003338e-01	1.530473144463412e-01	2.707826074807257e-01	2.895732684456313e-01	2.220738828776583e-01	2.680308241466262e-01 
48931	3.575108966520446e-01	4.277645768903836e-01	3.079103783653380e-01	4.179044843581959e-01	3.979555516456892e-01	4.369707325352846e-01 
48932	3.772728068291831e-01	4.228867796210179e-01	3.869473839039508e-01	4.794398161302162e-01	1.488122055872222e-01	5.443478616123117e-01 
48933	4.165025735288199e-01	3.366704591701871e-01	5.456905101571016e-01	4.341109271711289e-01	4.138828388191611e-01	4.982244392429267e-01 
48934	4.790160804539595e-01	4.618097377349901e-01	4.177064704494360e-01	3.774647349306606e-01	6.113551518910904e-01	3.452559717906350e-01 
48935	2.161172706808924e-01	1.861689742380270e-01	1.448370871030039e-01	1.302051682003735e-01	1.982966807306654e-01	1.203641659219107e-01 
48936	5.628777579034054e-01	3.258034794445909e-01	7.616637871131077e-01	3.648686183749744e-01	5.334739164022929e-01	4.973378985750448e-01 
48937	7.174820369463766e-01	6.180556633343538e-01	5.250462493317648e-01	6.275674380897058e-01	5.393348944095591e-01	5.032950859290839e-01 
48938	7.490070232896980e-01	5.352883276303801e-01	7.455494228801429e-01	6.130507719717246e-01	5.511747989128553e-01	6.251826947773430e-01 
48939	6.093660487299916e-01	6.888989750213405e-01	7.217169363243456e-01	6.349999913858607e-01	7.689992098459102e-01	7.208361449544415e-01 
48940	4.030030910417903e-01	3.963858503725791e-01	4.346890752454938e-01	3.578365778603204e-01	4.632246847686643e-01	3.244882988484213e-01 
48941	6.042104288725958e-01	7.133572699612356e-01	6.312497555497754e-01	5.041318797706373e-01	6.167071069195575e-01	6.886714424819044e-01 
48942	6.365966243096803e-01	5.182612247790614e-01	4.393267141693934e-01	7.269144052107664e-01	3.778049457818534e-01	5.811397749480576e-01 
48943	7.338921773738585e-01	4.710080969108037e-01	6.024555452538682e-01	6.392126432116965e-01	6.182185538281583e-01	5.043333963790599e-01 
48944	6.203694647516060e-01	5.051607881622588e-01	2.939026177380288e-01	4.225414418115526e-01	3.280268218696679e-01	5.408077601292147e-01 
48945	4.385385123436085e-01	3.866407919951766e-01	4.997710664684575e-01	4.311641304527664e-01	4.192734909478595e-01	5.794845877368582e-01 
48946	3.023750252701248e-01	3.546545147038950e-01	3.899799959826535e-01	1.933511595020277e-01	5.080931536866771e-01	4.192190444307938e-01 
48947	5.941284061494669e-01	4.077603606585227e-01	6.762837293129785e-01	4.001078714650629e-01	3.944171461389926e-01	6.306900451558847e-01 
48948	3.081625979704605e-01	4.699075043705527e-01	3.633064766021963e-01	4.258317427160483e-01	3.104061338667674e-01	4.564260304176608e-01 
48949	6.278076535459552e-01	2.803666979224609e-01	5.067989919448621e-01	4.159050485647986e-01	5.406946950444592e-01	3.650489250751418e-01 
48950	5.485080009239601e-01	6.817907077697363e-01	5.802642218785414e-01	6.405719632382991e-01	7.572362950191317e-01	5.314785097790022e-01 
48951	4.742725802324075e-01	6.013362959024480e-01	5.814668885038307e-01	6.483458977351620e-01	4.874141669068471e-01	5.713301172644611e-01 
48952	7.845432374306955e-01	6.336230607913644e-01	7.889875013407930e-01	6.708593838982919e-01	6.919634356583343e-01	7.022932334667373e-01 
48953	4.444854862604669e-01	4.025191158340377e-01	4.004057660781404e-01	5.355761823801466e-01	1.881450639994907e-01	4.850970321099105e-01 
48954	3.123960211893201e-01	6.266325705208093e-01	5.339558998150484e-01	6.253657166563177e-01	4.950708626204712e-01	5.683624591845591e-01 
48955	5.517557916803713e-01	6.227872807623720e-01	6.078504757330973e-01	4.875188662701787e-01	7.450055170034274e-01	5.220806108262981e-01 
48956	5.073094135228503e-01	3.910927785928010e-01	3.520302476077152e-01	5.270639482771245e-01	5.058269360164995e-01	3.557929202055665e-01 
48957	2.441807854142348e-01	3.528402416947885e-01	2.002292380283897e-01	1.875214444323813e-01	4.397871991289957e-01	1.423229815082184e-01 
48958	6.487886280548221e-01	6.358513363735645e-01	7.825097085540239e-01	4.499095077268538e-01	5.773128334393713e-01	6.209707946993055e-01 
48959	4.041731071171564e-01	4.860014203183385e-01	3.471567983463271e-01	3.722844549347344e-01	5.011492993147073e-01	1.698783585541385e-01 
48960	7.351788670562692e-01	6.942259845574075e-01	7.382366877162130e-01	6.550592704417173e-01	6.366366859994952e-01	5.914382045013192e-01 
48961	4.809015377160705e-01	2.744262139974954e-01	4.312324647632557e-01	4.565782466248615e-01	4.630462217768835e-01	4.538863935113494e-01 
48962	2.170808308410231e-01	8.729181891276133e-01	4.091002192374536e-01	6.386872343307571e-01	3.444868763156980e-01	8.335165226092865e-01 
48963	4.337569142288265e-01	5.119238202552066e-01	5.102627599196082e-01	5.754953206580178e-01	5.449967309694277e-01	6.628511794896685e-01 
48964	3.895320354733500e-01	7.235837079106108e-01	5.111651439471634e-01	4.554739667295975e-01	6.786582723837916e-01	6.321744280506105e-01 
48965	5.917775665132659e-01	3.812372530296892e-01	5.644111538322372e-01	4.027457416924218e-01	4.865871539133736e-01	3.730147248246377e-01 
48966	3.444064723409718e-01	6.661088784449687e-01	4.550191416048600e-01	4.476804806515950e-01	5.164023953768966e-01	6.432156225180303e-01 
48967	4.177952501154777e-01	2.561560331253884e-01	2.975136449428692e-01	2.753931949647110e-01	3.431531096512303e-01	2.315877272039523e-01 
48968	2.644456049335966e-01	4.641845455159920e-01	3.352092970387962e-01	3.478209656202779e-01	4.018855703500413e-01	4.035873114333901e-01 
48969	4.381126076905958e-01	5.134768291068692e-01	3.562018132875723e-01	4.680564615924980e-01	3.573834440446290e-01	6.201967859808073e-01 
48970	5.252261637517869e-01	6.511383338334362e-01	5.180998518608917e-01	5.737234760136267e-01	5.047294260814655e-01	5.824627528961446e-01 
48971	5.488424346246170e-01	7.151262665685840e-01	5.664320854552478e-01	5.712274503092631e-01	7.167294760700611e-01	7.054312631869548e-01 
48972	4.801752448918577e-01	4.323249284407271e-01	6.528085291907182e-01	4.038614004165041e-01	6.507206428496004e-01	5.044395066774697e-01 
48973	5.424071205757626e-01	5.514237084886948e-01	5.055616347148516e-01	5.377133311492510e-01	6.279028665149986e-01	5.602881374288753e-01 
48974	7.813467293226833e-01	3.918238100435018e-01	5.044629152612519e-01	3.976528940477205e-01	6.935078129148347e-01	2.186318045924645e-01 
48975	5.957054759349505e-01	5.780122005833014e-01	5.245121235392601e-01	5.021414022688087e-01	5.078664376645230e-01	6.005553954887879e-01 
48976	6.097543061415631e-01	5.797088596725334e-01	6.687657048593909e-01	4.091406606505331e-01	7.064526017784908e-01	4.064541777978435e-01 
48977	5.685650603075215e-01	6.372242107349833e-01	6.664901507266227e-01	4.742888851759818e-01	6.973570941618206e-01	6.581757865348491e-01 
48978	2.754988061459179e-01	2.235770507161082e-01	2.517121882476216e-01	2.048387569168194e-01	2.946270081937167e-01	3.696154650870380e-01 
48979	3.081257292770765e-01	2.090004510176372e-01	2.732597661287369e-01	2.613071122829504e-01	2.151180581280373e-01	2.226337166423308e-01 
48980	3.811921520914535e-01	3.696997664185417e-01	2.895535058847036e-01	3.735490115370281e-01	3.800562336212847e-01	3.273024454586245e-01 
48981	5.229942880449043e-01	7.309377897853324e-01	7.344463693638049e-01	6.282797933973574e-01	7.393214061375408e-01	7.136296963777364e-01 
48982	4.926469233851415e-01	6.440803599795092e-01	5.375763958473959e-01	5.363107034757780e-01	5.280980227608190e-01	5.651236302350313e-01 
48983	4.702016520631138e-01	3.894806801453179e-01	3.512464225455108e-01	3.541717003248128e-01	4.980152579713645e-01	3.242440445722859e-01 
48984	4.271944129687233e-01	3.521004177547286e-01	5.455784634036736e-01	1.942889109727829e-01	6.164317420829831e-01	2.706269314806843e-01 
48985	6.438115719527859e-01	4.656035246267629e-01	6.350704627955126e-01	4.962962796714740e-01	6.824926222460831e-01	3.211507243116000e-01 
48986	7.208283081219748e-01	7.834729702256864e-01	7.833412068441452e-01	8.023163580082399e-01	7.314317066646159e-01	7.594902879208283e-01 
48987	4.010343544336669e-01	2.142062560991252e-01	5.719683830860318e-01	3.277663157184643e-01	2.589371273180543e-01	6.408588270254375e-01 
48988	2.099169741016615e-01	2.613608784631471e-01	1.612287403776442e-01	2.277002849739686e-01	1.693796431143852e-01	3.358373480153078e-01 
48989	6.345737950612279e-01	5.421333971220544e-01	6.176948338777205e-01	5.089379920407151e-01	3.981326800169297e-01	6.152482035516227e-01 
48990	8.406197149701586e-01	4.040686598826653e-01	5.530250588665248e-01	7.136594635126113e-01	5.217286826193279e-01	5.186827830496137e-01 
48991	2.852056316187919e-01	4.176013203214535e-01	5.895587490196013e-01	5.409087396147073e-01	4.642077677122015e-01	5.935633485318661e-01 
48992	5.986673839252741e-01	5.633613671110378e-01	7.075029576042948e-01	6.296875207784300e-01	5.795871625948373e-01	7.364946499502416e-01 
48993	6.559677733734413e-01	4.571693951244324e-01	6.370211512164319e-01	3.472303073795515e-01	4.085133475172349e-01	6.496164222188703e-01 
48994	4.624626418210865e-01	5.810454155999517e-01	2.347848509520975e-01	4.562851951068784e-01	3.963254423987647e-01	1.247777426688870e-01 
48995	4.710804013865393e-01	5.946814021866591e-01	4.305330790833465e-01	7.359546074967436e-01	4.552963002596775e-01	4.585952712144055e-01 
48996	4.927576280677489e-01	1.759587658887847e-01	4.605659174196171e-01	5.722960341178085e-01	3.720818792467830e-01	3.976658500417030e-01 
48997	1.198093964869162e-01	2.335095444933679e-01	2.654912398415252e-01	4.980472934579265e-02	2.205308970137010e-01	2.597549853563736e-01 
48998	6.166391810399142e-01	8.063737641008545e-01	6.162894483528587e-01	6.909009852954756e-01	7.271000109799332e-01	8.122631584133906e-01 
48999	5.786935400089989e-01	6.462142982765638e-01	4.166589062375490e-01	5.638818615413939e-01	6.040557757723339e-01	5.225138079156435e-01 
49000	5.556139410060086e-01	5.417811711328810e-01	4.126494515093193e-01	3.817855675789850e-01	5.784930626731155e-01	2.071629322606315e-01 
