71801	5.163857315980072e-01	5.665071194594711e-01	3.990624018490510e-01	4.292750671175708e-01	6.058357228394351e-01	3.453319812551559e-01 
71802	8.227688820450005e-01	6.067894190405366e-01	6.270167178265422e-01	7.905079938580670e-01	5.243280990819320e-01	6.532828009858995e-01 
71803	6.895491150254835e-01	5.515772503387915e-01	6.556794554483119e-01	6.578997122384078e-01	7.205109759560706e-01	6.951187803493895e-01 
71804	6.119215941910929e-01	6.197783296236223e-01	7.993221568968250e-01	6.084595241468668e-01	7.679495587282279e-01	6.945593155054748e-01 
71805	6.383796452770170e-01	7.144522833059350e-01	6.797009738957760e-01	6.980420151441713e-01	5.782863267737797e-01	7.057047128545897e-01 
71806	4.532807126642376e-01	4.588019140597606e-01	5.078423114720056e-01	4.405571102393421e-01	3.930222488713273e-01	5.004121370567498e-01 
71807	5.260212089461598e-01	7.254997010166897e-01	5.104507202449513e-01	3.907331274422133e-01	6.418512206360938e-01	6.620924652864173e-01 
71808	5.624804248276649e-01	6.644276979656385e-01	6.606730949131456e-01	5.363248913863643e-01	5.712502132089579e-01	5.342221032746636e-01 
71809	2.930062208763345e-01	3.380889552727929e-01	4.071467892988919e-01	3.661897682680318e-01	2.381243565421252e-01	5.293256227949801e-01 
71810	5.407973540475515e-01	5.580511055927956e-01	5.956272089630125e-01	3.321438397452381e-01	5.810997315315867e-01	6.595636522628365e-01 
71811	7.561126489344976e-01	6.814478741824788e-01	8.308257300592437e-01	6.096180652342041e-01	7.294436680886724e-01	7.843606166422705e-01 
71812	6.435809602592037e-01	4.873982481505441e-01	6.165816311521984e-01	5.880206260697401e-01	4.838704221457202e-01	5.602802024479119e-01 
71813	5.481967011178216e-01	5.915441236664469e-01	6.319280982287308e-01	4.593511975879137e-01	4.511751914522149e-01	4.354745274136403e-01 
71814	7.539334560234653e-01	7.577024623213134e-01	7.659901992955058e-01	5.979506335385597e-01	7.391060420991560e-01	7.424474573161745e-01 
71815	6.336049665825804e-01	5.809900461670501e-01	6.868795352235013e-01	5.925546887857254e-01	6.642992147954989e-01	6.994571569988720e-01 
71816	6.714872683489927e-01	7.838693650756413e-01	5.721936389161545e-01	7.972319753837911e-01	6.114379912149870e-01	6.118931146332718e-01 
71817	6.332167665362303e-01	7.576646328500355e-01	6.466278324320236e-01	7.777808756453928e-01	7.907840319077301e-01	6.824894805963997e-01 
71818	4.073132802571734e-01	2.805205536654662e-01	3.579567952334623e-01	2.390037978469992e-01	2.914769732040916e-01	3.927653148835649e-01 
71819	7.082413688206064e-01	7.347667399919229e-01	5.887995438137605e-01	9.110073610581138e-01	5.643773012403270e-01	7.667115040038617e-01 
71820	6.517086353954122e-01	6.854464411853001e-01	6.869482824961096e-01	5.861464602665688e-01	7.081182214841657e-01	6.018859786900133e-01 
71821	5.182609214302053e-01	6.657306604179628e-01	5.187543714342749e-01	4.279138932052078e-01	4.280677335699716e-01	5.281808624167710e-01 
71822	3.865519341050308e-01	4.042154313121791e-01	2.235340708409245e-01	5.762996637215851e-01	2.973664283810696e-01	5.404483323537952e-01 
71823	7.694628529449896e-01	7.045831751921093e-01	7.975529321685131e-01	5.156957600595815e-01	8.101287658616384e-01	6.007942257425480e-01 
71824	7.254758432572000e-01	7.039607656755902e-01	7.387549317083412e-01	6.390314129149370e-01	7.673457107066373e-01	5.979421655717997e-01 
71825	1.714606240358379e-01	2.713799279725891e-01	2.290993302322931e-01	2.262090619930936e-01	2.779159626534654e-01	2.768284626890993e-01 
71826	3.633565520847423e-01	4.083846551817709e-01	4.811553608715028e-01	3.020123386674449e-01	3.326601254775289e-01	5.476845894643798e-01 
71827	4.013796297826174e-01	2.954764654902338e-01	3.347944412816900e-01	4.614872262383329e-01	4.346290155344549e-01	4.181219701330688e-01 
71828	5.080682247121671e-01	6.106393129492604e-01	7.341603246662968e-01	5.209702430055088e-01	6.164177335861298e-01	4.479238554007960e-01 
71829	2.398768433218859e-01	3.577077568787664e-01	4.313034283709333e-01	3.807199259368640e-01	3.807819359971559e-01	5.369881689185649e-01 
71830	5.194689932938432e-01	4.052221319907946e-01	4.280617975192634e-01	5.360751044329937e-01	4.415215276338295e-01	3.832959088053028e-01 
71831	5.011223120906552e-01	5.462387976639288e-01	5.246478360785771e-01	6.836647679246648e-01	4.533571322647207e-01	3.545358499058250e-01 
71832	2.619810520868808e-01	7.234273039842802e-01	3.311319086971218e-01	6.031065285379880e-01	4.827402211323268e-01	5.971110655577248e-01 
71833	4.866245676436843e-01	2.008912216270371e-01	2.261389025271344e-01	2.241346229854117e-01	3.697958504639376e-01	1.445517969859700e-01 
71834	4.506680945434124e-01	5.279140968166662e-01	5.060902280820332e-01	5.108215834771155e-01	5.818123482200759e-01	5.756217009363362e-01 
71835	4.910028140444412e-01	6.238414558688266e-01	5.036684016741038e-01	5.071176969162232e-01	3.509883115730991e-01	4.474384277723798e-01 
71836	6.294838915839895e-01	6.884446237744811e-01	6.778685756147780e-01	5.584265871347107e-01	8.312719754996223e-01	5.845339216630325e-01 
71837	1.823194504601172e-01	4.611667689783915e-01	4.495425218047816e-01	4.039501716279642e-01	4.426545663334799e-01	5.919980815733392e-01 
71838	4.006615278395164e-01	4.083443536018087e-01	2.730317420731842e-01	4.897166661581440e-01	3.304976003488828e-01	3.366034515390697e-01 
71839	6.392664877638341e-01	7.329294295034228e-01	7.279827251470095e-01	6.490571560647922e-01	6.831677480817464e-01	6.423690991933628e-01 
71840	2.976634804492438e-01	4.244129987004527e-01	2.440582697151357e-01	5.506569514524380e-01	4.752501376582631e-01	2.725106450171346e-01 
71841	4.831556248884810e-01	4.943998193784772e-01	5.189955147158859e-01	6.523686832706732e-01	6.285341691780305e-01	5.632724031881438e-01 
71842	5.097669832486964e-01	2.582445422868167e-01	4.607303619286238e-01	4.461913331092245e-01	4.461129206063931e-01	3.481710206867173e-01 
71843	6.024315778134642e-01	5.192898721707566e-01	6.410346868221295e-01	6.378891721604223e-01	4.342676731071531e-01	7.029093918535624e-01 
71844	6.492945790769209e-01	5.447182715114431e-01	6.987347541860743e-01	4.140466963309428e-01	4.478652006594997e-01	6.095290829037687e-01 
71845	6.804738148098488e-01	3.754215515201363e-01	4.841415450775896e-01	5.613128013934041e-01	3.946802937728906e-01	3.655560821419905e-01 
71846	4.789003176986901e-01	3.427593889126416e-01	4.784823574641003e-01	4.546721966818710e-01	3.708500479121999e-01	4.856048434070719e-01 
71847	5.162923536180675e-01	4.428230428483711e-01	3.550166989554556e-01	5.823212437663300e-01	6.646303049736577e-01	2.519887838583351e-01 
71848	5.135805663392623e-01	5.899636840413836e-01	4.881362826873812e-01	5.677789540292060e-01	4.653476497829173e-01	4.845442695103261e-01 
71849	3.986046632134518e-01	4.820745790388852e-01	4.721906861090607e-01	5.184634094764375e-01	4.539973967455020e-01	3.290723417628827e-01 
71850	7.004794371956782e-01	5.193167369389504e-01	5.805738154060464e-01	3.490077873194318e-01	5.115611289326938e-01	4.994371950828116e-01 
71851	3.133322495465569e-01	4.972294347094279e-01	2.734128131314733e-01	4.326315166205671e-01	5.383312707128196e-01	4.003076720292262e-01 
71852	3.579434894022194e-01	3.784862871291894e-01	1.734428831014403e-01	3.557020487533048e-01	2.775612704940849e-01	3.195777165596037e-01 
71853	5.353558420028148e-01	5.429958958287181e-01	6.685290673204755e-01	6.342811895006503e-01	4.707321321488047e-01	7.078792235936935e-01 
71854	5.495400118911550e-01	7.095476393552257e-01	5.452715339686103e-01	5.325554141174993e-01	5.513163249109919e-01	5.933081824429027e-01 
71855	3.306709697354988e-01	4.143631365760580e-01	5.934024723029853e-01	5.581165061128582e-01	4.728750844563684e-01	6.371086107445023e-01 
71856	3.483287863004323e-01	3.443948375875523e-01	3.169990742124499e-01	3.902718547684463e-01	3.276158894672244e-01	3.958366597502559e-01 
71857	6.038538839690351e-01	3.140581170368821e-01	4.299587866495574e-01	4.380212189946577e-01	2.962764094074241e-01	3.291856285863050e-01 
71858	6.655798131853542e-01	6.531766072530955e-01	6.977407453770420e-01	7.180530672877887e-01	4.325163762168458e-01	7.486396125862050e-01 
71859	3.341183121142230e-01	1.425911437267753e-01	5.204113378652205e-01	3.033719702888316e-01	1.752034778593014e-01	4.119141246612819e-01 
71860	4.535449135519061e-01	3.362208499309316e-01	4.351343511895705e-01	5.274760526404758e-01	3.514047797625850e-01	4.297315355925773e-01 
71861	5.810580860961416e-01	5.847845018582835e-01	5.577890736325524e-01	5.335040292284144e-01	4.722666103240881e-01	4.090285513679616e-01 
71862	4.535401601961020e-01	5.841144961602676e-01	5.408985288606878e-01	6.827640019742151e-01	4.567734148899181e-01	5.377005685604923e-01 
71863	7.591733454319607e-01	7.575800703629780e-01	7.829734186785676e-01	8.132479144511521e-01	8.081595461728518e-01	8.332088740637681e-01 
71864	5.575996488281825e-01	2.532494979614546e-01	4.906195830076713e-01	5.297717638299804e-01	3.594038902048883e-01	5.147208682460386e-01 
71865	5.626719875174746e-01	4.905379595436794e-01	3.754811945583451e-01	3.705024425668793e-01	4.089998398275661e-01	4.202971057674914e-01 
71866	3.953218696036798e-01	7.484505547282169e-01	3.967607496508651e-01	4.839696132148316e-01	4.208550758923125e-01	6.798306045268634e-01 
71867	5.726633833608037e-01	4.118412436776221e-01	5.038372755997691e-01	4.988209163617170e-01	4.954736729921942e-01	2.730593524289151e-01 
71868	5.511896581327221e-01	3.403988301666361e-01	3.992165290802931e-01	4.144021263285665e-01	4.720326844241552e-01	3.041328153539310e-01 
71869	3.228733759219282e-01	4.896244289751059e-01	4.661468590114461e-01	4.437874888258704e-01	3.020978512316791e-01	4.752959586202171e-01 
71870	4.209007688246946e-01	8.002590452632126e-01	2.739922736072836e-01	4.302899227591995e-01	5.849360456520672e-01	5.312145600351266e-01 
71871	6.159414707970159e-01	5.158398372104328e-01	4.510870945650762e-01	4.798717671354956e-01	4.590473891358302e-01	2.727459163626312e-01 
71872	4.880308242330712e-01	4.020919633249915e-01	3.487658739178239e-01	3.986709007555270e-01	4.344583612239526e-01	3.723467706986935e-01 
71873	4.079509580023075e-01	4.583807610922388e-01	5.269129163265109e-01	3.858702671466603e-01	2.864435839842346e-01	5.396217399962411e-01 
71874	4.221577031701690e-01	3.170645613913952e-01	3.028318806290320e-01	3.302980483341909e-01	3.038295869622996e-01	2.625310482770061e-01 
71875	5.081648047342315e-01	6.020078624720289e-01	3.242150728645705e-01	4.956246878384759e-01	3.981575968802407e-01	4.780264584379684e-01 
71876	2.374724214927495e-01	2.795568545553172e-01	3.443533922489588e-01	2.063117484468498e-01	3.901281279668604e-01	2.601297941365738e-01 
71877	4.267585032841762e-01	5.631819681222834e-01	3.977233921266951e-01	4.730515139544635e-01	6.137955044209036e-01	6.845147122919629e-01 
71878	4.627667074150260e-01	3.086003848186624e-01	5.740161457950321e-01	4.116615794371640e-01	3.805644604194814e-01	5.117276914312625e-01 
71879	4.261031454266068e-01	2.965189342029133e-01	3.708830941260373e-01	4.488722417764585e-01	3.551101671105967e-01	2.216518722060510e-01 
71880	4.493388678761657e-01	5.039989036755921e-01	4.179251229088872e-01	4.438510985967775e-01	4.204587507567328e-01	4.893026801149750e-01 
71881	2.832067848302225e-01	2.591160701367824e-01	1.992171978269712e-01	2.677691804972011e-01	3.278874306659319e-01	2.095211858575581e-01 
71882	5.231503420542507e-01	5.166695587961896e-01	4.235009624638932e-01	5.242457001580906e-01	5.185060197195788e-01	2.610179491625839e-01 
71883	4.097256493797894e-01	4.488176912158837e-01	4.782684895891809e-01	6.630537838123569e-01	3.215672559525535e-01	6.302838329248530e-01 
71884	4.875052518243248e-01	5.066552123928061e-01	5.958691515732867e-01	5.254123863918193e-01	5.719381737888387e-01	4.596089330919745e-01 
71885	4.640481296110461e-01	4.433659290438037e-01	4.685213459953143e-01	4.685211680074028e-01	5.955485217747830e-01	4.920512962163841e-01 
71886	7.683360451360504e-01	6.083332925251344e-01	3.129973267818772e-01	8.480606919703380e-01	5.946342018486072e-01	5.672141964119470e-01 
71887	6.851898327901288e-01	5.573085409902270e-01	6.839732820246585e-01	5.318994174247471e-01	5.374437536760197e-01	6.365992554539335e-01 
71888	5.038379473919445e-01	6.219014617730066e-01	5.218296329028713e-01	5.871583330657324e-01	3.243014995252563e-01	6.286734682964459e-01 
71889	3.604550221931784e-01	5.585323089611791e-01	4.663569722887833e-01	6.414837829304011e-01	5.367521482241044e-01	5.240523079192193e-01 
71890	5.926907048492569e-01	5.677913506972048e-01	7.730080820380365e-01	4.742973075516824e-01	6.689270350858794e-01	6.511152535146733e-01 
71891	4.301222587717429e-01	7.224818700153548e-01	4.642306027501965e-01	4.407738510264800e-01	6.589296441163268e-01	5.701073740256075e-01 
71892	5.062308178481565e-01	8.119143668403768e-01	6.067567371093384e-01	4.558994755018250e-01	5.986968736988323e-01	5.273551835181369e-01 
71893	3.703802124486906e-01	3.838227807670031e-01	3.874207371729940e-01	4.607322741563958e-01	5.506424404547766e-01	2.319028729471722e-01 
71894	7.841270733139324e-01	8.222064096352442e-01	8.520512843529684e-01	8.112544898912106e-01	8.512155193759591e-01	8.108825313236753e-01 
71895	2.944531625704589e-01	5.048453888759611e-01	3.876805696420337e-01	3.283761314662314e-01	3.851211671028193e-01	5.131891941603224e-01 
71896	6.259990705588545e-01	5.242072829738201e-01	5.339610046950976e-01	5.812320180763431e-01	6.485186453887141e-01	4.976314041827291e-01 
71897	4.236061118253721e-01	5.321315587524231e-01	3.602220515453870e-01	6.667645270767635e-01	3.729461758283515e-01	5.065170671030457e-01 
71898	2.217747144420761e-01	2.468385978905535e-01	3.556964751134675e-01	2.838724233396990e-01	2.820664437691366e-01	3.288725886533046e-01 
71899	6.332734866269405e-01	5.355744189336408e-01	6.655141898926676e-01	5.160055935823551e-01	4.931038153288611e-01	7.257183535921110e-01 
71900	4.949100952695972e-01	2.753506808411115e-01	5.066774678455565e-01	4.588112079623700e-01	3.755756258683928e-01	5.345180744705127e-01 
71901	3.703276178842631e-01	4.757073943254242e-01	5.006323000978812e-01	3.798336314216655e-01	5.676219795453046e-01	4.342156427420246e-01 
71902	3.493279582434909e-01	2.970320688406958e-01	4.029303002864842e-01	3.614381773953513e-01	4.361028486786793e-01	3.392196889267520e-01 
71903	6.972271964473040e-01	5.072166633437383e-01	6.628975483946206e-01	8.590099739421211e-01	4.678022486396076e-01	7.234838081732551e-01 
71904	3.896469043662985e-01	5.463926436087340e-01	5.563808799093457e-01	3.668073955745454e-01	4.456001131861397e-01	5.262022197396391e-01 
71905	5.581066209351575e-01	6.171159576806753e-01	7.866530773683260e-01	6.045587964078099e-01	6.867332841335585e-01	7.059045157252481e-01 
71906	4.739153491340484e-01	5.579812496517720e-01	5.865049877795941e-01	5.859373057735876e-01	3.350706553448096e-01	5.477391429529932e-01 
71907	3.972753228150785e-01	6.026369789455517e-01	4.339067128609773e-01	2.534663832900620e-01	5.580591286825429e-01	2.121375899157068e-01 
71908	4.168615881287202e-01	4.170878620272563e-01	2.610681663731377e-01	3.496591727338061e-01	3.160103674131480e-01	4.409661297668622e-01 
71909	4.320094947522969e-01	4.494728171754547e-01	4.481900385384874e-01	4.124526740018995e-01	4.768678970018237e-01	5.101404589808733e-01 
71910	5.271357731924712e-01	2.760484466622902e-01	7.017482810081456e-01	4.932615884396249e-01	3.984025722629792e-01	6.683143943089923e-01 
71911	1.724130729105674e-01	2.104492916242635e-01	1.817559043188219e-01	3.509433440551542e-01	1.711383772655144e-01	1.726088924697567e-01 
71912	5.410923990207877e-01	3.689813367374585e-01	3.607969252057328e-01	5.424779441926694e-01	4.588312842098269e-01	5.167234717216103e-01 
71913	7.726775276240032e-01	5.854283570913876e-01	6.775785892761718e-01	6.153984859971811e-01	5.231696962060082e-01	7.407143847626501e-01 
71914	8.535146544471955e-01	3.836486860992487e-01	6.779588927413550e-01	6.229158276327635e-01	5.729340199965652e-01	5.295442559227583e-01 
71915	2.556060222873632e-01	5.161773271606988e-01	4.608100129595860e-01	2.647875370165693e-01	5.119043143968472e-01	4.080958550649050e-01 
71916	5.350957768398383e-01	3.663150598496787e-01	6.557664703468503e-01	2.592201189140105e-01	4.548992764360688e-01	6.965156513436678e-01 
71917	3.299899348621982e-01	3.336074682665472e-01	2.687202102508652e-01	2.571496627922003e-01	3.737858079872877e-01	2.982023898252394e-01 
71918	4.965576157215608e-01	5.686623337405399e-01	5.678214649933468e-01	6.655111677470608e-01	3.875396520358532e-01	4.210049216916926e-01 
71919	2.509862857021902e-01	6.643722091722318e-01	3.521222978106300e-01	2.983948783579832e-01	3.112853709540990e-01	3.220626613347500e-01 
71920	6.246592503095356e-01	8.029913516918230e-01	6.497445925691537e-01	6.471726405903280e-01	7.868916011797298e-01	7.038012040120505e-01 
71921	5.324501675112733e-01	5.840918603198958e-01	7.378597749558173e-01	6.186348689002243e-01	5.756523269922070e-01	6.136228326525394e-01 
71922	2.829501419802329e-01	3.353993451823135e-01	3.215222621006762e-01	3.091851015664031e-01	2.203013216314161e-01	2.483904204808628e-01 
71923	3.435620228280370e-01	3.705414614958091e-01	3.669686395474813e-01	4.058451506341684e-01	5.261935177812970e-01	3.602807537304141e-01 
71924	3.916593019580436e-01	2.858637247907363e-01	5.297471490707122e-01	2.687885208091504e-01	5.231684199850893e-01	2.698409798102871e-01 
71925	3.763511986288058e-01	6.100684975833528e-01	6.138778978596869e-01	5.815012006253777e-01	4.458783019977698e-01	6.264575402613369e-01 
71926	8.091936615440232e-01	8.320604229982219e-01	8.296531128784332e-01	8.425168728973033e-01	7.794304689656951e-01	8.826711518788969e-01 
71927	4.750700533485518e-01	5.387660728740109e-01	5.521441030598764e-01	4.044728607495321e-01	6.024418230133637e-01	3.713146239318748e-01 
71928	2.947838759747923e-01	2.136033959911828e-01	5.068069880391006e-01	2.181940252699247e-01	2.556557028886137e-01	3.144734045814027e-01 
71929	3.148668668452771e-01	4.180350798588648e-01	4.344709172264308e-01	3.168145773349585e-01	2.380822810845442e-01	4.192123338343549e-01 
71930	2.906533401361256e-01	2.223873814238241e-01	6.605326062769414e-01	4.020802847553603e-01	5.536390862515963e-01	3.609685087191450e-01 
71931	4.661775194965729e-01	3.546517045758740e-01	3.993505518141822e-01	5.851582881458761e-01	3.995281798909451e-01	3.403678823692938e-01 
71932	6.691169226483928e-01	2.842908867028434e-01	6.544176644186610e-01	6.420770438060939e-01	4.484651245288360e-01	4.771105076479934e-01 
71933	4.782940994055431e-01	6.242297896546561e-01	7.868095249442075e-01	6.187466242120567e-01	5.747469269608900e-01	7.120808537411858e-01 
71934	8.125892852497623e-01	6.917679015927982e-01	7.884050941928531e-01	5.531277842603014e-01	7.686484220861096e-01	6.115290282792147e-01 
71935	3.483570195569042e-01	6.424339789618536e-01	3.973367293843001e-01	5.840087526598845e-01	4.290383067786554e-01	4.727400793079082e-01 
71936	5.718329876228262e-01	6.100019814159638e-01	4.277191401907387e-01	3.600734460396235e-01	4.188707998661153e-01	4.863706156364572e-01 
71937	8.223016730192316e-01	7.549342261097933e-01	8.295308989993031e-01	8.123322519285578e-01	6.799779206126282e-01	8.526614205658356e-01 
71938	4.826218767256276e-01	5.621865808561930e-01	6.457586081740414e-01	5.235650523094302e-01	6.135385890555455e-01	6.694603683550541e-01 
71939	5.880676771640274e-01	5.117329912932914e-01	5.837968837645335e-01	5.315014498336497e-01	4.605044518845551e-01	4.945813893813599e-01 
71940	4.351492637427558e-01	3.402865473308904e-01	5.065517612275345e-01	4.258523139041341e-01	2.912344951200611e-01	3.693000382447677e-01 
71941	4.773069401813465e-01	5.542976290908057e-01	5.294007490116830e-01	6.018524044822356e-01	5.214107468278825e-01	6.739552603397632e-01 
71942	4.552992378062293e-01	3.262258404771838e-01	5.217938937375690e-01	3.752398764029111e-01	3.810339311543460e-01	4.692541597623889e-01 
71943	3.616297059863552e-01	3.286264955191274e-01	4.562991996009995e-01	4.661586250996581e-01	4.806688093495865e-01	5.439260640542545e-01 
71944	6.284117821011170e-01	4.055332632259459e-01	7.241526577441119e-01	5.514038380837342e-01	6.508081646497743e-01	5.046534050413012e-01 
71945	4.356315408901905e-01	6.654064560640186e-01	3.388108611840115e-01	4.643983726074181e-01	6.108953311681234e-01	5.264391046683075e-01 
71946	6.375650782814726e-01	6.855727531559812e-01	5.746630910308976e-01	8.646151229702550e-01	3.611281460774303e-01	6.218409736916966e-01 
71947	5.331366974745857e-01	5.314634671676151e-01	3.635577388939597e-01	5.828426963093121e-01	3.705622679683522e-01	3.930935619680598e-01 
71948	3.204872758457964e-01	5.087343662986135e-01	3.358625766124286e-01	3.852813312681600e-01	3.708260894507945e-01	3.038226872572852e-01 
71949	6.504256851043547e-01	5.935214764136586e-01	4.026570858808269e-01	6.414898751676252e-01	6.587289738631291e-01	3.524906896837207e-01 
71950	5.644382505645437e-01	5.598613996496193e-01	7.487647534303303e-01	5.230611114017859e-01	6.014368164839174e-01	6.241831913589930e-01 
71951	6.076519345662885e-01	7.260240266551699e-01	6.200765641005301e-01	7.298513878621818e-01	5.574451455069349e-01	7.406733068995093e-01 
71952	2.866717010544599e-01	5.156179493155220e-01	3.801857027486322e-01	5.336470676024265e-01	3.115773918690307e-01	4.314967151122885e-01 
71953	6.677620576863016e-01	5.008743269028474e-01	5.638807881504290e-01	4.929517844464857e-01	8.015290123803267e-01	3.725730638143351e-01 
71954	2.677037743283175e-01	4.340778871277814e-01	5.454312001733521e-01	1.749147799338683e-01	4.046669458794857e-01	6.416459170543167e-01 
71955	4.184560556940041e-01	2.359326031607017e-01	4.673083518084682e-01	6.013444749644223e-01	3.668115453026129e-01	5.260095619456837e-01 
71956	6.043643694936274e-01	3.506858378884375e-01	6.341503222891007e-01	4.819702499486189e-01	4.463004475291760e-01	3.642825583316704e-01 
71957	6.025796638798041e-01	4.787574137027082e-01	4.657914120983996e-01	5.287170816903610e-01	2.711268785267070e-01	4.876072124448456e-01 
71958	3.016079314149883e-01	6.822626915787269e-01	4.990560424513648e-01	3.636520720758181e-01	6.702055576477211e-01	4.853918760010790e-01 
71959	2.545861635771862e-01	3.649348147389645e-01	4.419421632355206e-01	3.931872627644636e-01	3.432210446405888e-01	5.270941469279744e-01 
71960	4.162883213608112e-01	4.695888294570952e-01	2.789286887022465e-01	6.905331556611838e-01	4.471091977350524e-01	4.863149221677645e-01 
71961	4.924574789060486e-01	4.242816475710325e-01	6.907257180161341e-01	4.020624861174741e-01	4.971562647195616e-01	4.244646049335524e-01 
71962	3.781224238777169e-01	3.510603833575073e-01	5.772158416849875e-01	3.416239937039737e-01	3.015102227596805e-01	4.457194166001002e-01 
71963	2.670139841904279e-01	4.338261120530405e-01	6.383657204746169e-01	2.736572925326602e-01	5.130424114800334e-01	4.096101795198595e-01 
71964	6.583111885534283e-01	2.869153299974355e-01	5.467086049881406e-01	4.465694644390250e-01	5.339279752969777e-01	4.254216214092691e-01 
71965	5.471801472234561e-01	5.741763256382527e-01	4.878016647978352e-01	7.677988396643629e-01	4.305737369979142e-01	4.901452758506898e-01 
71966	7.427618549250693e-01	6.341283696136271e-01	5.077306000597355e-01	6.448498754938645e-01	7.046806536693581e-01	3.337246730028003e-01 
71967	4.300159913225550e-01	5.041181490396798e-01	4.491748058515961e-01	5.226532298932833e-01	4.227636372853462e-01	4.924944680581860e-01 
71968	5.820626325577521e-01	5.181296114375054e-01	4.316288863466093e-01	6.563505520989965e-01	6.103290817755154e-01	5.384786479486172e-01 
71969	4.013575988064836e-01	4.512539006551288e-01	6.172506424261539e-01	4.854955908867001e-01	4.190984522989756e-01	5.056872966431389e-01 
71970	4.537326197023162e-01	4.237842257040463e-01	3.302423741901531e-01	4.000827681202822e-01	3.220699206443995e-01	3.776000803435997e-01 
71971	3.522172578029482e-01	5.826458326570949e-01	5.983196602539214e-01	3.345761377309618e-01	5.545359398321110e-01	5.662287411413238e-01 
71972	4.167348971745220e-01	3.697080177486666e-01	4.009560937136513e-01	4.176797910372410e-01	4.740801732004479e-01	3.972166584040269e-01 
71973	4.085395511611852e-01	4.230788011910018e-01	2.104650339319229e-01	4.270835798053221e-01	3.358346883242112e-01	2.804659193471169e-01 
71974	5.279630783441874e-01	3.200613405038208e-01	5.213025234257604e-01	6.123751126200971e-01	3.807267398793160e-01	5.257402758805143e-01 
71975	3.652525704374744e-01	5.224643705554113e-01	6.759205767079414e-01	4.936466090387486e-01	4.851250228135356e-01	5.892235482766949e-01 
71976	5.910312037828008e-01	5.758233923249956e-01	5.611119281209318e-01	6.022669704214114e-01	6.103190473135924e-01	4.769166845202080e-01 
71977	4.846607735711614e-01	5.133114896923889e-01	7.799795174379390e-01	3.607577749265031e-01	7.847757168933287e-01	6.515782739346394e-01 
71978	7.499565220388260e-01	3.835109276451436e-01	3.530508009756979e-01	6.226682755725668e-01	3.020318405067888e-01	4.277447352696415e-01 
71979	4.131766039231707e-01	4.242838404997815e-01	5.940715518284981e-01	1.922916833259374e-01	6.151565898236022e-01	4.642824539775043e-01 
71980	7.438404812336576e-01	7.646075103025612e-01	8.250494055360054e-01	7.175596492215037e-01	7.704811417384554e-01	7.898510860301218e-01 
71981	4.667569637873538e-01	7.715125183368010e-01	5.323648993392575e-01	6.213499541000636e-01	6.687552211438565e-01	6.421171253952622e-01 
71982	2.031758409637651e-01	5.913326666263490e-01	4.227929193700312e-01	3.636350278051822e-01	5.288975255859366e-01	4.539737216032645e-01 
71983	4.116741939197611e-01	5.367558758486335e-01	6.168945251184058e-01	4.841415290953300e-01	5.463184606762043e-01	6.950057107054373e-01 
71984	3.628752692581894e-01	3.882742114652918e-01	4.368589863354412e-01	5.572576591927252e-01	3.493332695804232e-01	4.771820604390137e-01 
71985	6.765120648905556e-01	5.563093603440183e-01	5.430209435777106e-01	5.112530983540569e-01	5.737622372716698e-01	4.079964634652287e-01 
71986	6.489889009371614e-01	6.620368450483779e-01	5.078241331877698e-01	2.760015079041956e-01	5.944663103559034e-01	5.888128856955446e-01 
71987	2.279656454561884e-01	2.673902100994379e-01	2.934214067866100e-01	1.640403677505927e-01	2.001686956457870e-01	2.871842484683223e-01 
71988	2.876833743342167e-01	2.804951299023413e-01	4.093841567431800e-01	5.021526169529165e-01	4.008619670410671e-01	4.257260216047736e-01 
71989	6.443630849845825e-01	6.113043139912553e-01	6.321671958097137e-01	4.519619029828764e-01	6.682832942198034e-01	5.484379652806328e-01 
71990	4.794452548998676e-01	6.794367523807303e-01	6.626913751151201e-01	5.687133946091320e-01	5.013563352983778e-01	7.334737475505605e-01 
71991	3.489747227481866e-01	2.964144703541829e-01	4.435212432960319e-01	2.183319943812150e-01	4.077810567445317e-01	3.312863733862849e-01 
71992	4.911238998370669e-01	4.681573836952356e-01	7.456798058398117e-01	5.223396355124756e-01	7.808532804950981e-01	6.606691933470958e-01 
71993	2.389352696287475e-01	2.813339630721832e-01	2.553255112181287e-01	3.241116425104995e-01	2.737008736825903e-01	3.372212027084573e-01 
71994	4.991635470564063e-01	6.074156680892906e-01	2.048625012867008e-01	4.062905904071614e-01	3.638608957657702e-01	4.224040960525633e-01 
71995	3.347094183016224e-01	4.112566614813140e-01	2.206226430224250e-01	3.469654390930128e-01	2.337665511179938e-01	3.799614466321335e-01 
71996	4.249174024574130e-01	4.505065008131704e-01	4.722221792769556e-01	5.005716532502468e-01	5.769601156253150e-01	4.228408315336033e-01 
71997	5.628596410081146e-01	7.026291633451078e-01	5.312385071092892e-01	6.801333868126309e-01	6.770320276670594e-01	7.226748961813487e-01 
71998	5.946257692528982e-01	5.588128984231993e-01	4.488314340338113e-01	4.780740368729705e-01	4.985309308096373e-01	4.653416337859450e-01 
71999	7.666957212819603e-01	2.820989845574592e-01	3.864636098764939e-01	5.739118066121091e-01	4.374289122472037e-01	5.266709597829663e-01 
72000	4.567676414837895e-01	5.654466028841232e-01	3.902163594476984e-01	6.039183995435751e-01	5.296450338656180e-01	6.180727879136317e-01 
