53601	6.034312704294676e-01	5.817387837212293e-01	6.116277214687725e-01	6.052510304829224e-01	6.059990594813809e-01	7.091621407190133e-01 
53602	3.322305151980980e-01	6.924965272966579e-01	4.495311961065003e-01	4.880584760851643e-01	5.131924170955845e-01	5.950737079112097e-01 
53603	5.054271956636345e-01	6.747955486175781e-01	5.325478712506269e-01	5.581415671753058e-01	5.948205490616290e-01	5.833186160015120e-01 
53604	4.385371824477425e-01	6.907428065749565e-01	4.577557797480814e-01	4.978486359346720e-01	6.525839017585361e-01	4.607485328561386e-01 
53605	5.312951736614038e-01	4.351979631382720e-01	5.884519911333901e-01	4.852571981235239e-01	7.102519241963885e-01	5.733752666662721e-01 
53606	4.500227158290660e-01	5.871106075020469e-01	3.398330154143274e-01	4.870259994422600e-01	5.514546923664703e-01	3.974455302058041e-01 
53607	2.854087641223220e-01	5.345293893324812e-01	3.017678156949739e-01	4.210760950221137e-01	4.494103355143776e-01	5.516997769231675e-01 
53608	4.639032754678470e-01	2.493373908755908e-01	1.860245910359016e-01	3.001572309587160e-01	2.599544451115848e-01	2.313644717630252e-01 
53609	5.196406881423334e-01	3.779556605095074e-01	4.117701624438007e-01	5.030079475393991e-01	2.936862146520596e-01	4.031672943054277e-01 
53610	2.933873817278900e-01	3.069716689289814e-01	2.909380457326346e-01	2.556646971471236e-01	2.231901436970961e-01	2.773299441498395e-01 
53611	5.924454099159286e-01	3.260969389075214e-01	3.768799767154405e-01	3.346717705094174e-01	3.521989459295318e-01	1.976079703254219e-01 
53612	4.709251603160582e-01	7.681329158992563e-01	5.140847418465867e-01	7.635309234213390e-01	5.387929839947279e-01	6.955796530372489e-01 
53613	7.673347497289233e-01	4.853039558465393e-01	6.787990808143234e-01	6.727063444242092e-01	5.936650810966102e-01	5.535745326194875e-01 
53614	4.861914839314805e-01	3.984894091885130e-01	5.809339191213947e-01	2.979194889233233e-01	5.133546595825140e-01	5.630929718369623e-01 
53615	2.786602466663626e-01	3.543063988373673e-01	4.562124748496522e-01	3.535485530741623e-01	4.135073011344176e-01	3.479739644037094e-01 
53616	3.089593306483959e-01	6.908671697315427e-01	4.864624478949170e-01	3.837115407957756e-01	4.166484232427426e-01	5.341227980846612e-01 
53617	6.185656720850855e-01	4.064960568817454e-01	4.194300042295313e-01	2.775180547660668e-01	6.296297076307280e-01	2.882107775018443e-01 
53618	5.937701740179409e-01	5.056996522226124e-01	5.276535430249711e-01	6.587324491756811e-01	6.586112984103315e-01	5.630548573076454e-01 
53619	3.772898102295000e-01	4.083660325801053e-01	3.486460258222612e-01	2.225805967943716e-01	3.026024178887073e-01	3.328723129678161e-01 
53620	5.701666525839766e-01	4.979898238380529e-01	4.406205131954045e-01	3.772044258117631e-01	5.633871063412477e-01	1.937696552906077e-01 
53621	4.631425763501720e-01	7.136253314118868e-01	3.206631750615241e-01	6.866466490331748e-01	3.642576338085680e-01	3.403164411439854e-01 
53622	2.742126184808492e-01	2.891808190262987e-01	2.769616062481392e-01	3.388394881335591e-01	2.673057414767510e-01	2.744625023756238e-01 
53623	4.994757869669856e-01	7.167129577985132e-01	4.598527705395380e-01	5.151640319339336e-01	6.302264081647634e-01	4.352159276988662e-01 
53624	7.499416571163258e-01	4.669313789970276e-01	5.407284403245740e-01	6.721893128311287e-01	5.874412085218929e-01	4.761282894829870e-01 
53625	2.377701476140504e-01	4.818901693721233e-01	2.505319211069543e-01	4.937664792594260e-01	3.911370291723923e-01	6.492558416759951e-01 
53626	4.515778592716301e-01	6.811753734349264e-01	4.300900392521559e-01	8.301544885756605e-01	5.677416839796087e-01	4.127773164264567e-01 
53627	5.867867067554315e-01	6.864625822926977e-01	6.296978371308493e-01	6.488726792225716e-01	6.151832801462301e-01	5.785955821006536e-01 
53628	3.536280991604984e-01	3.909829787675778e-01	4.913862396816283e-01	3.468559106932800e-01	4.238608034607069e-01	4.618479474652009e-01 
53629	2.930155289142035e-01	2.760927259203190e-01	4.099023333396819e-01	2.564987183656971e-01	3.283862947038851e-01	3.604902695278757e-01 
53630	2.880137570548180e-01	3.251353631685039e-01	4.456434763398657e-01	3.077090865415624e-01	3.360920463856624e-01	4.926842869852120e-01 
53631	6.193442658404649e-01	5.099678347843317e-01	6.068572286837846e-01	4.820388910464617e-01	7.838022407155669e-01	6.406611955578418e-01 
53632	5.164052431975535e-01	6.282081271395368e-01	3.683074570268334e-01	4.525275119955646e-01	3.985838428658310e-01	5.716767279715647e-01 
53633	3.488816772478351e-01	5.733867381278296e-01	5.303317670735732e-01	5.259947104743667e-01	4.859189757390676e-01	6.522920727238517e-01 
53634	2.385397413649172e-01	6.699070384008170e-01	5.174572457775418e-01	5.136945838120079e-01	6.323772843461912e-01	4.453979862124055e-01 
53635	4.244515270795234e-01	4.104292486103960e-01	4.561087040004571e-01	4.039361862542662e-01	5.570774747283335e-01	3.721598870047846e-01 
53636	5.455681308524069e-01	5.085076703436227e-01	4.211227279669748e-01	5.421037806986728e-01	5.173550941828371e-01	3.844376702100840e-01 
53637	4.023825505898818e-01	5.524029671955498e-01	5.515843371385412e-01	5.538481571732414e-01	2.838626364288281e-01	5.959206119352440e-01 
53638	4.494676405247809e-01	6.250712315715071e-01	5.133132410683942e-01	6.043555493582793e-01	2.891010058397601e-01	6.680170885285951e-01 
53639	5.994997064401808e-01	4.977346147714851e-01	5.286915737074467e-01	5.352077635164659e-01	6.855275837738757e-01	4.791423363078545e-01 
53640	4.493976446229351e-01	3.120146929370481e-01	4.233050434187614e-01	2.845594396663855e-01	4.951426218221868e-01	3.672779429796420e-01 
53641	3.719953967019266e-01	2.303686179346184e-01	4.826936479740452e-01	2.362377880903406e-01	4.881086929598262e-01	3.002103492499776e-01 
53642	2.227642161031819e-01	3.611524127049978e-01	2.080796403110365e-01	2.597782013937455e-01	3.414089348423378e-01	4.243283286467429e-01 
53643	6.097192864614683e-01	4.190872877308068e-01	5.993646168128384e-01	5.075125815529929e-01	6.691074906271427e-01	3.807848968738636e-01 
53644	3.375681601409074e-01	3.558549182893627e-01	4.993883125124275e-01	2.493328783528099e-01	4.768353106894976e-01	4.549832597888334e-01 
53645	4.989362456251791e-01	5.038700970429231e-01	3.356217519904509e-01	5.329059168630392e-01	3.556601040446319e-01	4.398703637049420e-01 
53646	7.558482215482466e-01	7.598049747359006e-01	7.870510124511365e-01	7.972310911591804e-01	7.696705003416696e-01	8.322223203670119e-01 
53647	4.680120965854646e-01	5.218449341220499e-01	3.680762084680984e-01	5.062529537058569e-01	3.677625089731084e-01	2.597971614842361e-01 
53648	4.868973702386759e-01	3.538796777768890e-01	3.905533977418149e-01	5.833857895835189e-01	2.417769349498621e-01	5.331001720235240e-01 
53649	4.704646277619244e-01	4.386058312541978e-01	2.897964781097071e-01	5.632533736236904e-01	4.354442649926082e-01	4.112261481483064e-01 
53650	7.157287111614461e-01	5.790477775589964e-01	4.125868719373420e-01	4.671248153963272e-01	7.101542033187399e-01	2.443053494663605e-01 
53651	5.963472042349930e-01	3.947428421505867e-01	4.471884910792071e-01	3.446477303203581e-01	3.538540505296842e-01	5.514645314490958e-01 
53652	5.653173708739535e-01	5.425890930380598e-01	5.616003800699996e-01	5.926657953518951e-01	5.726667423119520e-01	6.905698747069083e-01 
53653	6.311668448129470e-01	5.471357799173597e-01	7.815641111545799e-01	4.989706775372251e-01	6.663888786114209e-01	4.657965028422597e-01 
53654	3.536895726865007e-01	1.743468122823679e-01	3.095800616233190e-01	3.214571547956082e-01	2.623011956886449e-01	3.225843926626185e-01 
53655	6.638373641355557e-01	8.471370168048669e-01	5.811020690967525e-01	6.815502099067825e-01	8.143914072403431e-01	7.374740728729599e-01 
53656	2.891944093421517e-01	4.353813720477618e-01	6.066605792954443e-01	4.243041579531254e-01	3.776611050970289e-01	5.246384310530400e-01 
53657	2.259140980040576e-01	4.162672121319955e-01	2.571068907001098e-01	2.370406764988899e-01	4.589328477565990e-01	1.684397323285731e-01 
53658	3.248599442189876e-01	4.662726254710451e-01	3.532848568545919e-01	3.433262783916741e-01	2.720983969289494e-01	2.823504853176986e-01 
53659	4.660117676700449e-01	5.739388489362915e-01	2.543272104603643e-01	4.339739880808092e-01	4.501356961985278e-01	4.948907192099128e-01 
53660	3.396122438502850e-01	4.940641857914571e-01	5.019271126902667e-01	5.394783844116841e-01	4.732345416633615e-01	6.204408582930918e-01 
53661	7.965182014931675e-01	3.024716477485589e-01	6.698223490801744e-01	5.363529339144140e-01	4.350318897811044e-01	3.655081712757247e-01 
53662	4.173469687240352e-01	6.565052046294007e-01	5.503846972962252e-01	7.646570907491664e-01	4.709041944459831e-01	6.488915738889033e-01 
53663	7.941085521530122e-01	8.362849241479460e-01	7.991381291690884e-01	7.834016424968885e-01	7.262588559231021e-01	8.164922293839568e-01 
53664	4.332120038416848e-01	4.233871792140195e-01	5.130197994652468e-01	6.126041327778348e-01	6.033922113163621e-01	5.594282882385120e-01 
53665	7.659567751709533e-01	6.996289594978371e-01	8.557942262475076e-01	7.216423385055915e-01	7.396317456173892e-01	7.424206727939520e-01 
53666	5.262201333834001e-01	4.386153834200560e-01	6.762910968206906e-01	5.112590828433069e-01	3.205651661709288e-01	6.026495263223443e-01 
53667	5.206070340674755e-01	4.169822893280518e-01	5.755854227699162e-01	4.515551279196323e-01	5.086289948373703e-01	4.341517841726456e-01 
53668	4.581616650061972e-01	3.810396070920202e-01	4.960561083962952e-01	4.406725408968832e-01	3.662936300140291e-01	4.670593070823915e-01 
53669	2.916013653882302e-01	2.527250678142949e-01	2.156391118304239e-01	2.349341855141601e-01	2.534586370746392e-01	2.704710258204268e-01 
53670	4.410820870112632e-01	5.868193481434312e-01	7.412971581662737e-01	6.374567230108322e-01	5.418196185100317e-01	7.367054710977159e-01 
53671	4.591828538116758e-01	4.038688328812027e-01	3.564566383069830e-01	3.772700439692839e-01	3.949168417941574e-01	2.408913431309533e-01 
53672	3.252885987050007e-01	3.364764343324417e-01	4.502903165247034e-01	3.763636148672012e-01	2.789684963871714e-01	5.765646316857254e-01 
53673	7.384929702021346e-01	4.525373261664889e-01	5.404867575396327e-01	5.180251723866580e-01	6.855090747175878e-01	1.665490358770477e-01 
53674	5.415147901155344e-01	6.502218845341255e-01	6.570162677189630e-01	3.793877452962349e-01	7.913364247785728e-01	5.492850938282150e-01 
53675	5.951836572596914e-01	6.621237541163647e-01	5.635776166357397e-01	5.837359745371560e-01	6.724084234545783e-01	6.101884417840330e-01 
53676	5.259059535081383e-01	3.537597194121319e-01	6.523049970951993e-01	5.138098357453378e-01	6.173865057514107e-01	3.233638475048429e-01 
53677	7.775082551046087e-01	5.701891507268597e-01	7.330529362916419e-01	5.400127633377674e-01	6.644355374991084e-01	6.378668438339165e-01 
53678	5.344377966252204e-01	6.324781074205892e-01	4.685631057218048e-01	6.205659787709976e-01	5.605498027375719e-01	7.313156552800589e-01 
53679	7.509681843072810e-01	4.960878934719578e-01	6.059100369831489e-01	5.154984668993061e-01	7.516259582864790e-01	5.907259620226101e-01 
53680	2.341695772845107e-01	1.937418783774129e-01	1.662505428468996e-01	1.523611826183673e-01	2.165887626478544e-01	1.554453739282456e-01 
53681	4.551419472769313e-01	2.078335455348245e-01	4.019886455725522e-01	3.952119056099895e-01	4.656470402647530e-01	4.678207989811930e-01 
53682	5.392597129251708e-01	6.358419817022966e-01	4.736822766622533e-01	3.984914688425376e-01	6.311115933081782e-01	5.403143171640743e-01 
53683	8.154002960467157e-01	8.293910467589301e-01	7.117476827989760e-01	7.868408964723737e-01	7.611719765086865e-01	7.773517801900378e-01 
53684	4.067131740108566e-01	7.574241852111052e-01	2.417114317020621e-01	7.148225656891493e-01	4.238140263509559e-01	5.263825005760341e-01 
53685	6.593700980613515e-01	4.203672423060375e-01	3.577358896441542e-01	5.600614781131099e-01	3.983410125028905e-01	3.794391462986588e-01 
53686	7.021065032643403e-01	6.586924728911594e-01	7.363554516671773e-01	6.584341926061211e-01	7.536544431384864e-01	6.378045185836396e-01 
53687	6.336005837802741e-01	4.600816064632485e-01	5.792876134968096e-01	6.583767877138119e-01	5.627562645948513e-01	4.678394158215388e-01 
53688	5.743023974392969e-01	4.396366146862308e-01	5.536283297954817e-01	4.519872256168539e-01	3.917286604534037e-01	5.271827635031957e-01 
53689	5.836415614815621e-01	2.615665518076466e-01	6.314314552869256e-01	2.874432741962215e-01	4.814305201144374e-01	4.060035997473808e-01 
53690	6.910844193194495e-01	6.735188671205606e-01	7.096660832471662e-01	7.439987593679225e-01	7.036303927704277e-01	7.616687224935169e-01 
53691	5.010765198446803e-01	3.927982592018887e-01	4.300687249598169e-01	3.708857295657702e-01	5.399794701436260e-01	4.087869315435537e-01 
53692	3.104343612152090e-01	3.597654364693780e-01	4.794903066836692e-01	5.069807667935824e-01	2.183124373750208e-01	4.863408589761144e-01 
53693	8.077131840273029e-01	4.383684165535999e-01	5.203599958231409e-01	5.914394550743781e-01	5.164478587342899e-01	3.552323531238841e-01 
53694	6.565719377746666e-01	6.437529575855890e-01	4.620733260475720e-01	5.698310899039374e-01	7.556524503879368e-01	5.261235546350769e-01 
53695	5.083314809111605e-01	4.744179079369767e-01	4.561780154719238e-01	4.972645705403279e-01	4.706365690937668e-01	3.484064946295860e-01 
53696	3.856943536230416e-01	3.221809204040686e-01	5.181198582171138e-01	5.290969931356241e-01	3.251170293270207e-01	4.961763668914713e-01 
53697	3.552707452568507e-01	6.052656182894999e-01	3.839938846342960e-01	5.708052484783751e-01	6.556201175973417e-01	6.380917522402999e-01 
53698	2.459042075692905e-01	3.092012084531254e-01	2.546935153761483e-01	2.988142728054820e-01	2.069840174778511e-01	2.334939100001870e-01 
53699	5.646191320753244e-01	4.663660087511031e-01	2.493063691994863e-01	6.788801138848262e-01	5.118802889396452e-01	4.378178840053947e-01 
53700	4.228299904632986e-01	6.326064880435085e-01	5.899636070419768e-01	5.704761010903073e-01	5.969149049205720e-01	5.425680633592009e-01 
53701	4.627746637219024e-01	3.672858313399043e-01	4.707238973142885e-01	3.506748369138717e-01	6.430157824638056e-01	3.653543881019551e-01 
53702	6.998779194676006e-01	5.007173519885381e-01	7.033166524851627e-01	6.537899484909133e-01	7.886881611847556e-01	5.496768098666578e-01 
53703	6.546540019407994e-01	2.747823447144845e-01	6.311741707473010e-01	2.929513962310596e-01	3.837310223276773e-01	5.706413090438973e-01 
53704	4.071913154867789e-01	3.844436531787783e-01	3.627787015159856e-01	5.521257596250704e-01	3.891899486039959e-01	4.255583676282785e-01 
53705	7.177543238680779e-01	4.529059172413206e-01	5.319019436220931e-01	7.050158705706758e-01	4.040073880978500e-01	3.234700902731569e-01 
53706	5.649807776026932e-01	6.795950891058077e-01	3.360384239762156e-01	8.261750297156485e-01	4.354883201785685e-01	3.724146164001017e-01 
53707	4.006705205696843e-01	4.919230994791342e-01	3.426997815534020e-01	5.442577085511925e-01	3.200724958034203e-01	4.353604138772421e-01 
53708	7.488498146249047e-01	5.785927477740453e-01	5.662330308407217e-01	5.830642545816211e-01	4.807974719959236e-01	4.290700385949525e-01 
53709	3.545290217831232e-01	3.092495383368948e-01	3.796284259621799e-01	3.905121834376853e-01	1.018083975887911e-01	3.645462034044661e-01 
53710	5.535730557492291e-01	4.700855368506051e-01	4.648905353470870e-01	5.045792522435408e-01	5.535725935472554e-01	4.218595039663536e-01 
53711	5.386215624440893e-01	4.485580901467249e-01	4.256485670024444e-01	5.631249111865537e-01	4.497652846403286e-01	3.809746555236497e-01 
53712	6.138427353966137e-01	4.417642077494232e-01	3.985103140416378e-01	5.758319641433859e-01	3.164073069939416e-01	7.567253113477912e-01 
53713	3.779724164601651e-01	5.612294977518570e-01	4.229049948331443e-01	4.055998734952403e-01	5.871270984356169e-01	4.299070013837662e-01 
53714	6.985607273743520e-01	5.198762298793074e-01	7.316631984600218e-01	7.411715095734783e-01	6.068075382844726e-01	6.563432270081148e-01 
53715	4.673213169126573e-01	6.935870872666676e-01	5.587606508641911e-01	5.371235583753786e-01	6.286329471530020e-01	5.245310098680547e-01 
53716	4.663731571202186e-01	5.975994558891962e-01	5.808122074619511e-01	4.416220069086285e-01	4.711682728034527e-01	6.487444020018002e-01 
53717	6.770899572139126e-01	5.972664329813946e-01	6.851530973200189e-01	5.879175498130003e-01	7.010470368999051e-01	3.857846820155121e-01 
53718	5.894832888094590e-01	5.578285892319190e-01	6.372324388248327e-01	5.578180271456445e-01	5.190896972328805e-01	5.953609828592843e-01 
53719	2.599025821178699e-01	4.478875873718347e-01	3.221899209717469e-01	4.328380077239585e-01	3.498475905107410e-01	4.131020915043188e-01 
53720	7.730274031294613e-01	4.583718496459647e-01	6.650172602959308e-01	6.374793243367946e-01	6.156117168922528e-01	5.526937602970798e-01 
53721	4.794537776865982e-01	4.043251995899339e-01	4.910741812580204e-01	4.515218564409244e-01	5.537550689753055e-01	3.970876789558887e-01 
53722	7.059312660348146e-01	5.088565794730282e-01	5.289307074823774e-01	4.848874884432807e-01	4.264736268304308e-01	3.548999211173142e-01 
53723	6.725101965859457e-01	7.702297359510601e-01	6.513653471458766e-01	6.312788201187008e-01	6.441237043309405e-01	6.869821887805632e-01 
53724	5.985279883327492e-01	6.578899652637672e-01	4.889440287889285e-01	5.548155864845606e-01	5.234729259166016e-01	5.936071934159424e-01 
53725	5.632951264777599e-01	6.918410493319701e-01	5.825447810126869e-01	6.003750807316027e-01	6.571864846706021e-01	6.439367587061262e-01 
53726	3.203529863597749e-01	5.724365067090351e-01	3.697697669339156e-01	4.201816448138791e-01	2.727820022489553e-01	8.440597483827121e-01 
53727	5.597038334829225e-01	5.920727997481777e-01	4.963631963894360e-01	4.439950556108653e-01	4.661086865787873e-01	4.273292291546605e-01 
53728	6.214502224184995e-01	6.280079721259526e-01	1.936468871521351e-01	4.490348846504639e-01	3.749281630591251e-01	4.434038754127742e-01 
53729	1.441587345947266e-01	6.278455575988751e-01	7.346571318988536e-01	3.913097253673613e-01	4.458414725196079e-01	7.060760536105697e-01 
53730	5.738517796004494e-01	6.467715667397924e-01	6.652466543850613e-01	7.198246699108752e-01	6.449060231674932e-01	6.847084024057117e-01 
53731	6.111421173947446e-01	6.955509045346835e-01	5.381709811187989e-01	5.025065292512385e-01	7.253324810164281e-01	4.833902075420528e-01 
53732	6.917954484640545e-01	6.780914856007274e-01	8.708887975716137e-01	6.810155903408197e-01	7.695239929931481e-01	8.067094511292872e-01 
53733	3.961982765223184e-01	5.608018601398889e-01	7.201243103601378e-01	4.652574296577481e-01	6.433821469878023e-01	7.227411384205400e-01 
53734	3.397543126822301e-01	2.983573021054292e-01	5.551661091526043e-01	3.160320751688710e-01	2.454864291352632e-01	4.650966932498726e-01 
53735	6.482624645672375e-01	6.724355521424065e-01	5.669168608352833e-01	5.046540416824088e-01	4.342703755975323e-01	6.098941705983961e-01 
53736	5.114131478461652e-01	6.693971047467800e-01	3.962883282189713e-01	7.449406379015953e-01	6.825831910792872e-01	4.852637271608668e-01 
53737	4.492556011313328e-01	6.681831439288557e-01	5.719325943950948e-01	5.252999460302864e-01	6.129281361227594e-01	7.181691697554775e-01 
53738	7.091953385927803e-01	8.191652341505653e-01	7.223706062959349e-01	8.175053973644513e-01	7.094822333305841e-01	7.688502198551327e-01 
53739	6.216892640200726e-01	6.011499700240853e-01	7.597227328474205e-01	5.296294725937212e-01	6.049830092697779e-01	5.896896147364383e-01 
53740	3.773300771651069e-01	3.999895238897750e-01	3.906691092630863e-01	4.117236863479703e-01	2.405862501724298e-01	4.954317075916603e-01 
53741	6.272037399771286e-01	5.696791944337701e-01	5.127679622929753e-01	5.844613943218273e-01	6.515006877323188e-01	2.179278577417695e-01 
53742	5.742536053344836e-01	6.239215147244176e-01	5.508556423486164e-01	6.255661804949556e-01	6.583582452771224e-01	6.350217926947088e-01 
53743	7.241939375210202e-01	6.750353982925461e-01	6.423462746208644e-01	6.817238628468114e-01	6.134234356425692e-01	6.960524577702845e-01 
53744	3.824231160304966e-01	5.437577991612086e-01	4.531093058500378e-01	5.998739013164931e-01	5.353152598815450e-01	3.817078668173008e-01 
53745	2.693075725670122e-01	4.255803873779080e-01	3.729536974439360e-01	3.495366491036509e-01	2.986976723381230e-01	4.877855190725479e-01 
53746	7.739896243754368e-01	4.188668627447131e-01	4.554743379566808e-01	6.522423516650975e-01	5.451901574027058e-01	5.723314072305955e-01 
53747	5.880561199081230e-01	4.695490163138847e-01	5.888474317345920e-01	3.412306494739348e-01	5.373323475443008e-01	5.401022929401031e-01 
53748	8.178414280071001e-01	7.459380142222998e-01	6.011273300023670e-01	5.559574407322276e-01	6.669721117083711e-01	5.204989186367069e-01 
53749	7.794783733628056e-01	5.261424565234639e-01	7.553246846074713e-01	6.988233077769896e-01	6.366973402014000e-01	6.536641345154113e-01 
53750	5.719746806446666e-01	5.534893543708349e-01	4.987524739165824e-01	3.039739071173773e-01	6.625103704475624e-01	5.730635921008262e-01 
53751	4.491414663469304e-01	6.790211006914784e-01	2.903777008657478e-01	3.882713409550506e-01	5.546940720354574e-01	3.576103459758298e-01 
53752	4.078265388533768e-01	4.604722379282556e-01	4.944763886963200e-01	6.472545487324752e-01	4.598773445632364e-01	6.542004427536803e-01 
53753	2.611353261364311e-01	3.378074745404022e-01	2.527731357838540e-01	3.257334103353184e-01	3.428995123749350e-01	2.350895816601759e-01 
53754	5.076782832477309e-01	7.057775090313342e-01	3.001119364329741e-01	5.588408048499200e-01	7.231840865904606e-01	4.660590002382425e-01 
53755	5.287105572436528e-01	6.374420935623479e-01	4.705546662969127e-01	5.995160953336909e-01	5.824726601230550e-01	6.001984192594905e-01 
53756	4.816381340545058e-01	5.266088756932998e-01	5.295351761744367e-01	4.067519325510179e-01	6.805942606560429e-01	6.236171574181981e-01 
53757	5.354465354660298e-01	4.879792273768256e-01	7.795728096651872e-01	4.756183088283063e-01	4.194049029358538e-01	6.101041131819539e-01 
53758	4.140614737160230e-01	3.910332711694455e-01	2.330545016601090e-01	4.036171472203336e-01	1.888607610887885e-01	2.587211084804110e-01 
53759	5.099267103688916e-01	6.226176991416770e-01	5.581727284387095e-01	5.063833938241300e-01	4.896681540615965e-01	5.923056786367445e-01 
53760	6.046724446618095e-01	6.029132915636508e-01	4.632603628522171e-01	5.683987329908218e-01	4.619784343229827e-01	5.724621331788740e-01 
53761	5.809684024550441e-01	5.969023743149109e-01	5.421993924165036e-01	6.068052965247366e-01	4.746084000293338e-01	6.498614068318775e-01 
53762	5.237206411372369e-01	5.094489953963657e-01	4.248117213433216e-01	4.755205708493795e-01	5.493972022256215e-01	4.004562504266782e-01 
53763	2.183278889349506e-01	3.567528056489748e-01	1.786677237528118e-01	3.668944320607009e-01	2.459006257764699e-01	3.121035221564128e-01 
53764	2.618670532851153e-01	4.522979558506772e-01	3.185099689532475e-01	3.752499896960130e-01	3.346238020916034e-01	3.607512116202458e-01 
53765	5.213764716322253e-01	3.080060150701388e-01	3.909689427159744e-01	4.624933871291055e-01	3.009363426974847e-01	3.087097474390280e-01 
53766	7.067868427850155e-01	6.421962969703309e-01	3.943654267823519e-01	6.796362909372946e-01	5.073996419301842e-01	4.140527395155061e-01 
53767	4.264302755493037e-01	5.249696888473072e-01	3.941585451923694e-01	4.007108008079157e-01	5.086534221317649e-01	4.193975320391091e-01 
53768	4.210634461029095e-01	5.298460657857653e-01	7.129108210100801e-01	5.615083649179264e-01	4.355154034689469e-01	6.990830325390138e-01 
53769	6.636199774165981e-01	6.503765563304592e-01	7.197701565615297e-01	6.297402317731779e-01	5.954096642599437e-01	6.346185587014707e-01 
53770	5.224808921372512e-01	6.154232743976690e-01	5.105636446224802e-01	5.733872176282624e-01	5.425295490543609e-01	4.654656581278037e-01 
53771	5.987397864096848e-01	3.258296547556004e-01	6.119293211475237e-01	2.835009172090079e-01	4.716755362480549e-01	4.326304687800044e-01 
53772	4.611595267397940e-01	6.755342667047448e-01	4.050728055917852e-01	4.470914118805041e-01	5.723366974096058e-01	3.993758324000166e-01 
53773	6.150959266303440e-01	5.224161684881941e-01	1.348135188620395e-01	6.124037052999776e-01	5.003993783120618e-01	4.625588168352873e-01 
53774	3.786742119168047e-01	2.244483041484229e-01	4.257642379656474e-01	2.381202539343894e-01	3.452531882005797e-01	3.536770052176502e-01 
53775	3.994445934081595e-01	3.332471920133770e-01	4.734414396028186e-01	4.657770493293831e-01	4.959848002155534e-01	4.474284050045672e-01 
53776	8.492530482135273e-01	5.692234969495726e-01	6.621249608899327e-01	6.852585848540682e-01	7.593635492205164e-01	5.226381748592324e-01 
53777	5.878325963527202e-01	7.117522698550672e-01	7.863018445430561e-01	6.635062741918262e-01	6.843145334050362e-01	8.681145196945703e-01 
53778	2.390633508058510e-01	3.990725670095651e-01	3.909682095369550e-01	3.464285703802457e-01	3.086643957327824e-01	2.956092132971311e-01 
53779	6.950079746559978e-01	3.793949190067396e-01	5.007746860036228e-01	4.749017558935257e-01	2.894634684065280e-01	4.450252058313341e-01 
53780	7.522857971643633e-01	5.555225959956709e-01	4.720864014066727e-01	6.793082714060803e-01	5.268001368751231e-01	5.580484967457764e-01 
53781	7.143938829172124e-01	5.450334456760400e-01	5.871983652116068e-01	4.866536112949363e-01	8.295246389168668e-01	3.075208677279928e-01 
53782	4.728681075520577e-01	6.102803308115681e-01	4.636083985723436e-01	6.520759958165763e-01	3.975898372176634e-01	5.331417778842338e-01 
53783	6.124656339423242e-01	4.477953116568325e-01	5.044514916118445e-01	5.944413755766311e-01	4.933689088294312e-01	3.352722415545463e-01 
53784	6.656798646023483e-01	7.270088452379425e-01	6.306142484127946e-01	6.449422215850639e-01	6.030628499647210e-01	6.966195206135353e-01 
53785	7.408546189929327e-01	5.989415102357917e-01	6.797207301624827e-01	6.423456191611001e-01	5.340780121836335e-01	4.929158933704387e-01 
53786	3.258725144556306e-01	4.034096606050176e-01	3.322734702447057e-01	2.742845284973027e-01	2.776163258183109e-01	2.675606334515250e-01 
53787	5.941906823945422e-01	5.907021188252228e-01	4.956907362855268e-01	4.710422686335989e-01	5.982147055739307e-01	5.045966481525452e-01 
53788	7.587638929413204e-01	6.935162655374145e-01	7.703870661286577e-01	7.299668561098074e-01	6.732447472255720e-01	7.313449185903722e-01 
53789	3.550272631762920e-01	7.094306424035122e-01	5.245197263165574e-01	4.283642425703412e-01	5.718840820419105e-01	6.436900052491152e-01 
53790	5.692425108272069e-01	3.955305347019288e-01	6.713906588110887e-01	5.912941996111371e-01	6.491554648577469e-01	6.972951616338245e-01 
53791	2.717309160063113e-01	4.407482976714302e-01	5.197143838861007e-01	4.003171739318591e-01	5.630179964053978e-01	5.812422265278048e-01 
53792	3.500982823933483e-01	4.192810714335695e-01	3.470954174511666e-01	3.726050803565280e-01	2.395843152866904e-01	2.189129412176725e-01 
53793	6.653810357510084e-01	6.676727655989609e-01	6.121887278565813e-01	6.940108857707663e-01	6.949830952452897e-01	7.764364917962996e-01 
53794	6.431979665377558e-01	2.599855426809081e-01	3.707960734528795e-01	7.156218614481611e-01	3.377179021512994e-01	4.399285525904120e-01 
53795	5.515407182766551e-01	6.064437578465529e-01	2.793105478261603e-01	6.645022678485637e-01	3.823089148471215e-01	3.836608376364252e-01 
53796	5.058533012727050e-01	6.273947822051626e-01	4.413647740577657e-01	5.536491565756270e-01	4.806832071951147e-01	5.770402685286490e-01 
53797	3.969308370432898e-01	5.545767907026536e-01	4.656552965089846e-01	4.993962052085586e-01	4.212685611427888e-01	6.109178380715503e-01 
53798	3.212022443702492e-01	5.331651187438745e-01	5.207945153330393e-01	1.352436810743819e-01	4.852837184797169e-01	3.067535419509778e-01 
53799	4.623893196515411e-01	5.330186466759699e-01	4.767695144122370e-01	4.681518015955061e-01	4.212984008886255e-01	6.444084721704150e-01 
53800	6.566920585964467e-01	6.177479703814881e-01	5.270537135419157e-01	5.028055542118974e-01	7.423502440195593e-01	4.280018236136578e-01 
