62601	5.875691876595815e-01	7.714854364941742e-01	5.757822145157314e-01	6.626199181498602e-01	4.375482401903856e-01	7.442700644501414e-01 
62602	3.154392605761244e-01	4.481888536654544e-01	3.848685819940311e-01	6.521821537924731e-01	3.366183143593278e-01	4.763402860494818e-01 
62603	5.685066156388064e-01	7.425969467417795e-01	4.734931037450112e-01	5.137307332450997e-01	4.402121785164271e-01	6.327433294886079e-01 
62604	5.528298460827330e-01	3.977957744795273e-01	3.319157446005118e-01	5.409289665702253e-01	2.761406451562692e-01	5.851485764858095e-01 
62605	5.247373765804983e-01	5.125423338845031e-01	3.744293253562848e-01	4.729408125221621e-01	4.762565884004712e-01	4.318403496533786e-01 
62606	5.495739573942104e-01	4.045367445076166e-01	5.910629891986077e-01	5.039860176694881e-01	5.734700589522526e-01	6.127187597071471e-01 
62607	5.487490996581754e-01	7.778107689592724e-01	5.929523005213205e-01	6.925060008125201e-01	5.832154206366837e-01	6.068953142846623e-01 
62608	4.061741406065542e-01	4.012670668938643e-01	5.527369298856185e-01	3.971400008588447e-01	3.514257586966852e-01	5.099003022149357e-01 
62609	2.715781256776369e-01	2.906099227397511e-01	2.422590620607538e-01	2.963005093487495e-01	2.784261274163247e-01	2.575000755865977e-01 
62610	3.156047928909863e-01	5.731113227013045e-01	1.850839418378170e-01	3.236267518565596e-01	4.918659987982019e-01	4.610884970538886e-01 
62611	7.034061186499907e-01	2.847976930040493e-01	5.408018329024096e-01	4.387324924418572e-01	3.779194090976601e-01	6.390868290028759e-01 
62612	3.588115296423098e-01	5.805804094553938e-01	3.603183920193984e-01	5.428182423880183e-01	3.772417447577623e-01	5.189172364554326e-01 
62613	7.089586096683145e-01	7.749884989508432e-01	5.779493219168779e-01	6.585882323279069e-01	7.060836222520025e-01	6.834571198877560e-01 
62614	7.160860882634431e-01	4.773545277920707e-01	7.501684182450443e-01	6.233639877446966e-01	5.013202965918870e-01	7.285031297970009e-01 
62615	6.086254731532168e-01	7.714482829202792e-01	5.446286568984761e-01	6.740165863367954e-01	4.192682171396826e-01	5.608117414557912e-01 
62616	4.515781231998772e-01	6.382192505929642e-01	7.025096341372510e-01	5.061618188360716e-01	6.152057629224619e-01	7.617819703770905e-01 
62617	4.833836375767254e-01	3.295265134771829e-01	4.422773995259321e-01	5.191198047744401e-01	3.665969322889133e-01	6.521375184628158e-01 
62618	3.217483699465482e-01	4.128523978732004e-01	3.987169079842838e-01	3.782693280461346e-01	3.697892115606995e-01	4.314983719875632e-01 
62619	5.005918414713165e-01	7.509990157370900e-01	4.780176134468496e-01	5.460705576279739e-01	8.415084354307432e-01	5.096705577105778e-01 
62620	4.847095074703981e-01	6.147036733847732e-01	2.184049690807713e-01	6.832464476412028e-01	2.176508813510702e-01	5.450478974734111e-01 
62621	2.698625097801267e-01	2.962921913265486e-01	3.848592456782335e-01	2.927704453447532e-01	2.075553433861672e-01	3.349970737814198e-01 
62622	5.096798878714538e-01	5.551929211908557e-01	4.852092357699544e-01	5.037538124869202e-01	4.261236969884917e-01	5.801451348154818e-01 
62623	3.499489274339113e-01	6.217925073680172e-01	6.662870179979227e-01	5.008905925070688e-01	6.303572172942502e-01	7.340474700428344e-01 
62624	5.142774738566873e-01	3.219223577203629e-01	3.572895285400899e-01	2.959594052656130e-01	4.407140701145563e-01	3.597825253764910e-01 
62625	2.836200612785353e-01	5.926342622562568e-01	3.483442046422006e-01	4.908285924596265e-01	4.677340832719521e-01	3.744022688902511e-01 
62626	4.939730450222327e-01	6.063142452013590e-01	4.645622013490125e-01	4.281862086602815e-01	6.728476077936730e-01	4.939454680758744e-01 
62627	3.795478690814147e-01	2.726334037426841e-01	4.751498033748526e-01	4.634141284946423e-01	2.821329644440612e-01	4.609999309361843e-01 
62628	3.478167398958401e-01	5.506256142399433e-01	4.815218543848849e-01	4.767874187517654e-01	4.463536130974594e-01	5.294676439441358e-01 
62629	3.498695337737024e-01	5.257956570588448e-01	6.003638608590920e-01	4.563318950608238e-01	6.709193529616724e-01	3.884939324088065e-01 
62630	4.843288167493209e-01	6.682599344203157e-01	3.567182580925975e-01	3.558399942437367e-01	5.686903957196646e-01	2.741224518884252e-01 
62631	4.481756327788866e-01	4.006404519204899e-01	3.472785229096510e-01	3.794809702571014e-01	2.700820234088077e-01	4.891227361699330e-01 
62632	3.247409163320232e-01	4.198572391114885e-01	4.909922556767997e-01	3.279791098017450e-01	4.532163242012616e-01	6.329275764196773e-01 
62633	6.133651816228882e-01	3.923775992745210e-01	5.391823009130239e-01	4.914115319503465e-01	5.332194747370123e-01	4.231130123719666e-01 
62634	5.011147074817918e-01	3.576941165839446e-01	8.064760960434424e-01	3.940796144701280e-01	2.842597715562453e-01	6.963167034827629e-01 
62635	2.428695961875537e-01	3.353730980815599e-01	4.742137963980981e-01	3.646925539999615e-01	2.629237497210110e-01	4.117011244844099e-01 
62636	6.466526215651758e-01	4.712307853225415e-01	7.049712223486478e-01	4.224864789307813e-01	6.001024948579272e-01	4.996122156933445e-01 
62637	6.722052713865235e-01	5.639447144781926e-01	4.531985303682928e-01	5.900629578925296e-01	6.282624331410946e-01	6.570854065909035e-01 
62638	5.844405415216618e-01	6.472054731972894e-01	6.344060049207166e-01	4.913322505388062e-01	4.034074671872894e-01	4.791652726537872e-01 
62639	5.093638511396947e-01	3.848150139169981e-01	5.655116430228113e-01	3.714003775382227e-01	4.230433551228328e-01	4.240380354649041e-01 
62640	4.008756928470136e-01	3.031322461562910e-01	3.349933528214881e-01	3.418621823649833e-01	3.129674422821579e-01	2.901258815003675e-01 
62641	2.635772107268115e-01	1.808442144553290e-01	1.164723745318282e-01	2.584313919864271e-01	2.126982506644795e-01	1.994006807916722e-01 
62642	2.049430301910556e-01	5.235102682473637e-01	3.286246609224384e-01	4.423119672877929e-01	2.986986659774647e-01	5.209614718328852e-01 
62643	3.916766826883721e-01	2.625044167182412e-01	5.690480960441685e-01	4.775446368849684e-01	2.210171851884663e-01	6.094280586227229e-01 
62644	4.115694275628720e-01	4.107576570727370e-01	4.308878180018305e-01	4.949378690998796e-01	6.177791208086381e-01	3.407514664263224e-01 
62645	3.943282387581082e-01	3.846269542827168e-01	3.890544785304774e-01	4.318483562179860e-01	3.450467531622373e-01	3.881791943324081e-01 
62646	5.349044212672291e-01	5.573747552852404e-01	5.844860975640995e-01	6.829735220632702e-01	4.429402464123469e-01	6.182684916359991e-01 
62647	5.394809291256843e-01	6.839203412748149e-01	5.704413145517790e-01	5.946286573598945e-01	5.908078272912110e-01	7.626918935869124e-01 
62648	2.107257381665047e-01	3.718937083456075e-01	2.800626078806270e-01	3.850768498944089e-01	1.237337252245473e-01	4.479000268459808e-01 
62649	2.526818721417326e-01	2.275691057004918e-01	1.841087132960816e-01	3.647959141654165e-01	2.600415052537578e-01	3.159130609752951e-01 
62650	6.627980670062077e-01	7.673890565426722e-01	5.317882399166391e-01	6.832477318574484e-01	5.925271750713762e-01	6.174994585457341e-01 
62651	6.236500245896969e-01	4.716370027114580e-01	5.302283625303759e-01	4.114993863110232e-01	7.052953556130620e-01	4.073211408498327e-01 
62652	5.603687816588880e-01	5.686024697160378e-01	6.330946101010395e-01	4.829328522897927e-01	5.678447577289550e-01	5.122625776131897e-01 
62653	6.392489797514486e-01	5.682344784715022e-01	3.860903652320610e-01	5.626453842082453e-01	4.390865664814725e-01	5.888641302699136e-01 
62654	3.979453005776653e-01	2.983160171376172e-01	4.201999071338400e-01	4.321589628924445e-01	3.478634125235163e-01	5.731235380285291e-01 
62655	6.279360174903074e-01	5.006824287560202e-01	4.628517741315040e-01	3.639753743068114e-01	5.632291034310166e-01	4.536060570448474e-01 
62656	1.649303023216829e-01	2.475001554196662e-01	3.722792514561521e-01	9.891835374006969e-02	2.804670029904661e-01	3.392677426829103e-01 
62657	4.930206618037372e-01	4.793914467950240e-01	6.334024624617051e-01	2.774155012651359e-01	5.534515765522900e-01	3.154954451160623e-01 
62658	7.418518262999142e-01	5.711987910036160e-01	5.052397527589181e-01	7.207028129924764e-01	3.743519694917826e-01	6.277955074175352e-01 
62659	3.779582782138723e-01	5.721914226850764e-01	6.108594213207015e-01	4.137546420238887e-01	5.633937912709552e-01	2.928822195697627e-01 
62660	2.535019493737951e-01	2.505035456158952e-01	2.976016618712561e-01	1.765939709477484e-01	1.724915312271664e-01	2.851888659795422e-01 
62661	3.398671254273928e-01	3.466307927029937e-01	3.920816732889921e-01	4.605758136119023e-01	2.991624704113897e-01	3.011065804400422e-01 
62662	5.086683514286447e-01	4.283680700774440e-01	4.646973787460730e-01	4.037590766172226e-01	5.910684232113748e-01	4.570352372250260e-01 
62663	5.584093199884134e-01	3.909856968743508e-01	5.167393537669995e-01	4.403965730424500e-01	6.259147775038377e-01	6.480539592482900e-01 
62664	4.437494526361457e-01	5.213999279753904e-01	5.408497783103499e-01	4.562569559398718e-01	5.166164093473939e-01	7.089113793206154e-01 
62665	5.879706008881419e-01	7.654769080327996e-01	7.754013866675988e-01	5.625445480019156e-01	5.781042908113662e-01	7.760520215353878e-01 
62666	3.432823676920214e-01	4.142678934273721e-01	5.410421510190546e-01	8.138156754637300e-01	4.754915941802303e-01	6.479082922188949e-01 
62667	2.417190135845530e-01	5.669131191773817e-01	3.615728970640890e-01	3.856230333839790e-01	3.527946216390896e-01	3.778553946740895e-01 
62668	8.167688987314659e-01	4.611050057455084e-01	5.521045006432761e-01	6.007711891317488e-01	5.412554994422825e-01	5.707301856305256e-01 
62669	4.373989122395565e-01	6.643104728311473e-01	6.370083204270971e-01	3.642974712070173e-01	7.198333973811488e-01	4.747654780130286e-01 
62670	3.447420000982752e-01	5.505516784267712e-01	3.615448396414392e-01	4.418100498095736e-01	3.169745796284679e-01	3.878593530470833e-01 
62671	4.844015320971367e-01	6.391748276001942e-01	5.113594013660008e-01	5.865870522594956e-01	4.951169325911616e-01	6.727268111576332e-01 
62672	5.893395011779126e-01	3.291104399354430e-01	6.037670652429306e-01	4.021931776670316e-01	3.629917789839339e-01	3.924275565513668e-01 
62673	2.583004604294333e-01	3.197243000867634e-01	3.085055962848241e-01	1.811318883115373e-01	2.219465225622572e-01	2.811714241614952e-01 
62674	2.830050026207120e-01	4.862293402357324e-01	5.130546614057310e-01	5.816536794968539e-01	3.780358651305469e-01	4.348717116609760e-01 
62675	6.810962206676794e-01	5.032393960416498e-01	4.365755391251028e-01	6.718955567029530e-01	3.878070006684228e-01	5.783958996389871e-01 
62676	6.505222834541792e-01	4.365081138713641e-01	7.218763046373473e-01	4.286288046242351e-01	6.312634817836718e-01	6.190738498990624e-01 
62677	2.531115524986584e-01	6.876397481545128e-01	5.884064085302991e-01	2.874861513596634e-01	6.817718236667482e-01	6.846030282022277e-01 
62678	6.190909361611132e-01	6.809200458970208e-01	5.022425901846104e-01	6.367475211893714e-01	5.675859973407380e-01	5.175368421718144e-01 
62679	2.009709922859579e-01	2.948206767860930e-01	3.723017077820927e-01	3.004060335575757e-01	2.124207636423233e-01	3.855659942105954e-01 
62680	6.109316037763760e-01	6.036263587255812e-01	6.927824608155291e-01	5.937088254649585e-01	5.804347565477790e-01	6.259408335607615e-01 
62681	3.079400764657048e-01	5.376262033958326e-01	4.475246283058217e-01	4.175527150362934e-01	5.614175259734253e-01	3.650772546060735e-01 
62682	4.652853888520647e-01	5.295143531214954e-01	3.768345258579459e-01	6.356344088838950e-01	3.852316539908835e-01	7.109732609601389e-01 
62683	5.553144201700868e-01	5.459700546334509e-01	7.401856536489615e-01	6.114379417920099e-01	4.962641043891070e-01	5.593192471872088e-01 
62684	2.499448410685438e-01	2.703653756411203e-01	2.439278681072182e-01	3.509320678404952e-01	2.333519836492923e-01	3.099656202708779e-01 
62685	3.685675860941426e-01	2.743546324272472e-01	4.818154487317389e-01	2.236276608991526e-01	4.227590538972988e-01	4.097196451179991e-01 
62686	3.457618129844484e-01	4.482246554088954e-01	2.161021647696287e-01	3.712362758607165e-01	4.945515751146551e-01	2.217046677799690e-01 
62687	6.024110271983365e-01	3.827289981966931e-01	3.527537543342040e-01	6.447427805769405e-01	1.651060739931305e-01	4.032327836755547e-01 
62688	6.851063688625690e-01	2.495544208917642e-01	5.833873231401785e-01	5.885663524320750e-01	4.758075373694923e-01	4.755038330483636e-01 
62689	3.771089007912121e-01	3.844763342903674e-01	3.180406345590248e-01	2.994894038615991e-01	4.095677601296521e-01	4.473282546068392e-01 
62690	4.725862662845043e-01	5.122905487132161e-01	4.792334947646679e-01	4.467778966717607e-01	5.059423846136779e-01	5.719645357352736e-01 
62691	6.476274284417312e-01	6.324813550916965e-01	5.433864824489614e-01	6.468133732777157e-01	5.526833231646215e-01	4.719217485526500e-01 
62692	3.919967858246856e-01	4.574696002838320e-01	2.672952376441466e-01	3.999885189514147e-01	4.948882827062764e-01	3.782986365876768e-01 
62693	6.780258980363409e-01	3.994326639901884e-01	5.278795601356553e-01	7.726292702252641e-01	3.669165532080563e-01	5.972349483138184e-01 
62694	3.688302280929064e-01	4.260869147177239e-01	2.529246695416146e-01	3.864168759017926e-01	6.679878934428676e-01	2.934886567004660e-01 
62695	6.430308635508444e-01	2.228477295717945e-01	5.112353492671022e-01	5.368719748884407e-01	3.581468609118095e-01	3.758936256171245e-01 
62696	6.326441286483402e-01	6.149034174210268e-01	6.631580667629545e-01	4.804807101994703e-01	5.969211974600364e-01	5.132654508479626e-01 
62697	6.606931583886113e-01	6.324923112743492e-01	4.932975361326774e-01	6.908297909218628e-01	6.867544790083526e-01	6.015645316673703e-01 
62698	5.135743378866082e-01	2.780547062512867e-01	4.146141848889234e-01	4.276231917996562e-01	3.467302113698227e-01	4.486445139645705e-01 
62699	2.734295213322384e-01	4.394393643573632e-01	2.818641350839886e-01	3.543710546231185e-01	3.611864712839164e-01	3.324793426865467e-01 
62700	5.722727363615084e-01	5.950341681707182e-01	6.829543818054287e-01	4.749843675775635e-01	6.588079273287133e-01	4.339398168683101e-01 
62701	7.183607584858596e-01	7.178600641824729e-01	7.440491134802837e-01	7.127269488743938e-01	7.304634622456352e-01	7.082066593672380e-01 
62702	6.328388471654149e-01	4.992525989850897e-01	6.129218411733431e-01	7.254580442841737e-01	4.841979180694468e-01	6.407459874938355e-01 
62703	5.040595937969540e-01	3.498759524441536e-01	3.008110994166003e-01	3.369842022491367e-01	2.632379745476651e-01	4.026824381140888e-01 
62704	6.037148576591810e-01	5.705398726478941e-01	5.619438021610730e-01	4.751726903097970e-01	5.199559333893046e-01	4.156703138442182e-01 
62705	5.671564235692059e-01	5.227435345626695e-01	6.859142879188742e-01	7.157834632435742e-01	5.332234863284269e-01	5.789017574303115e-01 
62706	6.633088410594804e-01	5.391247569242168e-01	4.420301981487803e-01	3.922050587544765e-01	6.231524325348150e-01	5.732503253466051e-01 
62707	5.759748098915252e-01	6.436324150206008e-01	7.219485539370385e-01	4.972858858440836e-01	7.147877638749427e-01	4.705899348121348e-01 
62708	2.644064851622934e-01	7.743593944735645e-01	5.298065592492048e-01	5.931337442094172e-01	5.317174091559288e-01	4.615485843549486e-01 
62709	6.551173822119012e-01	2.542670651961971e-01	6.364369748420127e-01	2.388979598616884e-01	7.478444632494501e-01	1.860568608573342e-01 
62710	4.675045700955876e-01	7.207334582568299e-01	5.784868236361970e-01	6.904227627648349e-01	5.511415385020562e-01	6.455304532227367e-01 
62711	5.685389316305856e-01	5.837262363211264e-01	5.626939931555165e-01	3.586133419813887e-01	6.687311615943655e-01	4.167883179159422e-01 
62712	4.540451509436441e-01	2.659912560586245e-01	4.260463265551153e-01	2.587636331211499e-01	3.515214610633746e-01	5.634384934654352e-01 
62713	4.368962770553165e-01	5.974874733158404e-01	7.948068372467881e-01	5.699597429920027e-01	5.035065144486350e-01	5.218229786986039e-01 
62714	2.567524403568291e-01	2.703027399429409e-01	4.242855837986664e-01	3.041646599704959e-01	3.412452449737831e-01	2.978818627038700e-01 
62715	3.426368597501340e-01	6.804571322189346e-01	4.662833307962900e-01	4.892135568315050e-01	3.788196555269370e-01	4.042795016245909e-01 
62716	3.894499651667442e-01	3.782060261983559e-01	4.938408225209175e-01	2.308478821064220e-01	6.273995153322647e-01	1.817173289782380e-01 
62717	4.902182345544494e-01	3.097946528893740e-01	3.885967143265074e-01	2.981625545353640e-01	3.983370097503102e-01	3.249101640702378e-01 
62718	5.373173397007589e-01	3.817510106425638e-01	5.363182549239347e-01	5.653086521061981e-01	4.463467778692505e-01	4.824676184622380e-01 
62719	5.269630088217085e-01	5.298215405228002e-01	1.510062556444497e-01	4.018427492028893e-01	3.585366301623046e-01	5.062869433745598e-01 
62720	2.722626601354315e-01	4.339253143531452e-01	3.621151351371211e-01	3.291258704643805e-01	3.674679030418345e-01	4.134930252313798e-01 
62721	3.998716017733245e-01	3.714554062609746e-01	1.774903322771034e-01	3.446061180248783e-01	4.483453013639755e-01	2.729005953116005e-01 
62722	3.260585628655296e-01	4.534412725506174e-01	3.775842816657721e-01	3.557857352055467e-01	4.247551788603134e-01	4.212483568180011e-01 
62723	2.826603265029350e-01	3.190384090567227e-01	3.503398685090555e-01	1.980343136922826e-01	3.907744530025602e-01	3.536415836382468e-01 
62724	3.417870232548716e-01	4.204142559481358e-01	3.834722375020128e-01	6.732250552750243e-01	3.159779783189905e-01	4.022319481108722e-01 
62725	3.788770977658077e-01	4.647566418269922e-01	2.642749587192034e-01	5.401795458139413e-01	2.095767377002190e-01	4.285099996962917e-01 
62726	5.018756682079990e-01	7.748259326180077e-01	6.186979696176054e-01	6.958764459781079e-01	6.386522905902590e-01	7.751029219871772e-01 
62727	5.683158280991281e-01	6.201598683547876e-01	5.669273486818054e-01	4.936445641219064e-01	5.869561486750039e-01	5.767874650591593e-01 
62728	5.818754843719176e-01	7.649573802550438e-01	4.469888702018934e-01	6.904007359053126e-01	4.554811392074272e-01	5.636972548380758e-01 
62729	5.693578760388824e-01	7.230368855816121e-01	4.315483475851471e-01	6.818481163797324e-01	4.013895099044153e-01	6.359266103236807e-01 
62730	5.738380490944341e-01	4.487449208623817e-01	4.262107358371134e-01	5.801888412595971e-01	3.021814475637082e-01	3.268247583932790e-01 
62731	4.790041785721841e-01	5.399967528794581e-01	4.933198672170785e-01	5.655059833815168e-01	5.689609174053443e-01	6.625874503520200e-01 
62732	4.175760956932849e-01	3.769639512983987e-01	5.436118275458599e-01	5.149598176627844e-01	1.637662596741547e-01	7.471159077723560e-01 
62733	6.460549024977301e-01	5.266597738417789e-01	7.592076709152027e-01	3.325865794545925e-01	4.999763607463275e-01	3.035508655572722e-01 
62734	5.435995419907744e-01	6.488967456774130e-01	5.575487080689628e-01	4.019082934538908e-01	4.969791111534396e-01	4.553689051918403e-01 
62735	5.417765205851381e-01	4.980652645005739e-01	5.444346683157667e-01	6.089101626668693e-01	4.257910289109625e-01	4.696052288720218e-01 
62736	5.785267665617762e-01	6.920348671528452e-01	5.684542170849518e-01	6.668301769962151e-01	6.327342561527434e-01	5.431754193115459e-01 
62737	1.298286204414386e-01	1.756246469269291e-01	2.436637307917553e-01	1.064378282213328e-01	1.661988596567361e-01	1.645617035848891e-01 
62738	7.963500460290264e-01	3.546448472360074e-01	4.962952714728429e-01	5.979752888744276e-01	5.242299653059175e-01	5.283516715094705e-01 
62739	6.497891870397150e-01	2.988255408992545e-01	5.689348240234902e-01	5.073568867359946e-01	4.536344003746032e-01	3.878558581028166e-01 
62740	5.009571421941297e-01	4.716056281729014e-01	3.259295103202325e-01	3.206825895352921e-01	5.075723452654204e-01	7.381417020717673e-02 
62741	5.042362251339884e-01	4.214379293772256e-01	5.202688014299711e-01	4.370056353768976e-01	5.251687736791022e-01	2.453047720981392e-01 
62742	4.902631825691589e-01	6.733275167104098e-01	6.452232018930336e-01	6.166491645565901e-01	5.477284152790792e-01	6.726806484198694e-01 
62743	5.777268600342135e-01	5.222893492635268e-01	6.281459361965027e-01	5.786240716889819e-01	5.416441823265205e-01	5.842311503455869e-01 
62744	6.334076554044481e-01	6.886452172905171e-01	5.683251112612128e-01	6.498388783693964e-01	7.124641683702401e-01	4.960063380047867e-01 
62745	3.651405892530512e-01	4.571605662287307e-01	4.853103266157712e-01	4.141275418858449e-01	3.890081129583915e-01	5.436763716904045e-01 
62746	3.313280510501828e-01	4.621864720602816e-01	3.776603220611634e-01	3.516661726550941e-01	3.068750416346216e-01	5.324306116373814e-01 
62747	6.519251770074505e-01	6.665433203198261e-01	7.733660198427651e-01	5.189509029477171e-01	6.746765490729525e-01	5.478329606681887e-01 
62748	4.874085740691690e-01	5.278687746871412e-01	4.685207548706795e-01	8.036329052337047e-01	5.224948718296289e-01	6.619367327528982e-01 
62749	7.730244491371443e-01	5.424744234021744e-01	7.583991198455902e-01	6.442961045716321e-01	7.899467209655390e-01	5.650636561700106e-01 
62750	2.881803646884878e-01	3.810777172492347e-01	2.999489425948137e-01	4.744283582311003e-01	3.439654507251784e-01	4.673620873068283e-01 
62751	6.066377969538820e-01	5.684121612729381e-01	5.659940004462416e-01	5.505367399131229e-01	4.768841302757474e-01	5.848627450453165e-01 
62752	5.476708514854287e-01	6.593662804881346e-01	8.249387122004015e-01	3.888998298330249e-01	7.695527934110774e-01	6.350006395631604e-01 
62753	7.270756642928252e-01	4.109921852990668e-01	7.699855785954108e-01	4.392754214474289e-01	6.927212860983060e-01	5.127081242231089e-01 
62754	7.377998830741904e-01	5.819895289782202e-01	8.209057263243995e-01	6.029291248953328e-01	6.758199292567926e-01	5.964370287542363e-01 
62755	3.712239248930791e-01	3.622168903976021e-01	4.324624430081896e-01	3.447778990473471e-01	2.510278998018254e-01	5.375977645350557e-01 
62756	4.723616586821587e-01	5.370846162376268e-01	3.561609472793704e-01	4.203529778274809e-01	6.412906553587713e-01	5.815778325659466e-01 
62757	5.158967850531304e-01	5.314866281004980e-01	4.677665319424343e-01	5.489628226578509e-01	5.685491079733832e-01	3.868006980894527e-01 
62758	4.307974046772519e-01	3.992815692480338e-01	3.327211660718790e-01	4.627652931636099e-01	2.349860862234333e-01	4.090814325634818e-01 
62759	7.452008490185491e-01	7.467698370250156e-01	6.853622361211731e-01	7.933370970698703e-01	7.168179985615570e-01	7.541481573267091e-01 
62760	7.785211660230407e-01	6.501067499719875e-01	5.896818087225006e-01	6.320407964883198e-01	4.767692235622628e-01	4.447189794594356e-01 
62761	2.470291368109741e-01	3.919608733944582e-01	2.720114587035126e-01	3.351988837797026e-01	4.538818471836857e-01	3.007898794110718e-01 
62762	2.775777669723976e-01	1.906097138635408e-01	2.092876813670335e-01	2.192637559450137e-01	1.505884450225443e-01	1.845678578690741e-01 
62763	4.478362604686212e-01	3.381782310829706e-01	4.320103064666398e-01	4.149309590439350e-01	3.244897698423886e-01	5.015560172408471e-01 
62764	5.979462477528266e-01	5.594639314033453e-01	3.670966816823411e-01	6.097054918873026e-01	2.356276291649240e-01	4.566708334440051e-01 
62765	6.817101899110398e-01	7.214958505122427e-01	7.152252089289517e-01	7.630026406232946e-01	7.208370682561909e-01	7.645951243578262e-01 
62766	3.315470075469471e-01	6.292597251117672e-01	5.291743114555869e-01	4.898213927038251e-01	4.801322164476850e-01	4.769463808741432e-01 
62767	7.689823191186949e-01	7.412486301338735e-01	7.505959759388872e-01	8.282300147573116e-01	6.980906590253646e-01	8.089913671075977e-01 
62768	2.971153386527661e-01	3.784988083112598e-01	4.812541029885800e-01	3.316518349873444e-01	3.361460219373398e-01	4.706306684373393e-01 
62769	2.981744237062510e-01	5.637594871980836e-01	5.485829973177625e-01	4.250832324815643e-01	5.123284515703765e-01	3.214803231364367e-01 
62770	6.780318748221241e-01	6.283676026703950e-01	7.088881976913337e-01	5.978422744106633e-01	8.043439279122417e-01	5.760960111304433e-01 
62771	4.440724473658246e-01	4.172506780920209e-01	4.329138029911020e-01	4.706522271026919e-01	3.719207503359430e-01	3.940921541084063e-01 
62772	5.234409439516921e-01	6.658358829017815e-01	5.407419850734474e-01	4.334873768380669e-01	6.351475776448041e-01	6.168860446833535e-01 
62773	5.260256457105219e-01	5.933142581222541e-01	4.299487199939548e-01	3.545523891124193e-01	4.379051569971498e-01	4.323756289991033e-01 
62774	4.219703881639784e-01	5.840245633342682e-01	5.216695403337109e-01	7.598928161793895e-01	5.046728526914817e-01	6.747674699431570e-01 
62775	7.120397403049551e-01	3.892646471122914e-01	5.623773449873053e-01	6.210877874854277e-01	5.294358198156879e-01	5.280314489314483e-01 
62776	2.872969524410925e-01	1.942868330415653e-01	3.663487585315819e-01	1.651534971929970e-01	4.187898315258469e-01	1.709925634520330e-01 
62777	5.332043213216862e-01	5.406214221230710e-01	4.622060716699180e-01	6.037015960584512e-01	4.160237595873174e-01	6.079786036614978e-01 
62778	3.779138667048150e-01	3.287183823747201e-01	5.666484878792390e-01	3.523774692611751e-01	6.630970870034717e-01	5.194351916841451e-01 
62779	1.816655651682499e-01	3.468007504715951e-01	2.468556519000416e-01	3.573574670213047e-01	2.496762426235267e-01	3.986413298672291e-01 
62780	5.352960735479491e-01	7.105836447713665e-01	5.992509392295220e-01	5.720971169820286e-01	6.587338679590684e-01	6.286705814219434e-01 
62781	7.160714581049450e-01	3.376182081599180e-01	5.407437489426479e-01	2.724991458294093e-01	5.809176951595934e-01	3.073125462143403e-01 
62782	6.042601176972338e-01	5.905858694203170e-01	3.462506626876963e-01	4.325123919382070e-01	4.650571883722292e-01	4.397561809863839e-01 
62783	6.391608226242188e-01	6.697756274587887e-01	5.268672553919518e-01	7.429248594221447e-01	6.554482765109083e-01	7.516906640128562e-01 
62784	7.882448493222456e-01	8.201682321037411e-01	6.409387158209537e-01	7.852632426196284e-01	7.494088759888944e-01	7.576602653605629e-01 
62785	6.607680545240624e-01	5.142033357482708e-01	6.787128902289332e-01	4.105483183941568e-01	6.437345006812702e-01	5.634521577546754e-01 
62786	6.333567539076894e-01	4.135719112659453e-01	7.634601660576623e-01	5.795569119319554e-01	6.676239707267079e-01	5.611650563869650e-01 
62787	5.133724021066922e-01	5.339908067071759e-01	4.948875919774689e-01	6.064666217021173e-01	3.115081002228313e-01	5.577422918716874e-01 
62788	2.789160508179900e-01	4.328339428548320e-01	2.802818063967747e-01	2.851221890848780e-01	3.411603731017803e-01	3.594426068984443e-01 
62789	6.474814494858264e-01	4.374947426220387e-01	5.367709910119525e-01	6.350344692512269e-01	3.997717516858728e-01	7.820720193850148e-01 
62790	6.479125408216742e-01	6.304490068082493e-01	6.053889442233134e-01	7.978906585372747e-01	5.282245551647683e-01	7.715891245871358e-01 
62791	5.212086647856974e-01	5.602216396977479e-01	2.674522190139736e-01	5.003533254495667e-01	3.577119805938811e-01	4.042157934434069e-01 
62792	6.255782378376323e-01	6.122913580648992e-01	5.518434387660536e-01	6.956569425940624e-01	6.520401752121139e-01	7.087611585564141e-01 
62793	6.663238254218585e-01	5.668430461347653e-01	6.194368416748743e-01	5.305389732813945e-01	6.260598901295740e-01	5.861014778428435e-01 
62794	5.305877773293521e-01	3.634838118305026e-01	6.193561791585408e-01	4.966799049835975e-01	4.269925161220577e-01	4.004791297538803e-01 
62795	2.487232333898237e-01	3.814401496485862e-01	3.777490950686467e-01	4.035158003835405e-01	3.551399458655536e-01	4.190551323370982e-01 
62796	4.413311038839355e-01	4.912189989274768e-01	4.262387031128869e-01	4.151583027371157e-01	3.729230328871174e-01	2.963010706418439e-01 
62797	2.325758390532939e-01	2.429214310409985e-01	1.991456120040322e-01	3.936089533029056e-01	2.547243116263231e-01	2.894702787402700e-01 
62798	4.785006125801167e-01	3.740919604998298e-01	4.905885976296392e-01	2.852651254691043e-01	4.140245798370512e-01	3.573045565931764e-01 
62799	3.205036763193468e-01	5.688875729153636e-01	5.123670569804413e-01	3.261107186362269e-01	4.985576448124325e-01	5.244292096126467e-01 
62800	6.192276262434808e-01	5.115350074116790e-01	4.315015405139141e-01	6.009883654633230e-01	3.646277975920815e-01	5.227310856619467e-01 
