14801	4.589379896374097e-01	4.213633496943252e-01	3.540248124427864e-01	5.397781339565971e-01	3.243243696441782e-01	4.456887583392863e-01 
14802	3.402947252866046e-01	5.780760904225750e-01	5.825279742084655e-01	2.927684069374486e-01	6.266207219910589e-01	5.685083464787966e-01 
14803	4.873210611232694e-01	4.296751580837688e-01	3.851826102557961e-01	4.921559638843866e-01	5.004048666480461e-01	4.351722097364236e-01 
14804	4.432510121769681e-01	6.733733119601252e-01	5.596636432935223e-01	3.649312360248441e-01	5.075069842125097e-01	6.495894030444193e-01 
14805	6.079204429972056e-01	4.530301593483638e-01	7.630354673219107e-01	3.407532179200276e-01	8.433799624089524e-01	3.350022392075970e-01 
14806	1.892849380783508e-01	7.951021285296714e-01	3.927385260131701e-01	4.650994454002048e-01	6.535883665743834e-01	6.809847482238668e-01 
14807	4.085716465770696e-01	4.243121150658596e-01	2.108708711111270e-01	6.550462767465668e-01	3.557883937721737e-01	4.318710334377436e-01 
14808	6.466835543858275e-01	1.998043566516391e-01	4.336114201840724e-01	4.178256884944487e-01	3.948752718642661e-01	2.732701374533788e-01 
14809	6.265876270535786e-01	3.417315855731459e-01	7.994405397883962e-01	6.112742923795610e-01	3.079465881785689e-01	4.027592047522751e-01 
14810	2.492971083703851e-01	2.088496780348315e-01	2.933550838775785e-01	1.781289636272166e-01	2.346514893375129e-01	2.342409284641100e-01 
14811	6.286078717129104e-01	6.981748054364376e-01	5.913138257344022e-01	5.075416735282301e-01	8.489976518473114e-01	5.751161400731588e-01 
14812	5.026687837210182e-01	5.242972424346242e-01	4.394816832068046e-01	6.919169425221768e-01	5.447263611137086e-01	5.490991081029714e-01 
14813	5.535150413964475e-01	5.208467134031119e-01	5.268934779526084e-01	2.294729496531999e-01	5.649939719227113e-01	3.760493892249137e-01 
14814	6.857165160304621e-01	5.619464501237444e-01	8.217123696464955e-01	5.908325808422152e-01	7.527902801590237e-01	7.250118413252551e-01 
14815	6.170119710474639e-01	6.539270285114720e-01	6.245000410685779e-01	5.859620706311750e-01	7.041553307417455e-01	6.380220236473649e-01 
14816	4.710628900383811e-01	3.284694593554958e-01	7.357118176712529e-01	4.068749372554861e-01	2.990187892060497e-01	5.779017594444378e-01 
14817	2.998534970202022e-01	2.980115406429610e-01	3.554990364512238e-01	1.334711379089408e-01	4.091262276930956e-01	3.297784673032272e-01 
14818	5.524053170400770e-01	5.170876569243263e-01	4.395880439503209e-01	5.351010515533766e-01	3.465837908271133e-01	5.864648175410024e-01 
14819	3.513004848467239e-01	2.696405896942163e-01	1.958796673481236e-01	3.899127974858084e-01	2.961967573777061e-01	2.821731262026138e-01 
14820	5.678951595205833e-01	6.602515077150874e-01	6.723388742829315e-01	6.104701932891072e-01	5.962949728446675e-01	7.549949865519709e-01 
14821	5.616040711732848e-01	4.924163980994173e-01	4.360298335257118e-01	3.918575073681698e-01	6.352450565823959e-01	2.074037333320828e-01 
14822	5.683877583048647e-01	4.301544732073920e-01	4.047281286391776e-01	7.815505589721614e-01	3.603488759863582e-01	5.969369922578195e-01 
14823	6.830923515593781e-01	7.402521202996615e-01	6.103434201679059e-01	6.761636315206495e-01	5.233751220161174e-01	6.659250903284123e-01 
14824	8.072130777226941e-01	7.303049645006217e-01	6.324148487734909e-01	7.272962186609726e-01	5.753080402883854e-01	4.939712110835106e-01 
14825	5.316407606954237e-01	3.613952045493103e-01	4.721420756589541e-01	3.754948292937416e-01	2.706487661562867e-01	5.188318847641095e-01 
14826	6.403070063371836e-01	5.277669572236581e-01	4.846236961974271e-01	5.197738654861355e-01	3.512266666770078e-01	6.155721459076144e-01 
14827	2.190411180690180e-01	4.528699093614078e-01	4.351365582204649e-01	5.614992209610206e-01	3.300125480207673e-01	6.701066224079371e-01 
14828	3.219746032352998e-01	4.670397542587892e-01	4.268032427873321e-01	4.685125617797538e-01	2.706835692809941e-01	5.501959425548263e-01 
14829	4.504780275494503e-01	4.049311365384993e-01	5.902065072965079e-01	5.442033767720004e-01	5.570284122615073e-01	5.560170081001506e-01 
14830	3.049198771211214e-01	4.537932250733162e-01	4.662829854811768e-01	4.207686756600769e-01	4.992827321655278e-01	4.181121726478165e-01 
14831	5.371339569388986e-01	3.049302664145622e-01	4.753532256810291e-01	4.415284303049961e-01	3.286020261044034e-01	4.579922776614021e-01 
14832	6.618747142043593e-01	6.975534609574207e-01	6.023484833806134e-01	6.426779913607461e-01	4.788392829884888e-01	6.407920806024709e-01 
14833	7.518322390510365e-01	5.969205773511034e-01	5.642388881674130e-01	5.764474635707310e-01	4.225896721681947e-01	4.916574509520201e-01 
14834	5.720622538999438e-01	5.188785791259304e-01	4.750227454166578e-01	4.240979405921717e-01	5.024705105787333e-01	5.655172985731352e-01 
14835	1.456559452663279e-01	3.567381793278124e-01	4.886813452030542e-01	4.094103131296971e-01	3.817027190863521e-01	5.732692375911408e-01 
14836	5.017013180006629e-01	4.862677846614858e-01	5.580956832137549e-01	4.260953814599296e-01	2.724587516268966e-01	3.631087202317208e-01 
14837	4.437119897700427e-01	5.070110613772001e-01	5.854940553819882e-01	7.151711851757022e-01	4.728756312901017e-01	7.065242449578916e-01 
14838	7.419616713915438e-01	3.756469407232593e-01	5.598458270047564e-01	4.154907068223357e-01	4.447794530145047e-01	4.740186038545874e-01 
14839	5.473854245094898e-01	5.698885383279874e-01	5.281833819390523e-01	3.011017656697879e-01	5.645300507824658e-01	5.340544216503835e-01 
14840	3.093285035683273e-01	6.201580132065581e-01	3.487351899046428e-01	5.515517929607217e-01	4.177515692958824e-01	4.298863763301607e-01 
14841	2.465831192495626e-01	4.794858195305344e-01	5.551552152329643e-01	2.707371296231202e-01	4.643047047832534e-01	5.822541180295995e-01 
14842	5.973480714504078e-01	6.344443928569523e-01	6.568122298116130e-01	6.670595426088384e-01	6.345210235792793e-01	7.714130866162003e-01 
14843	7.924572415036967e-01	6.638362599084076e-01	7.271776728605512e-01	7.232736151364051e-01	8.354138862929115e-01	7.309771004048247e-01 
14844	5.337270172669566e-01	3.370181958399846e-01	5.282279209007011e-01	4.031022292332630e-01	4.560861291002085e-01	4.221061939999685e-01 
14845	3.277877945693939e-01	2.253995878775072e-01	3.613568668369312e-01	3.574479284008425e-01	2.328592975893879e-01	3.542284523320169e-01 
14846	4.541759383216807e-01	4.557987638978344e-01	5.027292525056870e-01	7.670115232665469e-01	1.903580700581862e-01	6.014531333823452e-01 
14847	6.943958387447404e-01	4.536856495158828e-01	6.245390909928956e-01	5.956295357310926e-01	7.082231009595008e-01	6.635914598545580e-01 
14848	6.154368656995768e-01	3.953186452410540e-01	2.704142801657171e-01	5.307678907616266e-01	2.624398407091357e-01	5.828536516726650e-01 
14849	4.311427085318252e-01	5.102404438090973e-01	2.523008624938529e-01	5.716386299399466e-01	4.216011062378487e-01	3.001481130555052e-01 
14850	5.441801850543416e-01	4.089876135965579e-01	4.633257915095911e-01	7.744948909428907e-01	4.778731263333243e-01	4.880184845121388e-01 
14851	5.692485252635628e-01	6.030680476839085e-01	7.416178116656180e-01	4.926181945183105e-01	7.486639680542029e-01	6.119005409008893e-01 
14852	6.456968163138513e-01	6.321223689303415e-01	5.804712493491155e-01	5.838896242659839e-01	6.566614558000401e-01	6.161472044142523e-01 
14853	2.712456257273199e-01	5.855810523095550e-01	2.611204912129234e-01	4.323673085750721e-01	2.888152457363895e-01	4.998710711674931e-01 
14854	3.218924574681852e-01	1.891087698278942e-01	3.259346081314745e-01	2.286678203071691e-01	2.636345467724976e-01	1.935094526696852e-01 
14855	5.546543586162477e-01	6.214736504286076e-01	2.624004055542263e-01	4.393746718847740e-01	4.824173553224319e-01	3.476994805451866e-01 
14856	8.539954402343048e-01	7.401717499210334e-01	8.278141847797958e-01	7.800010240671513e-01	8.136242280273221e-01	7.605830563370477e-01 
14857	3.303224771118097e-01	5.363890197162394e-01	5.928461545814512e-01	5.110643689689811e-01	5.869425421384098e-01	7.489056948559233e-01 
14858	6.675731712386974e-01	6.924091049100820e-01	4.946573910029912e-01	7.327465782278945e-01	7.181600612759971e-01	5.234363803542939e-01 
14859	5.231138226008825e-01	3.590955626808289e-01	4.120870698952312e-01	4.998151341526659e-01	2.228625372631218e-01	4.066569139839435e-01 
14860	3.923548294577252e-01	3.172175887520821e-01	2.569674671838514e-01	3.488895939582746e-01	3.039205732120097e-01	2.159010761260255e-01 
14861	7.949921026280344e-01	6.488364717809356e-01	6.459024406775913e-01	6.674621375657399e-01	6.990823826092731e-01	5.100883329332272e-01 
14862	4.056082200183230e-01	3.145258600125713e-01	5.576587972621783e-01	2.783984002249658e-01	4.944861455745416e-01	4.159146673290519e-01 
14863	3.314428394117232e-01	2.929608848791116e-01	3.905302142837106e-01	4.823741832409541e-01	2.553970886985804e-01	3.866103164832718e-01 
14864	5.555126439618677e-01	5.294597143824533e-01	5.768205340381316e-01	5.266719590725486e-01	5.686897896929197e-01	7.557282045671792e-01 
14865	8.359015592349711e-01	5.992269173487088e-01	7.738870403260948e-01	6.481275994273323e-01	7.599259437608233e-01	6.127454759472889e-01 
14866	3.382045856948282e-01	4.525246413625591e-01	4.584212788059146e-01	4.819539887539701e-01	3.799089209934718e-01	4.204234568396288e-01 
14867	3.583053225292220e-01	7.790984021196279e-01	3.174964929989549e-01	7.222712840208039e-01	3.699175207209671e-01	3.880632833359911e-01 
14868	7.860362089735444e-01	9.154464218220543e-01	7.850498003668559e-01	8.281637318592792e-01	8.307753732028006e-01	8.338146292081376e-01 
14869	7.022204714420588e-01	4.379477458541200e-01	3.423757254757678e-01	5.414487215145960e-01	5.993606523414420e-01	4.025768384527265e-01 
14870	5.041951891232178e-01	4.884983980241232e-01	4.403800071841794e-01	4.449162066150689e-01	6.404438233927672e-01	3.122289227268286e-01 
14871	4.883173774389080e-01	4.529286271626386e-01	4.803263588655480e-01	3.648435138858734e-01	5.642338786481149e-01	4.620568140527190e-01 
14872	2.087958292767499e-01	5.632823742918577e-01	5.710782377795734e-01	2.419019531351334e-01	6.489385388247897e-01	2.710003408341191e-01 
14873	5.991370364416831e-01	5.921614734309768e-01	4.591024347513286e-01	3.755689186388022e-01	5.125860680856373e-01	5.696051130089915e-01 
14874	5.516680455528853e-01	4.283900180642828e-01	6.044992131329134e-01	5.771499088609064e-01	6.418429819416251e-01	5.973209339352207e-01 
14875	4.552223196819584e-01	7.219852845657861e-01	5.105372923301598e-01	4.643010136499185e-01	6.893907706206357e-01	5.961893333532692e-01 
14876	3.262404238427637e-01	4.424450005534756e-01	3.548404788050220e-01	4.572345718047476e-01	3.185234906123930e-01	4.796761159342002e-01 
14877	7.369806745277221e-01	7.266827265435217e-01	5.917268406169818e-01	7.224860197904739e-01	5.625450183609306e-01	7.523184675750805e-01 
14878	4.100707819257600e-01	7.204078971375388e-01	5.246360411651938e-01	3.859073993737092e-01	6.325759157465888e-01	5.435841628260574e-01 
14879	4.775923032753014e-01	7.626295985498648e-01	4.896370241339471e-01	7.514140381308736e-01	6.175176652843837e-01	5.966511166367461e-01 
14880	4.073333355890369e-01	3.140773196079769e-01	3.691381308193821e-01	4.711599543254075e-01	4.447038625160155e-01	3.005638320598250e-01 
14881	7.217662667474073e-01	8.238127831591557e-01	6.933966480396876e-01	8.901627853049511e-01	6.765303779333458e-01	8.569505529319975e-01 
14882	6.370478708243391e-01	6.667994098990464e-01	7.412804974647299e-01	6.136433191607601e-01	7.262252370131991e-01	7.612685880455057e-01 
14883	3.864306473442171e-01	4.493781329581530e-01	5.753766343390209e-01	4.306244781829032e-01	4.361216732436548e-01	4.236494406627623e-01 
14884	2.369527418378073e-01	3.661601033794269e-01	1.945378421996754e-01	2.801045274443670e-01	3.751042545642091e-01	2.889736147172033e-01 
14885	1.869526761201248e-01	5.142046495930354e-01	2.675742205924669e-01	2.390193892779536e-01	3.969621092722264e-01	2.981088256196515e-01 
14886	5.972053955840488e-01	5.602166846050494e-01	5.337736557863416e-01	5.672644147953405e-01	4.924015254431228e-01	4.189307766922584e-01 
14887	5.006060669963741e-01	6.667030413363486e-01	6.580098964328316e-01	4.704733406986067e-01	5.979042008752182e-01	4.693348141504171e-01 
14888	4.561109515939928e-01	4.164388510693358e-01	5.052723876143428e-01	3.742499626205469e-01	5.323247247560415e-01	4.917548748065587e-01 
14889	4.318901005782802e-01	5.835694734534173e-01	5.199917299546123e-01	5.604832914418438e-01	5.592143965564723e-01	3.571144518077350e-01 
14890	5.917571415096540e-01	4.872766058638713e-01	6.930207954810219e-01	5.594901905460202e-01	6.386623080011784e-01	5.397521271022271e-01 
14891	7.076208101171142e-01	5.285982114294376e-01	4.562256313111167e-01	4.864429279477487e-01	4.648904569127520e-01	2.820456055852243e-01 
14892	7.080309107678640e-01	7.914712723466106e-01	6.723585762530597e-01	6.948375904223086e-01	6.702948626858077e-01	7.234036207115024e-01 
14893	7.862562776074976e-01	5.046960522275670e-01	5.711678587744446e-01	5.005335702588067e-01	6.202979477785064e-01	4.610641448042689e-01 
14894	3.471373889673963e-01	2.270822780606645e-01	2.398765127498892e-01	3.228751840331874e-01	2.071347720570245e-01	2.560864159124202e-01 
14895	7.706730239572619e-01	8.101288945977099e-01	8.652603765936714e-01	7.007142852843342e-01	8.522761006537727e-01	8.016961434280480e-01 
14896	6.989073999647242e-01	3.818910117677071e-01	3.088764898353306e-01	7.413554031666814e-01	4.357328334084856e-01	3.145617574594075e-01 
14897	4.612431664456821e-01	2.938035833087655e-01	4.705239284064018e-01	4.434592035812961e-01	3.761373224644777e-01	4.441282064792206e-01 
14898	3.843046976922078e-01	3.697657680920769e-01	5.550281963159809e-01	4.047179506602254e-01	5.096912142486481e-01	6.158682751177049e-01 
14899	7.926686866006313e-01	6.990736717116780e-01	7.117462142202174e-01	7.416058273679407e-01	6.829232556209488e-01	7.134393795644488e-01 
14900	6.698663934095057e-01	5.719112613699457e-01	6.278908369416375e-01	4.875458282114054e-01	5.980345508978038e-01	3.834412402753531e-01 
14901	4.085948824103752e-01	5.717946821538120e-01	4.304332085417216e-01	5.320403079234828e-01	4.801518491659851e-01	5.752117627038587e-01 
14902	5.061498202840387e-01	6.184296827047571e-01	3.334772269276168e-01	4.575243432622024e-01	3.381798207810336e-01	5.540508476680165e-01 
14903	3.601215515374354e-01	3.632941844422029e-01	4.199368728411376e-01	4.523637312488921e-01	3.438846141083476e-01	4.276528799090387e-01 
14904	5.777338304792166e-01	6.156207158155905e-01	3.865981012973396e-01	6.867203977345417e-01	6.475995707996154e-01	5.651103879948910e-01 
14905	2.346229098220675e-01	4.500057461635836e-01	1.647273798646229e-01	3.331260529649236e-01	2.350774148583513e-01	3.211538230687245e-01 
14906	4.507919254039205e-01	5.207736041106804e-01	3.858906218780776e-01	5.758140679130790e-01	5.270747911156128e-01	4.742102057748813e-01 
14907	6.501464624162487e-01	3.493580882500006e-01	6.399346305727973e-01	4.512637013386963e-01	5.369133161736608e-01	3.931818813934178e-01 
14908	2.633592216621061e-01	3.176466007647027e-01	2.069035844257886e-01	2.630172621021081e-01	2.188667527607779e-01	1.881283479677292e-01 
14909	6.766261257776141e-01	7.025962287408938e-01	5.875185140421451e-01	6.417268651884762e-01	6.358255040650604e-01	6.578846831709287e-01 
14910	4.959164742332959e-01	5.434048693803150e-01	6.842757973999527e-01	4.997822545284800e-01	5.338382180843098e-01	7.193051428703345e-01 
14911	5.815493990118392e-01	6.945032281217932e-01	6.307037312250178e-01	6.761429901965872e-01	5.925899393188346e-01	7.987934080257773e-01 
14912	6.575681959612324e-01	2.007150299436987e-01	5.999469825386973e-01	5.086038410715699e-01	6.499859506044564e-01	4.227463016394759e-01 
14913	3.473686559810670e-01	2.997891105624987e-01	4.664003433478059e-01	4.114010240267119e-01	3.453934500996320e-01	6.740223720538361e-01 
14914	3.179099777289097e-01	4.182278577068616e-01	3.062279268580481e-01	3.790329563342519e-01	2.859100895517218e-01	3.837062345997155e-01 
14915	4.749671108374839e-01	6.269533732468853e-01	2.963200737139356e-01	4.904294819218788e-01	3.978961568149940e-01	4.028852100300616e-01 
14916	3.940161643719542e-01	4.630522061490857e-01	3.473879906440864e-01	5.934758633383757e-01	3.274328158527169e-01	2.943668208196249e-01 
14917	5.662300055268956e-01	5.425810533740265e-01	5.424619895925522e-01	2.892002966437563e-01	6.032055614304330e-01	3.515250376791813e-01 
14918	5.680802824267088e-01	6.564903629035460e-01	5.455641344959110e-01	7.007584062768786e-01	3.286244213216816e-01	7.462781264042074e-01 
14919	2.957924781471604e-01	3.668208801893771e-01	4.726355843079543e-01	2.689211951905364e-01	4.311685865014930e-01	5.111779953784578e-01 
14920	7.044375120858200e-01	6.395697735635302e-01	7.239754919056560e-01	7.676718011029364e-01	6.359405176844197e-01	6.885900908559452e-01 
14921	6.238165715414020e-01	7.562265985561281e-01	7.850552237149788e-01	7.098507655938709e-01	7.397255447040589e-01	8.191470562095823e-01 
14922	5.305787805768090e-01	7.267319109515116e-01	3.798377222626874e-01	5.186384588959240e-01	5.718462655760417e-01	4.021977968361097e-01 
14923	3.174285341940248e-01	2.941811437348291e-01	3.337917238594763e-01	4.156141967777101e-01	2.462711972447360e-01	2.163955039222377e-01 
14924	3.157082393557652e-01	5.828437967871604e-01	2.724069073945666e-01	5.183889518764955e-01	3.453728702470012e-01	1.888588521259683e-01 
14925	3.978061944335557e-01	4.655118284764537e-01	2.508779453960849e-01	4.335214064840238e-01	3.442511430438805e-01	2.465318225134125e-01 
14926	4.056419736210294e-01	5.252839297049939e-01	5.285431060112178e-01	5.678030080493144e-01	2.361233749503973e-01	5.143973160421669e-01 
14927	3.474664493839951e-01	4.574393792351227e-01	6.226148028659747e-01	4.964679004454966e-01	3.747383656581565e-01	5.765792793062069e-01 
14928	4.675636844326131e-01	4.398723039906597e-01	3.025187794652638e-01	3.647169537144443e-01	5.102299194237774e-01	2.196102289069359e-01 
14929	6.094785398188797e-01	6.441276391789781e-01	7.233923524798920e-01	5.053813432550982e-01	6.676021995174031e-01	6.974822044847198e-01 
14930	8.394004317830588e-01	5.159878837999701e-01	6.777634317750977e-01	7.155756914394200e-01	5.972999894057806e-01	4.497601287298130e-01 
14931	5.668627671213816e-01	7.117245847227690e-01	6.387680364080588e-01	7.688283368466435e-01	6.020330121040909e-01	6.766395134579490e-01 
14932	3.991692899354288e-01	2.845916376498414e-01	2.865931963360404e-01	4.675416346640938e-01	3.966386626653162e-01	1.975643661352959e-01 
14933	5.988722805883013e-01	4.628296233418146e-01	4.168754341939456e-01	4.458059808014053e-01	4.903649270191606e-01	4.075072792449435e-01 
14934	3.135015751258950e-01	3.521381613982861e-01	4.731814619742889e-01	2.737759065902325e-01	2.948509453867282e-01	3.478686748304640e-01 
14935	5.509590130321006e-01	3.024460096651895e-01	6.305729688529688e-01	3.542082154131165e-01	5.760503382817710e-01	4.018343237685540e-01 
14936	2.325007249283193e-01	2.728285598643350e-01	2.572573576604039e-01	2.774230289967248e-01	3.357785846125044e-01	2.444412538856409e-01 
14937	4.881936642054447e-01	4.039766485061153e-01	3.655334626458451e-01	4.039989876359123e-01	3.857639913899282e-01	2.963754536966743e-01 
14938	3.218900109346928e-01	6.826330362802913e-01	3.436346744383331e-01	6.964469131415443e-01	3.292754667893229e-01	5.993772947735350e-01 
14939	3.076053500943825e-01	3.142725224253802e-01	3.125127043095445e-01	4.380116092608220e-01	4.324843936466090e-01	3.881100917764490e-01 
14940	4.980571891646729e-01	4.595920074244578e-01	5.602992997540616e-01	4.803982606448221e-01	3.760946880216979e-01	6.601336480782963e-01 
14941	1.939397252749802e-01	3.036861173404338e-01	2.118844751891393e-01	3.046952317384562e-01	1.794976875360868e-01	3.216780290582006e-01 
14942	4.645854020677837e-01	7.700616304690832e-01	4.772004809167186e-01	5.996464912754212e-01	7.459023576778201e-01	5.702425171175485e-01 
14943	5.067500159055034e-01	4.776536511946204e-01	5.024185776246477e-01	5.842057031539931e-01	4.681168009875186e-01	4.170471508338964e-01 
14944	2.155239388977161e-01	4.142323140607150e-01	3.721957761919776e-01	4.168108436067900e-01	3.516328663739611e-01	4.062900137638891e-01 
14945	3.526440012127604e-01	2.554331351130706e-01	3.721668768468762e-01	2.047278864516706e-01	2.791091859197740e-01	2.603351209183505e-01 
14946	4.684273673794025e-01	4.038246561901727e-01	5.760885870665928e-01	3.494825882478611e-01	3.742986281343667e-01	4.599366265564082e-01 
14947	3.965656634003540e-01	4.780841887390626e-01	3.821305952300713e-01	4.233093239867158e-01	3.599464271309605e-01	4.149474962035735e-01 
14948	4.705803245287201e-01	3.996051649674464e-01	3.240815417807485e-01	4.920606752940332e-01	3.575763764465940e-01	5.291058212576445e-01 
14949	2.943245608737196e-01	6.078059662744602e-01	3.226236904850979e-01	5.773458886657969e-01	5.456564553408438e-01	4.874818470463195e-01 
14950	4.234426104710426e-01	4.160305157085176e-01	4.130067759649990e-01	1.790602284921045e-01	4.418603124910155e-01	4.065924005151480e-01 
14951	6.972285478634797e-01	4.770286500981508e-01	5.996910748834746e-01	4.280658137405157e-01	4.559103444860053e-01	4.834529072024659e-01 
14952	4.662298093455813e-01	6.595932679067475e-01	5.225875122480153e-01	6.393135322771613e-01	5.027380637524798e-01	6.509477629575058e-01 
14953	4.021204653825820e-01	2.766096046873436e-01	4.065799338525132e-01	2.146400041124302e-01	4.615572148913760e-01	3.911455776936611e-01 
14954	4.188384715169274e-01	5.459269445725752e-01	2.988985510692599e-01	4.876489639203147e-01	6.091206802380239e-01	5.257584198346034e-01 
14955	6.136350416143922e-01	5.419824346721374e-01	5.170609006599203e-01	5.210851066395927e-01	3.538497108297975e-01	3.935071483738995e-01 
14956	6.179388067080760e-01	6.087796957168390e-01	4.279619833281000e-01	5.805638065003492e-01	5.801102501235629e-01	5.945111370332965e-01 
14957	5.194838919189679e-01	5.215798769888069e-01	4.694577418863612e-01	4.397298682634871e-01	4.232614540174998e-01	4.887425333798279e-01 
14958	6.869669913906795e-01	7.374801750877148e-01	4.441270753410386e-01	6.288294011215113e-01	6.689199517338769e-01	5.762244676713779e-01 
14959	6.222634734861847e-01	4.844370614286655e-01	6.772820802760160e-01	6.848575927282561e-01	5.152715398377965e-01	5.945873984443095e-01 
14960	4.337633482007556e-01	6.279418895374719e-01	5.124461229408321e-01	6.009897840682190e-01	4.775839666015824e-01	5.890839747065453e-01 
14961	6.606328590258610e-01	6.909208699058029e-01	6.550866166402447e-01	7.432287390636620e-01	5.837774413457261e-01	6.825028035134577e-01 
14962	3.473992526088541e-01	5.320792867355946e-01	2.341403331489091e-01	4.424763913950291e-01	3.567901751130944e-01	4.376544941205335e-01 
14963	8.007280898274812e-01	4.405400629371277e-01	6.657483386012507e-01	6.670382230012133e-01	6.262210677284410e-01	4.379282316647831e-01 
14964	3.515932658352786e-01	5.925099674531134e-01	2.939462496283316e-01	5.002099084941471e-01	4.198922574766753e-01	4.409302960656769e-01 
14965	4.067532908549676e-01	5.042957924984767e-01	5.346690399386571e-01	7.264670842648491e-01	4.324543144316206e-01	6.404287688620738e-01 
14966	3.801635223912311e-01	3.133615103985453e-01	2.002040383136412e-01	2.917302510906914e-01	4.850161299255679e-01	2.546119452978829e-01 
14967	3.416721962549072e-01	3.362975562512628e-01	2.962845704233979e-01	3.386789581800499e-01	3.673648925888243e-01	2.799001979541638e-01 
14968	7.220297848476785e-01	7.076650151456435e-01	6.852698837070096e-01	7.767949619796118e-01	5.678579014074882e-01	7.359879401007091e-01 
14969	5.719801484878241e-01	2.363389147822300e-01	7.762044167367421e-01	5.351637521076078e-01	6.044727841305091e-01	6.287994496205792e-01 
14970	4.658214254625732e-01	5.935231517902860e-01	6.591186417548325e-01	3.075836810324734e-01	6.677485240380741e-01	6.236938177851237e-01 
14971	6.894074264138113e-01	6.123482303180319e-01	5.544497066704173e-01	5.162173929351381e-01	5.846907154061312e-01	6.020768357950494e-01 
14972	4.793365293905595e-01	4.507110776579657e-01	7.486310244377884e-01	3.598672665728786e-01	5.122968387489997e-01	5.277228705414598e-01 
14973	5.368035911906446e-01	5.803766560647230e-01	4.558876508420423e-01	4.972230475716378e-01	5.914700402399724e-01	6.134456424746786e-01 
14974	5.136829467372204e-01	4.221652034404036e-01	4.011455204772967e-01	4.624517377892750e-01	6.150029680167840e-01	6.304692233236577e-01 
14975	6.246390357512288e-01	2.522778561710982e-01	7.838272724972368e-01	3.923125202631920e-01	4.813890781294674e-01	3.407191976406748e-01 
14976	5.646976395323315e-01	6.692927953504176e-01	4.612206902038650e-01	4.157544186473067e-01	7.014321080130628e-01	5.941649040236683e-01 
14977	3.791416019492767e-01	4.686001636979512e-01	2.663461229982745e-01	3.993578771352456e-01	4.946082364869023e-01	5.444340325807009e-01 
14978	3.261198525601829e-01	4.362075102819494e-01	5.261306852458445e-01	4.511540519204480e-01	3.713988869534680e-01	4.738680489062672e-01 
14979	6.081030832609304e-01	5.669505932005449e-01	6.324382167402769e-01	5.353882115797779e-01	6.225076633990291e-01	6.050240706761585e-01 
14980	4.595217874760322e-01	6.095154137933134e-01	5.414961558792715e-01	5.842042312471567e-01	6.393539975264247e-01	6.604151599072847e-01 
14981	5.451993202649297e-01	3.594874144275924e-01	2.819341644074044e-01	4.963145952283556e-01	4.147902789048747e-01	3.301760360698877e-01 
14982	4.988858169657602e-01	6.264042324159416e-01	5.792818424342323e-01	7.161437671889070e-01	4.845143090430596e-01	7.917700594452068e-01 
14983	4.057719064803955e-01	6.195723775187105e-01	4.223605465192064e-01	4.410322009252873e-01	6.001881839019227e-01	3.502391664263679e-01 
14984	7.760027858728700e-01	3.945299300121460e-01	6.850837400757877e-01	7.527616228237574e-01	5.930329662024743e-01	6.353680799717685e-01 
14985	4.806205202142175e-01	5.512399361078061e-01	5.819522406437663e-01	5.452878273750422e-01	5.162895427954103e-01	5.994261927335121e-01 
14986	2.936950698231391e-01	3.294639993129831e-01	3.524074165110733e-01	1.264475350187117e-01	3.989337019014869e-01	1.450630551808007e-01 
14987	5.368642210217451e-01	4.150216666571244e-01	7.198886087788368e-01	4.796418434227188e-01	5.008198900227031e-01	6.423082789147305e-01 
14988	5.022042686710656e-01	5.525760068873283e-01	5.429751422498645e-01	6.485020933209922e-01	5.623799719442955e-01	7.247272694823556e-01 
14989	3.085412334721574e-01	3.897899527346658e-01	5.318919044116674e-01	5.125795084855340e-01	5.316531104765054e-01	4.740395198222572e-01 
14990	6.457078682768582e-01	5.251766745978241e-01	7.345472589064300e-01	5.599458305526783e-01	6.005037231449024e-01	6.340464586864036e-01 
14991	5.094774064361981e-01	4.131341260719305e-01	4.936715999858693e-01	2.778145269133012e-01	4.393942981718594e-01	5.879246991503351e-01 
14992	7.991829392280231e-01	6.590285310290371e-01	7.819519160954576e-01	5.828634947204070e-01	7.831851795246527e-01	5.565052446019997e-01 
14993	5.451245287513033e-01	6.993997300576452e-01	4.543807829063619e-01	7.790466208042783e-01	5.115703357293975e-01	6.376136597484132e-01 
14994	4.370904742947734e-01	7.094865773200336e-01	4.545394760735825e-01	5.502071134054770e-01	4.303393522376244e-01	4.795265706419387e-01 
14995	6.311927932398367e-01	4.866364550755243e-01	4.478931551544697e-01	5.634361156195637e-01	6.393659526274039e-01	4.265216845531876e-01 
14996	7.082955068515598e-01	7.978707183628241e-01	7.963085266681151e-01	6.031187612325402e-01	7.874091843498034e-01	7.447178985979779e-01 
14997	8.512194677362204e-01	3.637208696993520e-01	5.323957597796662e-01	6.809429732675585e-01	4.486390996362055e-01	5.148562115743456e-01 
14998	5.499596860492242e-01	7.551844578574902e-01	4.081989660522941e-01	7.128351666540101e-01	5.450352893836925e-01	7.789387237543459e-01 
14999	3.426046103489374e-01	5.063268061486166e-01	4.841802736563364e-01	3.481294608826202e-01	5.486904881490826e-01	4.252011903311290e-01 
15000	2.830126023298399e-01	4.698165608574837e-01	4.679755657788321e-01	3.502577297896201e-01	4.020766947300542e-01	4.237490454956454e-01 
