77801	5.083513929688535e-01	5.724034555707620e-01	4.852335709981073e-01	4.797074580270994e-01	6.983432749036663e-01	4.790916297702456e-01 
77802	5.237777753090407e-01	6.736881942336184e-01	6.900248207781734e-01	5.131607077782826e-01	5.754195365862568e-01	7.564769626871080e-01 
77803	4.837184823373393e-01	3.875346222461221e-01	3.790115370513573e-01	4.405612642443712e-01	3.044980868025082e-01	4.440666244800071e-01 
77804	5.846812016947693e-01	3.607889701922983e-01	5.307382985193729e-01	4.577519418540079e-01	6.489429596750533e-01	3.792578453973910e-01 
77805	4.620099224595034e-01	5.601387555173267e-01	3.988209692083747e-01	4.493069363296990e-01	4.188896425476806e-01	3.327149509445811e-01 
77806	3.129635653908090e-01	2.473187448201788e-01	2.538508650870671e-01	3.116446108572698e-01	2.289288815660788e-01	3.518852689016183e-01 
77807	4.872240048760563e-01	4.485431536215045e-01	4.889901901965165e-01	4.965109027048429e-01	3.011441122254526e-01	4.999713421454713e-01 
77808	4.363138986664896e-01	5.076195132906030e-01	5.764298154175820e-01	3.281488370240027e-01	5.495245730170137e-01	3.548176985223560e-01 
77809	2.554219180553364e-01	3.523169387420446e-01	5.609084958957083e-01	1.695541956996174e-01	4.615129102357097e-01	4.493380623289178e-01 
77810	4.699446701272024e-01	6.381695341229217e-01	6.864765585261344e-01	6.743054110316645e-01	6.232750195339439e-01	5.080601643221103e-01 
77811	6.037457850694397e-01	4.045752523111492e-01	5.205743835142136e-01	4.926878169381588e-01	6.778242023244488e-01	3.871780354804399e-01 
77812	6.090494121633201e-01	3.706029255289521e-01	5.052735774123862e-01	2.807595087740560e-01	7.757117268437923e-01	4.349643875500126e-01 
77813	7.019370380828507e-01	5.013370837919953e-01	6.131685362344246e-01	6.961527908680325e-01	6.151033836063968e-01	6.640715994637398e-01 
77814	5.214046868641001e-01	4.788393245595625e-01	4.109233686335791e-01	6.709436648281975e-01	4.844500454266381e-01	5.707189669362469e-01 
77815	5.204624847843242e-01	6.092098637343766e-01	3.385827090076143e-01	3.881080387466802e-01	5.835845638115569e-01	5.188270979334304e-01 
77816	2.955619041148705e-01	4.945914325892712e-01	5.567934406932888e-01	4.374239230979105e-01	4.941296228505522e-01	6.078445667113768e-01 
77817	2.502416939039012e-01	4.925455871607636e-01	4.544360880596392e-01	3.218220437051451e-01	3.095425785779973e-01	3.930025858548171e-01 
77818	7.497676521104660e-01	5.406633428580763e-01	5.728225221995398e-01	5.253443767526798e-01	6.175965058014099e-01	6.005688894047512e-01 
77819	5.933253210139908e-01	5.770798773709899e-01	5.354767763454850e-01	6.007097258608308e-01	4.959250253361207e-01	5.629090877202334e-01 
77820	4.336114969977230e-01	3.594727063892237e-01	4.387071697227035e-01	3.467100732150755e-01	4.963901201838090e-01	2.917811921408818e-01 
77821	5.128359735459574e-01	2.627735008834166e-01	5.260425156108604e-01	3.748657954578206e-01	2.284440802485222e-01	5.143094284762282e-01 
77822	6.124969008489592e-01	5.850105068481877e-01	5.155324048363459e-01	5.151811856862111e-01	7.729641261717251e-01	5.865977342875413e-01 
77823	5.705007453606532e-01	4.429895870816113e-01	4.693805577268136e-01	4.074055932786538e-01	3.921249539246354e-01	4.227324867510601e-01 
77824	4.156579123035539e-01	4.916164871104709e-01	3.798771763880992e-01	4.754924812351661e-01	4.949925364421846e-01	4.396112342708056e-01 
77825	4.689478025993337e-01	5.279519340535772e-01	3.577986091892087e-01	3.024476027080090e-01	3.800621456563114e-01	4.658063215303426e-01 
77826	5.294791724826161e-01	5.535538483065632e-01	4.187953873731542e-01	2.730815903109506e-01	5.474818305467257e-01	3.753400224393461e-01 
77827	2.555268264697668e-01	4.312914802023269e-01	3.583777763916176e-01	5.154218284615997e-01	4.267608840613953e-01	3.923294541776743e-01 
77828	4.621012086565803e-01	3.518886667243046e-01	3.545673437207277e-01	3.743167636890842e-01	5.516897539055436e-01	4.493775322544328e-01 
77829	3.848500333250133e-01	4.729395129593349e-01	3.923050118246264e-01	4.121559335639637e-01	4.302299330563598e-01	4.591247721972608e-01 
77830	4.840960273841598e-01	6.483453649872322e-01	5.446372947666431e-01	4.388845091776896e-01	5.505987021821734e-01	7.859929721096915e-01 
77831	5.730953404315722e-01	5.678274957410450e-01	5.271512991393681e-01	6.566376009721271e-01	3.635708278783734e-01	6.051590026128071e-01 
77832	6.290323087615057e-01	4.314825818016958e-01	6.137850891557406e-01	5.659796266075834e-01	5.316558040131177e-01	5.151356743977022e-01 
77833	7.621107818819806e-01	7.201320869526173e-01	7.637841132473542e-01	7.578087745256713e-01	7.122343488460685e-01	7.107420238402542e-01 
77834	7.910113000561827e-01	6.008753332777528e-01	6.249127669743377e-01	6.954996206303634e-01	6.537411937679121e-01	5.107199965436195e-01 
77835	2.758583738452939e-01	3.884798201779352e-01	3.876218017030655e-01	3.855107141787646e-01	2.002201423416772e-01	4.823031357680185e-01 
77836	3.308728479391598e-01	1.695040852857176e-01	4.653548373402513e-01	1.832739676387895e-01	4.465692476450079e-01	2.245195771342581e-01 
77837	5.572375156585904e-01	7.275526648736300e-01	2.612567555397176e-01	6.128699602578285e-01	4.594267171048639e-01	3.903043658065355e-01 
77838	2.898665207069940e-01	3.007284386179814e-01	2.963359925771601e-01	2.884666602955241e-01	4.008599746336690e-01	4.349649493838680e-01 
77839	5.033541921409614e-01	5.281588975296292e-01	5.011505958975685e-01	5.624567140325356e-01	4.608587084056469e-01	5.949141895760076e-01 
77840	3.930451599726297e-01	4.847717980971516e-01	4.731772298624451e-01	4.959126376315861e-01	4.204082295371713e-01	3.933016424845135e-01 
77841	5.912848285987431e-01	3.380338902263316e-01	3.054672972057225e-01	5.039138672950441e-01	2.858579723265909e-01	3.955181776436668e-01 
77842	4.373512590287345e-01	4.163160050643371e-01	6.478192426330615e-01	2.872557022830573e-01	4.586399463581964e-01	3.289709748317928e-01 
77843	7.385347733558936e-01	4.708598665049488e-01	8.713194849201258e-01	6.135901887707926e-01	6.170069481922361e-01	7.049023876817587e-01 
77844	5.661483509204628e-01	3.270803438467844e-01	5.149818041755079e-01	5.054122088264252e-01	3.567452933771226e-01	4.414034636261133e-01 
77845	4.123221626374692e-01	4.240967091734577e-01	4.886561525683745e-01	2.744729559450211e-01	3.720125526184078e-01	2.951361852372151e-01 
77846	3.745290275718800e-01	7.670422386529872e-01	5.237849465785513e-01	5.375109600414449e-01	7.262358066375288e-01	6.755799473534179e-01 
77847	4.766402743409328e-01	4.508051164354053e-01	2.635239157331792e-01	4.108298652331344e-01	4.210355315962936e-01	2.353806468802032e-01 
77848	4.528760921634393e-01	2.761435184951709e-01	4.509155342730506e-01	4.369490759943999e-01	4.484051690185800e-01	3.974701246101168e-01 
77849	3.999900338031394e-01	3.920613643922986e-01	3.681004316508819e-01	4.600085538117654e-01	2.715528096174237e-01	3.408303130266838e-01 
77850	4.619790485745355e-01	6.013926150480448e-01	4.038688501328501e-01	3.717990465332459e-01	5.646261841531487e-01	3.217639966303782e-01 
77851	3.870326156114555e-01	2.887045002941436e-01	2.796074096887808e-01	3.139698375712746e-01	2.890534403774839e-01	2.113025589338987e-01 
77852	2.817622318668421e-01	5.595571912378365e-01	4.554275869109713e-01	4.622892299315941e-01	4.940841426398099e-01	4.304424506157453e-01 
77853	6.652911212015473e-01	4.939011728328725e-01	6.796721867940679e-01	3.094016861993445e-01	8.638782929433021e-01	3.039714280116902e-01 
77854	7.478050995269755e-01	6.865455619015464e-01	5.031890708798121e-01	7.704359561125027e-01	6.011372600815349e-01	5.387127066747821e-01 
77855	5.211453622448929e-01	7.046461310981322e-01	6.895801488696405e-01	4.852505600006097e-01	6.464525321205230e-01	6.788946294738880e-01 
77856	3.226850414195286e-01	4.939904467968931e-01	5.218826234439167e-01	4.132702347075172e-01	3.075659776205376e-01	4.457261594738960e-01 
77857	4.403381179050123e-01	3.700991483727928e-01	5.316855693263716e-01	2.767676498903707e-01	4.483462297840739e-01	2.647347984490450e-01 
77858	5.094285770600224e-01	4.255297911319504e-01	4.905792481253554e-01	4.987597862917480e-01	3.563051668669854e-01	5.270928974594311e-01 
77859	6.566090402534415e-01	5.658182629432326e-01	4.387260499063973e-01	6.332371549072784e-01	4.458557583219980e-01	4.386451382828514e-01 
77860	6.888351284265621e-01	4.653967438710727e-01	5.637106361226885e-01	5.815756856333798e-01	5.007234913723060e-01	5.704122872419374e-01 
77861	4.383261709922179e-01	3.437054023643832e-01	4.872253623259604e-01	2.587560421019230e-01	5.185584914169772e-01	3.353256116660417e-01 
77862	6.991067502414647e-01	7.225390647418279e-01	7.088272553744401e-01	6.678060364722265e-01	8.550837267474247e-01	7.589576826868318e-01 
77863	7.239707813603734e-01	4.052079987405461e-01	6.241344071672863e-01	6.140063922981849e-01	5.056759599876723e-01	4.969583854082359e-01 
77864	4.932626281269753e-01	5.329089086729253e-01	6.908224077252406e-01	6.154306094508949e-01	6.418217558648110e-01	6.474337471249136e-01 
77865	4.191438912579875e-01	3.641489739204627e-01	4.159487511933918e-01	2.741060333829010e-01	4.484906237061629e-01	3.288298616618016e-01 
77866	4.364134960018359e-01	2.812675711889643e-01	4.784587890103472e-01	2.860586427845389e-01	3.776804571070130e-01	4.136645355285898e-01 
77867	2.304158825366157e-01	6.241254718146201e-01	3.200822738575762e-01	4.738849328690043e-01	2.579964182507907e-01	5.585624103091217e-01 
77868	4.429242020619213e-01	5.504601108972944e-01	4.127996570419921e-01	6.336961272984867e-01	5.435852637771140e-01	4.998267507163946e-01 
77869	2.690419470465217e-01	3.884761492555582e-01	4.397349379422348e-01	2.963558542558901e-01	2.918937591439676e-01	4.731643258976287e-01 
77870	6.035158236623406e-01	6.198952836102052e-01	7.488854779041551e-01	6.861818582198709e-01	6.874142537357102e-01	6.323300939630865e-01 
77871	6.915307418709729e-01	7.735579032606905e-01	6.528744361402867e-01	8.059480039521385e-01	5.999149336685562e-01	7.161375713865589e-01 
77872	2.310015109664068e-01	2.901796987876682e-01	3.002877891226550e-01	1.954123623968372e-01	2.400593923394165e-01	3.215614942320731e-01 
77873	5.361230825280670e-01	4.442745033603677e-01	4.460803947011786e-01	6.997574017826089e-01	4.307336465945879e-01	5.704865795461429e-01 
77874	3.364345082099969e-01	5.107821750661812e-01	5.112574294701847e-01	4.114522816478616e-01	4.583138254906664e-01	7.104001370817019e-01 
77875	4.081320082850922e-01	4.735801913934645e-01	3.936590780477991e-01	4.911178632638309e-01	5.958973250320900e-01	4.266088189322729e-01 
77876	7.427143698290967e-01	5.747832880073573e-01	7.367697942763097e-01	5.272539259176419e-01	5.993399553775212e-01	6.429843314806220e-01 
77877	6.796408572785022e-01	5.099249938818682e-01	7.692182006158806e-01	5.372940043674266e-01	6.012687023913144e-01	6.279826744392649e-01 
77878	5.565484280530391e-01	4.913836676075811e-01	4.021881835526037e-01	7.404368055835751e-01	4.924504964194836e-01	5.643184194924902e-01 
77879	4.579272994311097e-01	4.703643747391055e-01	6.920297521812088e-01	4.300319053080022e-01	5.142027305012413e-01	6.474909015664565e-01 
77880	3.345198721726625e-01	3.469388139316156e-01	3.618615788878474e-01	3.536040312064928e-01	2.914620110048528e-01	3.357257339160670e-01 
77881	4.575423731394809e-01	3.082458385277136e-01	4.833471427520652e-01	4.969278985657936e-01	5.327990022536959e-01	2.914874574172936e-01 
77882	5.100399794845971e-01	4.264778316364781e-01	4.596877456964704e-01	4.456484424174896e-01	4.697900568790250e-01	5.937386217545926e-01 
77883	8.353290903873216e-01	7.328361424063867e-01	6.182645841705556e-01	7.188058126955140e-01	6.542212585729548e-01	6.213016514386994e-01 
77884	5.511751060576928e-01	2.943204914838000e-01	3.058624711212136e-01	5.443552733411192e-01	2.522981272867189e-01	5.318404166316395e-01 
77885	5.665256832118504e-01	4.513407989197946e-01	5.534633534248165e-01	4.836174095680492e-01	5.420686273827456e-01	6.527425285633530e-01 
77886	4.897872547584643e-01	4.372507292523035e-01	5.564946063569208e-01	6.200107477263102e-01	3.388750618773548e-01	6.335908260956424e-01 
77887	7.329685181089376e-01	7.895649506439335e-01	7.369840157721899e-01	7.998833745778634e-01	6.452992708978845e-01	7.833375202342054e-01 
77888	7.577856549585080e-01	5.856429020076267e-01	6.604752165009652e-01	7.350625274232625e-01	6.062294536426402e-01	6.620249914883525e-01 
77889	5.601257056199400e-01	7.791083752170156e-01	6.730718614881084e-01	6.281050914491534e-01	6.936042582444617e-01	8.185280656258045e-01 
77890	6.932469796778862e-01	8.348787512375404e-01	6.710722184303483e-01	7.437917453792451e-01	8.095309069334178e-01	8.002175822426203e-01 
77891	2.761406828744262e-01	4.884395221519134e-01	2.459773494617056e-01	3.831774783471400e-01	2.746359098918467e-01	3.365689295811084e-01 
77892	5.280847700482784e-01	4.473120851405071e-01	4.965491224415725e-01	2.888326410134470e-01	4.407960412609863e-01	5.838980627193919e-01 
77893	3.836019774717092e-01	3.129627970158745e-01	3.595269379895850e-01	2.741513305137803e-01	4.194760125013002e-01	3.807226549213900e-01 
77894	4.261630689539603e-01	4.951007672504885e-01	3.862784861517111e-01	3.915085870539731e-01	5.685836936371775e-01	1.993298664614068e-01 
77895	7.428564345302334e-01	7.825374186571166e-01	6.848390004038010e-01	7.394686317234613e-01	7.294976024547958e-01	7.108206691540299e-01 
77896	3.383011651172357e-01	3.219046805745071e-01	4.313611646828874e-01	3.773218112394568e-01	5.152330003928733e-01	4.934746651340659e-01 
77897	4.990219983404588e-01	6.230744060459763e-01	3.863393497629830e-01	5.065360873856655e-01	4.860442918707889e-01	6.084229532797549e-01 
77898	5.334147340714734e-01	5.821972819804725e-01	4.810504462747908e-01	5.367304387217487e-01	5.805984785162304e-01	5.716290682821691e-01 
77899	6.466983269348667e-01	6.761395949234905e-01	6.461862123942629e-01	5.704432398867101e-01	6.157526869305286e-01	6.278660263838259e-01 
77900	4.536996238112961e-01	5.998044390955304e-01	5.572445734216975e-01	5.462822505467280e-01	6.940189550074926e-01	6.112969906004918e-01 
77901	5.955598890910515e-01	5.053272053648434e-01	4.403061195178242e-01	4.742998453799117e-01	5.590581128855190e-01	4.015758017326335e-01 
77902	2.500072643967332e-01	6.147779392932922e-01	4.715455167689861e-01	4.926810347648495e-01	5.511303630498596e-01	5.479596182793400e-01 
77903	6.365811592037298e-01	5.760280908427009e-01	6.960419618018963e-01	5.547930765945821e-01	6.675670935229566e-01	5.164267421578336e-01 
77904	4.919505528471406e-01	4.964423525431458e-01	6.556050261221672e-01	3.650980617097486e-01	5.899062227802799e-01	5.703264173065470e-01 
77905	4.084868654211643e-01	6.097943849559864e-01	7.219163630639349e-01	4.695540327858278e-01	5.210958039382005e-01	7.696020412670320e-01 
77906	6.591067214235061e-01	6.531228134707296e-01	6.569673045496101e-01	7.002754922373526e-01	5.973535549735528e-01	6.299502865609689e-01 
77907	3.287454330620646e-01	5.439475134024789e-01	6.293381528297359e-01	5.266693658482338e-01	4.053838188809092e-01	5.050757271913222e-01 
77908	6.076813407658812e-01	3.989794060551882e-01	3.995973761002324e-01	5.227170441169068e-01	5.173654946735664e-01	2.820161638151952e-01 
77909	5.417174153599180e-01	4.173821702839271e-01	4.274030806777804e-01	7.045508243112604e-01	5.470444678401623e-01	5.204237813667707e-01 
77910	6.030425372034193e-01	6.841065439071102e-01	5.484909531000273e-01	8.449834193835357e-01	6.612046972128101e-01	6.662456564252137e-01 
77911	3.961332595413370e-01	4.304993637404799e-01	3.607512080395633e-01	3.336221330122116e-01	4.596743650129505e-01	4.167829594623808e-01 
77912	3.860707928924482e-01	2.883993359118313e-01	2.448727835913003e-01	4.322906394126934e-01	3.438254711721870e-01	2.360372567674622e-01 
77913	5.464128831037202e-01	5.643218043079170e-01	6.161363066709102e-01	3.759500004566270e-01	8.134769735381793e-01	3.258754699958628e-01 
77914	2.464398501886604e-01	2.622800941436142e-01	3.328421264873864e-01	2.554512181047861e-01	2.362431415929434e-01	2.380818088745670e-01 
77915	6.966732360213598e-01	4.182974931687226e-01	4.713879444464436e-01	4.599759850061253e-01	5.127047112933367e-01	4.819029674470349e-01 
77916	7.061014253983469e-01	4.894024954046353e-01	4.855915550944193e-01	6.861591088769401e-01	3.851597277559071e-01	6.216805464095552e-01 
77917	4.422696780758822e-01	3.400225907771643e-01	4.524235894977174e-01	5.346510804741682e-01	6.027885197171788e-01	4.952758979677713e-01 
77918	6.605295523651330e-01	7.011780494399089e-01	6.665008094942215e-01	7.066270718133235e-01	7.544417094300145e-01	8.191324160358993e-01 
77919	3.122575349517667e-01	5.584509942440841e-01	4.599428654308529e-01	6.246129372406479e-01	5.549272163692132e-01	4.133361199580601e-01 
77920	5.707068062429339e-01	6.563149936808906e-01	4.080263280692255e-01	6.083681704153391e-01	5.095024623297457e-01	3.746571015426924e-01 
77921	4.448793540157147e-01	6.878144604335279e-01	4.649319687744504e-01	4.690027909615327e-01	5.640143559994868e-01	5.807736152377636e-01 
77922	3.764757330814307e-01	4.755332981093717e-01	3.421453001987050e-01	3.028670152380805e-01	3.404535466151726e-01	3.894535817101387e-01 
77923	4.976444196805532e-01	7.594554585535216e-01	5.539708670624008e-01	4.733683630438414e-01	8.195495060581587e-01	4.313849888446136e-01 
77924	5.847800200160439e-01	6.397037345630964e-01	5.671638855985749e-01	8.078856084118525e-01	5.791527678786077e-01	6.488181451968100e-01 
77925	2.513466040759279e-01	3.670074149381108e-01	4.295779604592081e-01	3.923257540547451e-01	5.506891559142868e-01	4.530569786812398e-01 
77926	6.299307574318564e-01	7.001781291649227e-01	5.446001591485311e-01	5.326766718070691e-01	7.050930983798336e-01	6.595125164888627e-01 
77927	3.341225282380712e-01	3.971938153702806e-01	3.120902608271864e-01	4.672421684594605e-01	4.983863488224606e-01	4.937908339113427e-01 
77928	4.175076396245814e-01	5.755082585575235e-01	5.136697582231515e-01	6.096080701790579e-01	4.994988277107342e-01	5.151074860348044e-01 
77929	4.514331313608568e-01	4.757988363590313e-01	6.177650648819759e-01	6.609799111882122e-01	5.643820175848464e-01	6.699113858851420e-01 
77930	3.860028979217359e-01	5.085231472288443e-01	3.918440515659993e-01	4.707087295361035e-01	3.551203248222735e-01	4.986041366857724e-01 
77931	6.326870343124806e-01	7.017194199741098e-01	5.027074259658197e-01	8.530738838270276e-01	5.357615804996803e-01	6.146122422444575e-01 
77932	6.136076806118401e-01	6.609596064152351e-01	4.655556733514729e-01	5.802692971093429e-01	5.359733782796371e-01	3.227069641739047e-01 
77933	4.310756176789072e-01	4.899932513123053e-01	6.659625575325674e-01	6.290678525244877e-01	3.219631675623861e-01	4.134928249997566e-01 
77934	6.621261462681541e-01	6.038799588970969e-01	7.207593101605987e-01	5.313443967748561e-01	6.759536936006348e-01	4.970326137374674e-01 
77935	6.445958988138694e-01	6.722496688850849e-01	6.154382801789469e-01	4.631024496602535e-01	5.370436179806637e-01	4.626319631526151e-01 
77936	5.843379602540832e-01	3.380034736458419e-01	5.855739087219900e-01	4.316225790727340e-01	4.656395703991671e-01	4.824516917944460e-01 
77937	6.364179940437629e-01	6.081109435161538e-01	6.639443465788697e-01	4.985072054171889e-01	4.544346885078589e-01	6.581574270913753e-01 
77938	5.171497994214564e-01	2.483995657161123e-01	6.449135148653358e-01	2.188072075407799e-01	4.417149405378246e-01	6.954327131195719e-01 
77939	5.380157858194365e-01	4.882208607123897e-01	7.928457905081877e-01	5.366136557560249e-01	5.297842023663347e-01	4.866331600978513e-01 
77940	7.925946778889199e-01	7.183971401130955e-01	7.127613475541636e-01	5.671730966383197e-01	5.974452595936137e-01	6.757119692281055e-01 
77941	3.887629754411514e-01	3.328154428779013e-01	3.202798241018708e-01	4.976254726554705e-01	2.888155533519508e-01	3.900580548765715e-01 
77942	7.143002893775315e-01	4.768006540817067e-01	5.763898154319779e-01	3.524800361663036e-01	5.091396293099415e-01	4.920181292135571e-01 
77943	3.428247489760638e-01	4.538131631702819e-01	3.871468445772925e-01	5.543968889098618e-01	3.240719387351346e-01	4.376952098863746e-01 
77944	5.877886050555620e-01	3.514939510484789e-01	3.810033706807587e-01	3.940767300105199e-01	3.291573238233768e-01	3.110937465050659e-01 
77945	5.459258766248648e-01	3.962759228646987e-01	4.079903268684964e-01	5.838631352273647e-01	6.119072310796124e-01	5.678413252785416e-01 
77946	2.764813270821452e-01	3.780831199023450e-01	2.777181173975636e-01	3.765869180799351e-01	3.258876562511442e-01	3.279309380450129e-01 
77947	2.888803809919171e-01	1.466383349082602e-01	2.629926117712794e-01	3.451283162083882e-01	1.643336021341084e-01	3.242578448242437e-01 
77948	5.574646775145575e-01	6.588322037473278e-01	4.570369373638501e-01	4.300866473199957e-01	7.003039707635056e-01	5.487067238527039e-01 
77949	5.966912798459869e-01	6.756470061583577e-01	6.641420542030851e-01	5.049619384001176e-01	6.713874060097735e-01	8.270035089064105e-01 
77950	7.771873658263559e-01	4.985440968192489e-01	5.106294263360139e-01	7.523524290673816e-01	6.504510509368531e-01	6.066656082935962e-01 
77951	6.395244255850101e-01	5.990444305278139e-01	5.801511271078676e-01	4.286864110884147e-01	5.746790333276102e-01	5.638220688686575e-01 
77952	5.241367655163720e-01	5.454809206710771e-01	4.576412573145640e-01	6.610286018142679e-01	4.157089277106819e-01	5.192677266188837e-01 
77953	8.582279229642691e-01	6.522520656222111e-01	6.501347266784174e-01	6.713312455361924e-01	8.153796726621230e-01	5.393969376539957e-01 
77954	6.465572186957586e-01	6.520628460142901e-01	5.610082759457264e-01	6.212241794427307e-01	7.453205712896607e-01	6.493888644044589e-01 
77955	2.942845373276743e-01	3.112302733790515e-01	4.289132045018780e-01	1.662936046768408e-01	4.027204294304423e-01	3.114781298178450e-01 
77956	3.927211930137729e-01	6.259143580606807e-01	4.564782900690219e-01	6.022650325376062e-01	5.417956170125728e-01	4.827085147046163e-01 
77957	2.936152297608822e-01	4.323120118329903e-01	6.265019977060857e-01	5.789697430547962e-01	4.127440642094050e-01	5.486530749236053e-01 
77958	5.380655167836523e-01	7.199260304691507e-01	5.963516704828917e-01	7.035317279680038e-01	5.622102506388293e-01	6.770533566757526e-01 
77959	3.421788749801351e-01	2.985872240453607e-01	4.093326729012106e-01	2.604771435562445e-01	3.910898111120629e-01	4.061720268256064e-01 
77960	5.507308699775636e-01	3.935660955343031e-01	5.309800471017477e-01	3.508802295676705e-01	4.802118253524592e-01	3.375681652045870e-01 
77961	2.877886289760172e-01	5.470298142300922e-01	4.457023361553920e-01	3.764264204924399e-01	5.071519103218378e-01	6.711125546513943e-01 
77962	1.681828815883476e-01	4.797604792360224e-01	2.603429504507140e-01	3.103455115807822e-01	3.385560596677583e-01	3.073381936556182e-01 
77963	2.742702053101959e-01	5.571892265495298e-01	2.880141597998667e-01	5.490773920561993e-01	5.259348400045127e-01	3.588929839181781e-01 
77964	6.967128108521353e-01	7.250522334234051e-01	6.293910948366784e-01	7.920531289185746e-01	7.218110446371999e-01	5.579165932166265e-01 
77965	6.222904348029339e-01	4.986100283697344e-01	6.744074682774910e-01	5.571019955966069e-01	4.186167845136575e-01	5.391757143954656e-01 
77966	4.222074552389966e-01	4.028782736273494e-01	4.487876588424448e-01	4.295262854910922e-01	3.782099737089800e-01	4.313304453422793e-01 
77967	5.120065598237000e-01	7.908515170894201e-01	4.127406524295396e-01	5.720484113176567e-01	8.008176932992594e-01	5.623084550255677e-01 
77968	6.762178137204687e-01	5.571990818055919e-01	5.591057845949037e-01	5.731298794295456e-01	3.595599218906966e-01	5.655286796718121e-01 
77969	6.666866416281390e-01	5.060467052020419e-01	6.697241955770322e-01	4.729886337189331e-01	6.122491868723955e-01	5.658515724953053e-01 
77970	3.687859814427266e-01	4.724490597173648e-01	3.797551815585480e-01	4.461430548106162e-01	4.651542320419539e-01	2.291068843205362e-01 
77971	3.197282597807078e-01	5.162659674673552e-01	5.631450010766224e-01	6.252626893344050e-01	5.649803817507700e-01	5.126435894978747e-01 
77972	3.549139449578119e-01	2.927777469397838e-01	2.639984971033262e-01	4.924690003816099e-01	1.898924877939073e-01	3.243585192202740e-01 
77973	6.352515021701608e-01	7.996794516910879e-01	8.000535375175071e-01	7.648942600361752e-01	7.013354639966318e-01	6.623398992335764e-01 
77974	2.739069606732678e-01	2.308245114197820e-01	3.682749309080288e-01	2.733981977398143e-01	2.914568494664009e-01	3.655177063279083e-01 
77975	7.615102554861746e-01	5.888123240915073e-01	8.108802109980421e-01	7.837159692964846e-01	7.118845500670377e-01	7.246296165206583e-01 
77976	6.187988588340551e-01	6.651279933973778e-01	7.817902594206938e-01	5.380430726658083e-01	6.867046053401196e-01	6.229491130462764e-01 
77977	6.971858875346151e-01	6.897636148672340e-01	5.059598093629996e-01	6.866293930998868e-01	6.457687682420741e-01	5.527624629945476e-01 
77978	7.865960749936874e-01	5.002904963329831e-01	8.445224084818828e-01	7.788428134505683e-01	4.456887135144356e-01	6.801560288663252e-01 
77979	2.022528433460980e-01	3.030797987497852e-01	3.081194167439708e-01	2.354337506983012e-01	2.529689865566269e-01	2.828607451640055e-01 
77980	8.014388505698868e-01	7.638726029833256e-01	6.099883853002629e-01	5.569567674588880e-01	7.680016482451582e-01	4.515177921915788e-01 
77981	3.468912102292999e-01	4.344343027987373e-01	4.540852061656650e-01	5.328813406705541e-01	3.873906535127575e-01	5.975705732125065e-01 
77982	5.937886647868192e-01	4.484721121473857e-01	4.010520405558068e-01	4.393902849363931e-01	5.961279804976471e-01	3.985657380632419e-01 
77983	5.314379208864475e-01	4.264230550613833e-01	4.813605428000282e-01	3.885203817372482e-01	6.460392529289659e-01	3.048625449144018e-01 
77984	4.796945956587439e-01	5.307408332529961e-01	4.733766673638896e-01	6.936770588095980e-01	6.029051705708640e-01	4.747249153054668e-01 
77985	5.788976563823172e-01	3.339156574962781e-01	4.709485305702012e-01	5.125829877500485e-01	3.251350259503183e-01	4.927558232925589e-01 
77986	4.371189710769864e-01	4.349356791945471e-01	3.267283117099611e-01	4.226642486476531e-01	6.166532151786661e-01	2.854337745902210e-01 
77987	2.281619731559913e-01	3.847703860080339e-01	3.288940751295577e-01	4.081641077705684e-01	4.070570608825105e-01	3.780900882787931e-01 
77988	5.418683762973248e-01	5.539487666112415e-01	3.713698842144815e-01	2.562271313310502e-01	4.700296577758404e-01	2.733772049221727e-01 
77989	5.589075966689405e-01	4.187943786289489e-01	6.139076670461593e-01	4.133419445102183e-01	5.814509976447791e-01	4.770643886676187e-01 
77990	5.996373845083343e-01	7.527173978555349e-01	5.498027641759438e-01	7.401851574439959e-01	4.627701122851479e-01	6.345262958699960e-01 
77991	4.569075681974167e-01	4.632094456897821e-01	3.797919247349391e-01	6.393472238929763e-01	4.418502419580619e-01	4.296947377997368e-01 
77992	3.467560240637126e-01	4.382681432730804e-01	3.808146688918628e-01	4.264726757998165e-01	4.617036952651916e-01	3.479616176316064e-01 
77993	7.131482854182952e-02	2.213512158412289e-01	2.981556038203094e-01	1.690863087639198e-01	2.460802269843115e-01	3.427612600994644e-01 
77994	5.444850961503219e-01	5.341989503083475e-01	5.612263357795457e-01	3.036723760042576e-01	8.152423627764906e-01	4.475576528937266e-01 
77995	6.067951400417670e-01	7.742779711383522e-01	7.848964463490014e-01	6.837412163630542e-01	7.475073134967982e-01	7.905070769740601e-01 
77996	6.783194074289588e-01	6.339017064450532e-01	6.844663681346407e-01	6.563843032452077e-01	6.893547456245028e-01	7.041878883465956e-01 
77997	7.034860183969601e-01	5.141534948593882e-01	6.780907056183759e-01	4.090354709737214e-01	6.723141061337292e-01	5.256450655124280e-01 
77998	4.881591271657931e-01	5.296425953606969e-01	5.518805335450055e-01	4.697766988422489e-01	7.174676891020899e-01	4.235267934486885e-01 
77999	6.833204747871782e-01	7.322519886191550e-01	5.365421883979741e-01	7.534637092030034e-01	5.301118378512819e-01	6.651846952075968e-01 
78000	6.007458127379148e-01	3.176364618598072e-01	5.891689387293506e-01	5.994017693160105e-01	3.789553126349740e-01	3.173356909612478e-01 
