23001	5.866485624226949e-01	3.786722797318405e-01	4.193422607511855e-01	3.772658602972373e-01	5.340581813994625e-01	3.402551955470500e-01 
23002	5.211635441103700e-01	2.916936290668666e-01	4.514069845180079e-01	4.398942787164647e-01	4.316272225440527e-01	5.097674463899574e-01 
23003	4.236203273882498e-01	6.285842743194919e-01	4.413969603787311e-01	4.928559606150093e-01	5.503234432442216e-01	5.456632907299328e-01 
23004	5.912347173746884e-01	2.031652504876551e-01	4.732911039943298e-01	4.094164496877672e-01	3.700045459701214e-01	2.993375010487881e-01 
23005	5.640288470441495e-01	4.305165284106320e-01	4.256615761467924e-01	3.456280767132289e-01	5.578249205184941e-01	3.233806183631618e-01 
23006	7.436372629242632e-01	4.844277293460131e-01	7.212762702825286e-01	6.029878789743843e-01	7.276373799021185e-01	5.992881092812752e-01 
23007	6.855499551551014e-01	6.202998612585662e-01	5.912402585760013e-01	7.035683916966349e-01	6.973896307145534e-01	5.722736652868188e-01 
23008	6.156116882220168e-01	6.215958537901998e-01	5.427825059723570e-01	7.613835163844100e-01	6.100052871937720e-01	5.769356891253392e-01 
23009	3.132836190973521e-01	5.063323212163041e-01	4.986948200661896e-01	4.079858492167461e-01	5.416415133445859e-01	3.500802581785363e-01 
23010	2.402250169755986e-01	2.176541170256046e-01	2.453102149214491e-01	2.583659691088376e-01	1.361207154909183e-01	3.088945707379370e-01 
23011	5.819698836127236e-01	5.998160269720016e-01	5.239202455675200e-01	7.755184693647728e-01	5.979910319389756e-01	5.682031789771762e-01 
23012	5.939246247212622e-01	6.099793342463071e-01	5.612604481958861e-01	5.792817996684880e-01	7.143737814549312e-01	4.023018579182714e-01 
23013	6.183511433318009e-01	2.811378886958006e-01	6.570730642546567e-01	4.822936008962926e-01	2.340933166877621e-01	4.675468018859920e-01 
23014	3.552543091376955e-01	4.911099275092499e-01	4.022226216976154e-01	3.462211342260191e-01	4.683102586382913e-01	4.553520559133328e-01 
23015	4.228925236312278e-01	3.220547690141338e-01	7.153142224126940e-01	3.665123626830582e-01	5.271321425402278e-01	2.971878215522301e-01 
23016	5.113875458171366e-01	4.349668378380298e-01	3.365901083947199e-01	5.557272588496873e-01	4.235728196261488e-01	3.993249338496466e-01 
23017	4.626023776019149e-01	5.886493499830001e-01	6.716899960830580e-01	4.341560721663265e-01	4.783908222534100e-01	5.919337651664156e-01 
23018	1.976686733537861e-01	3.543407065660867e-01	2.954191579258330e-01	2.462261049515271e-01	5.752615121424576e-01	3.134431109606936e-01 
23019	5.391953050257007e-01	6.987507705551541e-01	4.964922681739600e-01	6.477626802561331e-01	5.243231709079137e-01	6.386632357912919e-01 
23020	3.565395873415555e-01	5.302092668366538e-01	5.783980866676137e-01	4.802156567986677e-01	2.918635570067084e-01	6.019104690513424e-01 
23021	5.419806799973148e-01	7.053881412353957e-01	5.630110977224592e-01	6.936869437109185e-01	5.040705043926301e-01	8.000112395322780e-01 
23022	3.301815620366714e-01	3.218763873892986e-01	3.361207665069214e-01	4.029477039916840e-01	3.655210811287671e-01	2.607636508556527e-01 
23023	2.541283900534873e-01	3.448235771519217e-01	4.614996691805547e-01	3.525964270122383e-01	3.591892588446542e-01	3.511689255161049e-01 
23024	6.187932351274397e-01	5.877386646396774e-01	7.317038241162850e-01	6.918140269060017e-01	6.828832554771449e-01	6.874771174618581e-01 
23025	4.405527860049004e-01	3.509014314872561e-01	4.189930973938948e-01	3.783053336466401e-01	5.363055639511660e-01	3.252685126350883e-01 
23026	6.124733529038702e-01	2.639621039068379e-01	5.021650772113843e-01	4.818101922318411e-01	5.209818114861521e-01	4.620072858302592e-01 
23027	4.324893415540210e-01	3.639374016009523e-01	4.446736566064795e-01	5.263053138530277e-01	2.815507993106457e-01	4.368867969680732e-01 
23028	2.558286402069068e-01	2.884551500445802e-01	1.741703948948655e-01	4.244600719795149e-01	1.090120094920019e-01	2.204088160809000e-01 
23029	4.561767612097704e-01	3.926255060332188e-01	3.593240495915890e-01	5.067470122389721e-01	4.672038983373957e-01	5.610258449823218e-01 
23030	3.505693533894071e-01	8.098902033860786e-01	5.165815233587234e-01	4.635210662025088e-01	3.132365194421787e-01	4.560845730199876e-01 
23031	5.137978033874031e-01	5.873772670441560e-01	6.593921852421972e-01	7.349169972324874e-01	6.604716801040238e-01	7.500143092860641e-01 
23032	5.365184135516367e-01	4.467023320407730e-01	4.406783386457134e-01	6.028943694168134e-01	4.084720912478983e-01	5.619499831369928e-01 
23033	3.387990713556642e-01	5.776418415435129e-01	4.865715731943149e-01	5.225783882410078e-01	4.657353010404938e-01	3.854438537380614e-01 
23034	5.999735294857683e-01	4.525409713284668e-01	5.544885600310094e-01	3.384126316352136e-01	6.453702052248984e-01	4.540808728214413e-01 
23035	5.682208847570374e-01	6.146228289940880e-01	5.973703458521171e-01	5.651284097660283e-01	5.966563053004701e-01	5.728826962763336e-01 
23036	4.573448885863735e-01	4.535956007501422e-01	5.455655267003294e-01	6.430994308591436e-01	4.880569029852923e-01	5.696066963681783e-01 
23037	6.087724173855005e-01	3.627084833560312e-01	6.690080400891711e-01	2.932288080363233e-01	6.254779648858738e-01	5.683053698444086e-01 
23038	5.015307163131468e-01	7.038299552814302e-01	7.429421555190745e-01	4.723821069389196e-01	6.782092670775445e-01	6.213594041351730e-01 
23039	6.497844884099218e-01	4.598201276549533e-01	6.737339856300015e-01	4.723770134630043e-01	6.447906616930104e-01	4.520857058902930e-01 
23040	4.982697530553428e-01	7.357468345192286e-01	6.261521435090363e-01	7.195283235158155e-01	5.943776934821159e-01	7.614733832426015e-01 
23041	3.607669662087400e-01	5.379186152014632e-01	3.658872459220292e-01	6.526358491014665e-01	2.525690378174951e-01	5.795225648209651e-01 
23042	4.281630154025015e-01	3.761698729908220e-01	2.655095406022416e-01	3.600602553164368e-01	5.270785516346933e-01	2.931262373978970e-01 
23043	6.658313923506416e-01	5.172685774142722e-01	7.407477681754245e-01	5.726139842494995e-01	6.249725727947886e-01	6.498312456465197e-01 
23044	6.695302707114850e-01	1.937877943841174e-01	6.718743002104303e-01	4.384339649796463e-01	4.446965100758177e-01	6.023055556041188e-01 
23045	6.706326755484899e-01	4.253179821364557e-01	5.574495479062451e-01	5.943318509776091e-01	5.346463316384461e-01	3.698747544216913e-01 
23046	5.966479773564549e-01	6.285844473046025e-01	4.037899739811066e-01	3.733139438685562e-01	7.292555736658157e-01	2.207981538746006e-01 
23047	3.569728398703212e-01	5.879972940230216e-01	4.668760386785256e-01	3.965645969178155e-01	5.071310365760331e-01	6.290264670541763e-01 
23048	6.232376808658389e-01	4.614713573501246e-01	6.600262986730954e-01	4.862352135368062e-01	2.767063356479947e-01	6.811608047586231e-01 
23049	1.958454001145727e-01	3.948268326617150e-01	4.139418666003980e-01	3.209228740136718e-01	2.270961361240180e-01	4.672881397392631e-01 
23050	7.840406448636006e-01	7.980600257202596e-01	7.037304793869850e-01	8.435695756839544e-01	8.066098932607311e-01	7.585820389069301e-01 
23051	3.425724316064307e-01	3.579054541105303e-01	5.368861172401327e-01	4.329306731336313e-01	2.186265071097986e-01	5.413529789756690e-01 
23052	5.025970380479998e-01	6.151393701684277e-01	4.400901532302791e-01	5.334347210484401e-01	4.803595685075789e-01	4.315249764448720e-01 
23053	4.001655670676679e-01	4.715989077107356e-01	3.926661597908741e-01	4.291788151776108e-01	4.630017402590288e-01	4.229752826262535e-01 
23054	4.460841828806553e-01	4.267033428883827e-01	4.747154029712897e-01	5.397328972793471e-01	2.871420944042993e-01	4.444913267791924e-01 
23055	3.645177268085624e-01	8.374721120174240e-01	3.634552291791313e-01	4.555587303442363e-01	4.647181517523086e-01	4.128892093806611e-01 
23056	8.345012317722588e-01	6.953413427904221e-01	8.673948077233982e-01	8.762743847283425e-01	7.811719976026374e-01	8.274208081680768e-01 
23057	2.067299464853768e-01	4.013514969005724e-01	2.412945762579007e-01	2.232744103155877e-01	1.668312601965183e-01	3.049699454284898e-01 
23058	6.636336578855744e-01	4.897315915271571e-01	6.649438585861153e-01	3.841797132336878e-01	6.643099087912449e-01	5.340574269963538e-01 
23059	6.419178749182509e-01	7.329800037953690e-01	6.549526013792180e-01	5.618912703295245e-01	8.331850713158847e-01	5.591992469060371e-01 
23060	3.488804408490419e-01	3.849550377062129e-01	2.572573419881751e-01	3.785126866837787e-01	3.270836168481755e-01	3.177520126677634e-01 
23061	2.493668608998491e-01	2.847248911037251e-01	2.848102897677804e-01	2.880727983055914e-01	4.414355699964754e-01	3.479397836470525e-01 
23062	6.234202581255088e-01	4.819261337840119e-01	3.237611982670917e-01	6.351010872853324e-01	7.666959462455832e-01	4.017827779861060e-01 
23063	5.824097596800888e-01	5.676779628756305e-01	6.151636659933015e-01	6.483857532163189e-01	6.612152068474979e-01	5.902527980528027e-01 
23064	3.383515989751410e-01	3.362932322113968e-01	3.485636985625687e-01	3.947013122414957e-01	4.536283544653443e-01	3.348947077569903e-01 
23065	5.540169707912102e-01	5.353586846678122e-01	5.748301565367417e-01	7.155619982325194e-01	4.565875764884478e-01	6.244294604146334e-01 
23066	1.987980479342894e-01	1.819761254661937e-01	3.411022897033849e-01	2.542292907097113e-01	3.592022037898916e-01	2.003955722497650e-01 
23067	6.808648170258357e-01	6.107758854580048e-01	6.872895898602998e-01	6.988810930507141e-01	5.268268213234860e-01	7.794167358895646e-01 
23068	4.858991351101339e-01	1.861390934886420e-01	3.322992034350664e-01	3.556086237155284e-01	3.947176139918673e-01	2.370039473672801e-01 
23069	3.265888843514751e-01	2.958268930823246e-01	3.881295798656169e-01	3.979663297293208e-01	3.491570778290400e-01	4.462929019106216e-01 
23070	6.182606994646266e-01	4.992616062732309e-01	7.021358450985313e-01	5.729219296568713e-01	6.492680785595726e-01	7.293293837021647e-01 
23071	5.200563503241191e-01	3.737771655430845e-01	5.398803147951242e-01	2.356612896917776e-01	6.198832442437950e-01	3.197469164560510e-01 
23072	8.747558889742917e-01	6.562581168272252e-01	7.722000699482575e-01	7.857756098161243e-01	7.745312035824052e-01	5.928163115419137e-01 
23073	5.505207309374793e-01	4.180326163691635e-01	5.439078051222273e-01	5.469521733135649e-01	4.264860455206492e-01	4.818887950884339e-01 
23074	4.322181547455041e-01	4.004070690195931e-01	4.473420544043399e-01	6.046526664520758e-01	4.699810648298909e-01	4.721432335048734e-01 
23075	6.105549063264681e-01	7.671408006019937e-01	5.986579825015990e-01	6.930192767421151e-01	6.734841533434122e-01	7.211272047385000e-01 
23076	4.271392092505999e-01	4.893228013997377e-01	3.716607905459076e-01	7.390653859170335e-01	1.876402940685400e-01	6.638299466185396e-01 
23077	6.932889215566107e-01	7.582700304395551e-01	6.928796728141557e-01	5.235317850537022e-01	6.735864856293238e-01	6.535452776874847e-01 
23078	6.115525975984134e-01	4.026217755711221e-01	4.074588426107469e-01	4.929326671038514e-01	4.548543089677858e-01	5.138855272160308e-01 
23079	4.314318377154330e-01	3.678934245656650e-01	5.537475374349881e-01	4.377703218025557e-01	5.165082522472111e-01	5.045602118873067e-01 
23080	5.712967837320746e-01	4.646158117977849e-01	5.313582205063128e-01	4.153434129618825e-01	6.820074149987860e-01	3.913342372821006e-01 
23081	6.464590052669887e-01	3.970490530837290e-01	5.576083750098437e-01	5.416472020040608e-01	3.834588206719705e-01	2.978012218489505e-01 
23082	1.289073819978317e-01	4.392008653060590e-01	6.123202235197445e-01	2.918384152720774e-01	4.470931870565330e-01	6.568988421269361e-01 
23083	7.623512179437871e-01	6.735398495873941e-01	6.892297380679590e-01	6.719396787913150e-01	7.762191924944957e-01	4.586972385602172e-01 
23084	4.135363810500345e-01	6.328329285560925e-01	5.951763995587780e-01	4.356805251991519e-01	5.215636353241850e-01	6.419375112732763e-01 
23085	3.080290477455732e-01	5.160770361126601e-01	4.563095906750841e-01	4.448198755129439e-01	4.284473043600797e-01	3.729325950662760e-01 
23086	4.595681985230559e-01	6.472347497672768e-01	4.222703690744137e-01	5.077561228739758e-01	6.399121830178263e-01	3.093179781556336e-01 
23087	3.447111153953218e-01	4.434349481966238e-01	2.904756046595509e-01	4.264998546732265e-01	3.566842466655885e-01	3.137174999473032e-01 
23088	4.137754701716521e-01	4.604500885422714e-01	3.649631643270965e-01	4.266760979815630e-01	3.132273423927815e-01	5.916703081463108e-01 
23089	7.379401049663034e-01	4.579386661964182e-01	5.401346435744765e-01	4.030696092578855e-01	6.425638894975659e-01	5.744593507242252e-01 
23090	3.218340456246287e-01	3.595623528522212e-01	3.568102087835885e-01	3.571512960792181e-01	4.958554290602389e-01	2.313599092486361e-01 
23091	3.445760825032313e-01	2.459722544098344e-01	2.236650528377236e-01	3.686411611378405e-01	3.132947484263682e-01	3.163006769338785e-01 
23092	1.951567162071796e-01	3.908477511103846e-01	2.435348702118524e-01	3.548267861804251e-01	1.909927046235215e-01	2.913669695557977e-01 
23093	6.083064496445284e-01	4.693197629551242e-01	6.130807956439585e-01	7.204955674474591e-01	4.137886741111187e-01	5.593143923631970e-01 
23094	6.861728439991701e-01	5.849150033898778e-01	4.538464682788494e-01	5.876044445785306e-01	6.143063946484351e-01	5.623834911382217e-01 
23095	5.932286049510160e-01	5.757841587694470e-01	5.119880522415393e-01	4.650506622410414e-01	5.721554617504311e-01	6.011033248571243e-01 
23096	4.880260659626102e-01	3.821037763284450e-01	5.829753549163330e-01	3.057209417210965e-01	5.563817217918495e-01	5.096405945750269e-01 
23097	6.302050786963925e-01	6.139669691267702e-01	6.516471818945858e-01	6.305611346092161e-01	7.088241690762007e-01	7.505799264493477e-01 
23098	5.652148275490031e-01	2.507469007179594e-01	3.036505434045740e-01	5.198213056899205e-01	3.249460253728666e-01	3.726940429771214e-01 
23099	5.111517840812934e-01	6.252218089578455e-01	2.416131014853508e-01	8.541505851962464e-01	3.349455182722113e-01	5.663768390107513e-01 
23100	4.811779049035231e-01	3.204306616161285e-01	7.231630422282946e-01	3.642335554948860e-01	5.223144898544729e-01	4.416601288029926e-01 
23101	3.920602887766882e-01	3.479344900896484e-01	6.594406845343780e-01	3.096568252856278e-01	4.223711493362953e-01	6.244733022956456e-01 
23102	7.815075002647285e-01	7.601816887856652e-01	5.875224893165848e-01	7.664824997934412e-01	7.993879558637818e-01	7.298864101018059e-01 
23103	7.056321447374914e-01	6.977555700737383e-01	4.951415931620208e-01	6.133740210049216e-01	7.348668574315989e-01	5.983719167840886e-01 
23104	3.061194418042951e-01	3.647624206801123e-01	4.833133572814012e-01	4.300031484913528e-01	4.611994836043615e-01	4.537177681793315e-01 
23105	3.198761475669258e-01	2.512366694571564e-01	2.662790405373791e-01	2.150075554763427e-01	3.694122842192098e-01	1.463914411951042e-01 
23106	5.078064756067514e-01	5.398119096810574e-01	4.992730944346491e-01	4.102428639962127e-01	5.920933256151621e-01	4.029786326124560e-01 
23107	5.143349255436132e-01	3.615966370138333e-01	3.239497617605926e-01	4.087774713219976e-01	4.735593955753566e-01	2.200169084123528e-01 
23108	6.091250843303031e-01	5.219695867393820e-01	6.105548783717829e-01	4.679037536771968e-01	6.376449087122389e-01	5.491579430525427e-01 
23109	7.707618021411219e-01	6.096903147345856e-01	7.412992974987567e-01	7.563956429208625e-01	6.627100576499627e-01	6.716792192138129e-01 
23110	3.227456229958130e-01	3.770339447974757e-01	2.333960828356453e-01	2.220153568561723e-01	2.489721320680546e-01	2.383504278621443e-01 
23111	6.553035125473681e-01	4.423450009210920e-01	4.492336793062608e-01	4.456707447474011e-01	6.417609828266420e-01	5.195691657746850e-01 
23112	2.916092224409408e-01	3.456496232266718e-01	5.692302098596173e-01	2.677257042095203e-01	2.782048111169055e-01	5.131189415334423e-01 
23113	6.928808585201083e-01	5.838197005317917e-01	3.692358481659316e-01	7.740167180836046e-01	4.190196004357703e-01	6.478858142384416e-01 
23114	6.748735305674873e-01	4.238343193761254e-01	2.877902018454351e-01	6.391903023826795e-01	3.406201434313096e-01	4.123962512485385e-01 
23115	7.869039691146805e-01	5.107392248200761e-01	4.528045821981361e-01	6.936370549915523e-01	3.697857598884348e-01	6.423733023311888e-01 
23116	4.887652707169837e-01	5.263204950086994e-01	5.089363038243532e-01	3.874299263392889e-01	4.947175029589772e-01	2.530837853281614e-01 
23117	5.122217950845289e-01	5.472946258641115e-01	6.003980822814722e-01	3.651330772325917e-01	5.810872869778491e-01	4.777188737749205e-01 
23118	4.775592613614845e-01	4.140107736498168e-01	4.618813532726821e-01	5.355074888623250e-01	3.327572008483682e-01	5.058891921003095e-01 
23119	4.646553270263532e-01	3.268115741200130e-01	5.561346460079719e-01	3.804708333736677e-01	4.640018308435846e-01	4.282237978173944e-01 
23120	4.309424789330976e-01	6.511322196661182e-01	6.653345324334392e-01	4.955407063812992e-01	5.697776355377255e-01	6.971049594308124e-01 
23121	4.353462151759537e-01	4.687342318610478e-01	1.971648370196055e-01	3.598178197506403e-01	3.253976702536914e-01	6.021590709217508e-01 
23122	2.247956561832398e-01	4.137526706928901e-01	3.262387744738449e-01	3.729403788743019e-01	3.301391031009010e-01	4.419879961635014e-01 
23123	1.821095143703668e-01	2.460343443920023e-01	1.780968219224778e-01	2.383563557797277e-01	2.035662168341261e-01	2.063111995165389e-01 
23124	5.694170032947163e-01	2.797390132890835e-01	4.530230849259397e-01	6.204522441325175e-01	3.049033492348852e-01	4.644953869705549e-01 
23125	4.674656909759028e-01	3.901530444998970e-01	3.929239757171134e-01	4.192140727090039e-01	5.716234523619947e-01	5.019630596117191e-01 
23126	5.269268088113386e-01	4.798624052385124e-01	3.817934327777641e-01	6.820443350845641e-01	4.835099041044386e-01	6.297420932490154e-01 
23127	6.752986760959176e-01	4.881382268994812e-01	4.762706531573930e-01	5.218830527984843e-01	3.549158988515848e-01	4.329183592261728e-01 
23128	2.352191617142659e-01	2.735085157322762e-01	4.260794432837463e-01	2.116744982416424e-01	3.576837920833292e-01	2.955333095376050e-01 
23129	5.228561150130224e-01	7.556553546002240e-01	4.681503546405263e-01	6.870612391917299e-01	7.488499575274312e-01	6.039861783763500e-01 
23130	2.083529696210035e-01	4.553198076328018e-01	4.627575857326146e-01	3.513693008164200e-01	4.068535880070612e-01	4.180631394921467e-01 
23131	4.206196510904553e-01	5.209455508119745e-01	4.551507543010605e-01	4.034448936273768e-01	4.975647149816940e-01	4.595564136890430e-01 
23132	4.703257860073692e-01	4.617914569191638e-01	5.815701687430193e-01	5.322277628308771e-01	4.641115303832774e-01	6.788477554953622e-01 
23133	4.223243504426443e-01	4.814700597686404e-01	2.803126235046421e-01	4.968670918077368e-01	4.980872346154590e-01	2.030392799036093e-01 
23134	7.599210301286361e-01	4.831083931396885e-01	5.353902987279591e-01	4.669598311903360e-01	6.058289821853027e-01	4.935232734286692e-01 
23135	6.739113581097020e-01	6.816627668659587e-01	7.633414605873198e-01	5.705099695179485e-01	6.116115950178090e-01	7.152000250009238e-01 
23136	5.492683445571567e-01	5.600564292981730e-01	4.728471242558726e-01	5.809665043630522e-01	4.983979041558709e-01	4.296500846020313e-01 
23137	6.750977087504416e-01	3.934357635991182e-01	4.603454325198863e-01	5.718394850193995e-01	3.543642691221222e-01	4.713238408844888e-01 
23138	4.500511517937346e-01	5.057656311893766e-01	3.623944428944912e-01	5.268260553854631e-01	5.141244834210035e-01	4.732558364917317e-01 
23139	3.206508402211184e-01	3.560589560760601e-01	2.638333575100107e-01	3.295178624833227e-01	3.666206827437949e-01	2.134645139766459e-01 
23140	6.818989303402676e-01	5.378838878494752e-01	5.835573615102271e-01	7.168711116703211e-01	5.361931375131774e-01	6.330875768267854e-01 
23141	6.959195589685511e-01	6.463170946395034e-01	5.707000178069719e-01	6.925692268676858e-01	5.329282007939611e-01	6.027403146253933e-01 
23142	6.009216246985927e-01	7.461686520768950e-01	6.557174397470644e-01	7.958902022462242e-01	6.542029837320953e-01	7.323137418833334e-01 
23143	3.595084865269128e-01	5.184652672271428e-01	4.221985930190195e-01	4.888108578712401e-01	5.037330096289037e-01	4.366875235332184e-01 
23144	4.148740250696536e-01	3.130250918054544e-01	6.390087560020334e-01	4.136580870544496e-01	5.703239976327386e-01	5.824138479384089e-01 
23145	3.387006438277666e-01	5.163455556661538e-01	5.908820852780310e-01	3.816631085362613e-01	5.888344843019069e-01	4.921943541322084e-01 
23146	3.613617334266276e-01	3.286318832877909e-01	2.699982946860092e-01	3.687997175606687e-01	2.632155398328496e-01	2.074771487692881e-01 
23147	5.462569350789839e-01	7.020727811898304e-01	5.049753968572821e-01	3.705386522555966e-01	5.509441137604725e-01	6.843758919428861e-01 
23148	5.125102489317805e-01	5.851365926317581e-01	5.436057841342570e-01	5.104424759454002e-01	5.431194378067095e-01	4.232808995324994e-01 
23149	4.088686075219051e-01	7.069372681691495e-01	5.530452442889948e-01	5.057805062877841e-01	7.362768950564640e-01	6.544822664920249e-01 
23150	6.261693191943030e-01	4.616206204626127e-01	4.216538085837276e-01	7.537428428991032e-01	4.407553935023731e-01	4.569067005073790e-01 
23151	6.524064965353860e-01	4.019384590136265e-01	5.949035801096210e-01	5.596370679039474e-01	3.650468780807771e-01	5.772964990539747e-01 
23152	2.476971222775425e-01	4.912730229406193e-01	3.270347062044343e-01	4.322234294270311e-01	5.262399104935356e-01	4.969173775593786e-01 
23153	5.771308368094847e-01	3.134214347239123e-01	2.275550805322077e-01	4.965863999821426e-01	6.443995760550594e-01	2.517314944901266e-01 
23154	4.198944585677986e-01	6.360127288044223e-01	2.605682170469412e-01	6.504876556206651e-01	4.903031120391729e-01	4.895657019799689e-01 
23155	5.887864848758525e-01	6.080087968456762e-01	5.481042452819801e-01	5.615803298192172e-01	6.532315139493952e-01	5.794477919146249e-01 
23156	4.106677127349752e-01	7.263950440897762e-01	2.589965050002306e-01	5.931775916372009e-01	6.325372601994014e-01	5.104226061581872e-01 
23157	6.698835256346778e-01	8.139643746626295e-01	6.395586548626810e-01	6.101403623854986e-01	6.778804854774568e-01	7.529420460730283e-01 
23158	6.099737704334122e-01	5.423370515823915e-01	4.879676878098048e-01	5.655467538502085e-01	4.256791892754150e-01	3.902280412939269e-01 
23159	8.272104225503343e-01	8.371672477339017e-01	8.117380415639422e-01	8.011965101781817e-01	8.162222493873413e-01	7.417289903154675e-01 
23160	4.020775121609135e-01	4.639165249942350e-01	3.892190474792110e-01	5.759383954497025e-01	4.059958715635195e-01	3.078143520817511e-01 
23161	2.899033048321374e-01	5.115620244190018e-01	3.785213180624903e-01	6.020599091846714e-01	5.759347492583906e-01	4.805574959313284e-01 
23162	5.104247687947738e-01	5.224069322208174e-01	6.726247523653455e-01	4.537756634392970e-01	8.159891190984574e-01	5.861336883360595e-01 
23163	6.948327828380076e-01	5.977882858353502e-01	6.558215879673605e-01	6.366498271181720e-01	5.594001397589050e-01	6.834997649150469e-01 
23164	3.875958007145290e-01	4.178527416401174e-01	4.745865928712328e-01	3.835681442093457e-01	3.453473900160149e-01	6.588249892846616e-01 
23165	4.459719556649662e-01	7.644583100177917e-01	6.520837058552127e-01	5.009183097140217e-01	6.816318736466854e-01	6.913216006851457e-01 
23166	4.481637598997504e-01	6.672870346124992e-01	3.698574248837172e-01	5.825881656300964e-01	6.224867931949467e-01	3.724776292121839e-01 
23167	7.288299166360637e-01	6.359179309818688e-01	8.474324632908985e-01	5.280748880891089e-01	6.646794049206992e-01	6.706976609542026e-01 
23168	4.688715918156123e-01	4.687769610736431e-01	8.438937785331424e-01	3.734979926430869e-01	6.208913566131176e-01	5.639141421380406e-01 
23169	7.355993831704732e-01	4.590070908573261e-01	7.974391532452905e-01	5.147966216099992e-01	5.018638009945102e-01	6.293912752937907e-01 
23170	7.364590991522852e-01	4.583723867418044e-01	8.624260647306112e-01	6.445645360203709e-01	5.817037800642826e-01	5.724689091148920e-01 
23171	2.953246024522154e-01	3.136418305980627e-01	3.047471924764422e-01	2.326749660161450e-01	2.401189820915095e-01	3.189405465952460e-01 
23172	3.940303180875450e-01	3.430954887059993e-01	6.086215331448452e-01	6.066368230692354e-01	2.098315745426529e-01	8.333351300834072e-01 
23173	5.060417460838365e-01	3.917067602242139e-01	5.983109645573410e-01	4.505685070077569e-01	4.334048924482821e-01	6.063061357795091e-01 
23174	2.601650035984464e-01	5.645687530918220e-01	4.270147832214058e-01	5.075834341916792e-01	4.079737213302473e-01	7.088644307643382e-01 
23175	3.546092050241228e-01	5.333892714309776e-01	5.153972050467706e-01	6.426230345508402e-01	4.836126950463723e-01	6.608555258196026e-01 
23176	3.912423235630246e-01	3.695398061076184e-01	3.828667728303353e-01	4.267359879256225e-01	5.333385581538579e-01	4.017089948825202e-01 
23177	3.906805966302135e-01	3.354567382175776e-01	3.206982837679740e-01	5.008312598639925e-01	2.481398319080445e-01	5.018349097907380e-01 
23178	5.591874914986368e-01	4.949550998652945e-01	3.583065454572714e-01	5.052675021402393e-01	2.928544084909203e-01	5.573022852752789e-01 
23179	6.017858846205207e-01	6.820597101134983e-01	7.504231044506798e-01	5.700333825202371e-01	5.350426483595834e-01	7.476623685278361e-01 
23180	7.236653871827433e-01	6.737015875683356e-01	4.237267494987437e-01	8.181623483496552e-01	7.305354953470772e-01	6.031732506302450e-01 
23181	3.727724815880580e-01	5.012785814695917e-01	4.999515371556385e-01	4.527390756845859e-01	5.006185643208964e-01	7.240431984775896e-01 
23182	5.248837159407712e-01	5.435300035915742e-01	6.153432165605336e-01	5.050120634496459e-01	6.325721367043761e-01	6.537582236133227e-01 
23183	4.221420936228473e-01	7.327595017437374e-01	4.562533336067086e-01	4.608687977634888e-01	7.645532975375769e-01	5.681931043430630e-01 
23184	3.008629401747268e-01	4.155307016536279e-01	5.534044059371553e-01	3.598912813780634e-01	3.272507182232389e-01	4.321282578411019e-01 
23185	4.147616094736535e-01	5.466910328295128e-01	2.723699773600042e-01	4.684077151779442e-01	4.916867184074930e-01	6.284771556512750e-01 
23186	4.420204374973715e-01	7.145369501786448e-01	2.842833886413595e-01	6.591458339683610e-01	5.070277029473850e-01	5.334690610740348e-01 
23187	3.593664607815889e-01	3.205388339341133e-01	5.728279913303360e-01	3.764418000063946e-01	2.563350154477019e-01	4.278671383871781e-01 
23188	5.328853845122115e-01	4.974527907174288e-01	3.438219829239098e-01	4.395610134696394e-01	7.676748630517309e-01	3.995337982217304e-01 
23189	3.325872323527212e-01	3.122364935976460e-01	2.322918394982980e-01	3.364426077488847e-01	3.516652181044240e-01	3.089734416390315e-01 
23190	4.938168663315770e-01	5.152930351217975e-01	7.157383054804662e-01	6.547412411289232e-01	6.096817513242641e-01	7.304376152338081e-01 
23191	4.528722979327826e-01	4.118329712756267e-01	4.129591955310034e-01	5.293041921697526e-01	4.033956801507038e-01	4.840450239069667e-01 
23192	3.982252218190524e-01	5.962123721924902e-01	6.972890976065647e-01	3.322542805053307e-01	4.936023709731343e-01	6.891090056996930e-01 
23193	3.642275782365982e-01	4.830984145232405e-01	2.791447174066176e-01	3.491815368559967e-01	5.973349209725829e-01	2.637505426786694e-01 
23194	4.798481103565346e-01	4.869383653456809e-01	4.262076991658888e-01	3.349186325959511e-01	4.996379109007898e-01	2.345298964916367e-01 
23195	4.154211858948532e-01	5.554373041879461e-01	5.770163478017706e-01	3.786987367447348e-01	5.572456925992677e-01	5.525600817406910e-01 
23196	7.647451900319122e-01	6.561811849807331e-01	5.263507848915858e-01	7.953176344346555e-01	6.316258933110392e-01	5.535876659938492e-01 
23197	5.809678342177921e-01	4.015694425203123e-01	2.928160451466179e-01	6.616707056117538e-01	2.821682657754374e-01	3.765547801864765e-01 
23198	5.399381489151664e-01	4.413850587839346e-01	6.057012500126693e-01	5.201908250367460e-01	4.447595359131911e-01	6.778508839411860e-01 
23199	4.963878730857933e-01	6.048855616525456e-01	4.762131244075244e-01	7.152146077109394e-01	5.070014078264938e-01	6.349120387056553e-01 
23200	3.898217795994779e-01	5.115239183958258e-01	5.800587151061463e-01	4.237671837108763e-01	5.123170073193648e-01	5.103109620179269e-01 
