93401	6.673745877270391e-01	6.048985195099055e-01	4.613191115853418e-01	6.432822684309419e-01	5.539095462950618e-01	6.183946908846226e-01 
93402	4.633678219424706e-01	2.594461844338408e-01	2.699590183464323e-01	4.331424140442494e-01	3.361278962672600e-01	2.257518144018719e-01 
93403	5.780423747326113e-01	8.014228355143880e-01	7.750321398362165e-01	6.993747814966637e-01	7.400015701257773e-01	7.446626326760308e-01 
93404	8.039941340373488e-01	7.859424346715740e-01	7.049115623394006e-01	8.164569475313916e-01	7.493393798932404e-01	7.530215844983141e-01 
93405	4.334046670311839e-01	4.695946817177433e-01	4.511681203867222e-01	2.872179476076717e-01	4.009236363432212e-01	4.821962126804476e-01 
93406	5.433536058725246e-01	4.626755114011114e-01	6.586451538253979e-01	5.120182901120136e-01	5.026999103342402e-01	6.766727157580923e-01 
93407	4.137146900437055e-01	4.060198703292586e-01	6.556722420291665e-01	9.793668187091975e-02	4.480939585040423e-01	6.061516147148085e-01 
93408	5.535959389491139e-01	5.244635670889404e-01	3.777201073935499e-01	7.815349145845472e-01	3.478670093072092e-01	6.957528981228898e-01 
93409	5.065353240713717e-01	6.811860079767452e-01	3.257428318405120e-01	3.392622853674037e-01	5.790850213714122e-01	4.221122780175199e-01 
93410	7.267798836735967e-01	5.367290027061075e-01	2.869467219937997e-01	6.096158247204766e-01	5.094847355513943e-01	4.005031485513727e-01 
93411	6.281296557207227e-01	5.181627861772562e-01	3.036000928754738e-01	5.279802726479574e-01	3.839425398643000e-01	3.021466828754444e-01 
93412	2.662619492776132e-01	2.263420543279827e-01	2.659987629423824e-01	3.863722696759586e-01	2.847168694244219e-01	2.608443655226039e-01 
93413	4.555725742168076e-01	6.666559210869430e-01	6.534750716963107e-01	3.871766470674325e-01	5.344161435445225e-01	4.891225199236784e-01 
93414	5.510940971414549e-01	5.625541987402431e-01	6.380047157694129e-01	5.693632925951166e-01	6.946421904725459e-01	6.302957363822939e-01 
93415	4.629622823623598e-01	5.401580311091039e-01	5.825362019728659e-01	5.124510698160709e-01	6.016596243357639e-01	5.575320302708757e-01 
93416	3.342554318519327e-01	3.718930502363683e-01	4.851048201975359e-01	2.966770168015810e-01	4.398084110687068e-01	5.566907026143126e-01 
93417	6.674511518211355e-01	3.956155916483292e-01	6.505021962832940e-01	3.824723050911973e-01	6.123774969268989e-01	4.429933849078450e-01 
93418	5.522606902522084e-01	3.409641582466771e-01	5.811010946329715e-01	6.105323422128788e-01	4.150156771978453e-01	4.540346918314471e-01 
93419	4.205584035767425e-01	4.558899434287415e-01	4.870856561723050e-01	4.423147548651229e-01	4.224612972712630e-01	5.134819165247613e-01 
93420	5.368136089552962e-01	6.047212009715547e-01	4.802286899733855e-01	4.649685634165068e-01	5.120030404767737e-01	4.973765682503353e-01 
93421	4.022365644753438e-01	4.213008278399397e-01	3.730170108077802e-01	2.880169468056590e-01	4.895185633198727e-01	3.897630819029897e-01 
93422	6.062807109050339e-01	5.230347908717536e-01	6.387054489394587e-01	6.433431003236223e-01	4.641104540389228e-01	6.991415208564231e-01 
93423	6.430601541262183e-01	7.108732984133321e-01	7.024360727886245e-01	5.973490601652233e-01	6.118492636986579e-01	6.737751967110083e-01 
93424	4.015566578567692e-01	2.454813770909045e-01	5.091131000317597e-01	4.659857321606071e-01	5.739278515851232e-01	3.043620149085383e-01 
93425	4.663978187159726e-01	7.208014939127668e-01	4.972496745009684e-01	5.216599406691178e-01	5.378717094793584e-01	5.432063212169651e-01 
93426	2.186011686630494e-01	4.036698561609339e-01	4.144634303755247e-01	5.632409721365297e-01	3.506355127112070e-01	5.260010143347297e-01 
93427	4.068620578499385e-01	3.667487701641071e-01	5.437223543005940e-01	5.574485370571343e-01	2.921907343050316e-01	5.679592624295289e-01 
93428	5.286622839675378e-01	5.322767536555372e-01	4.745564587673514e-01	5.995801817795894e-01	3.702994686397753e-01	6.493053735583345e-01 
93429	6.527124886995501e-01	5.818431795601053e-01	7.428756711383884e-01	6.414499524001636e-01	6.445312800120578e-01	6.524937107580414e-01 
93430	6.422802416353544e-01	4.894006679304365e-01	5.445605066684478e-01	6.328610421933190e-01	4.520763223411582e-01	4.639705961196474e-01 
93431	3.957386329841411e-01	2.538247278811902e-01	2.856903659222026e-01	3.906726568930280e-01	4.508061583459584e-01	2.470818972924677e-01 
93432	4.888272946671905e-01	4.913597451191885e-01	1.942896798293273e-01	5.333025016985216e-01	3.684991742378932e-01	5.150940769573290e-01 
93433	2.867742148909766e-01	3.848702031392879e-01	3.843757847274043e-01	5.261079866605849e-01	2.889575212756371e-01	4.462157085517941e-01 
93434	5.683346443915183e-01	4.874755840404026e-01	7.955011288054845e-01	4.120901961792327e-01	5.516587339744142e-01	6.403003386915170e-01 
93435	5.666215625137330e-01	5.978388161006942e-01	7.278489661465672e-01	5.739246266072555e-01	5.711044458362617e-01	6.408873076035340e-01 
93436	4.550971415757314e-01	4.626068533596703e-01	4.480469642785400e-01	5.337933820682291e-01	4.174146981451848e-01	5.275191411322189e-01 
93437	3.393687388175317e-01	4.736460081444972e-01	3.749669935192361e-01	5.202950069879249e-01	2.889057023241101e-01	6.271801980308583e-01 
93438	4.859692165839805e-01	5.630184515587326e-01	5.456604808076198e-01	3.857527726544123e-01	7.898204342243434e-01	4.137406112629009e-01 
93439	3.322949532471375e-01	5.080478638301886e-01	4.131163649024540e-01	6.852840298975006e-01	5.184213947915840e-01	5.516234541977989e-01 
93440	3.552416528563697e-01	1.706135215068258e-01	3.350974534291142e-01	1.781843524277014e-01	2.437988924637303e-01	2.697562750111089e-01 
93441	5.000499312733153e-01	5.503375015429791e-01	4.411776478921152e-01	6.567815323863576e-01	4.560001736287251e-01	5.103788957487247e-01 
93442	6.630621027103454e-01	8.786356910724333e-01	6.683404462810176e-01	6.836739574631808e-01	6.694526219322012e-01	8.308411373181952e-01 
93443	4.159309048026778e-01	5.998787484817312e-01	4.078899016640008e-01	4.314320557670777e-01	4.209396313178123e-01	6.399682536565132e-01 
93444	4.639878000087649e-01	6.680360677262753e-01	5.903955544689379e-01	6.154322543845530e-01	5.831926764617261e-01	7.082150673359138e-01 
93445	5.862824159829528e-01	6.697284245199210e-01	6.019912576974733e-01	4.847955044018542e-01	7.090770246399529e-01	4.733309809940792e-01 
93446	5.662779903286854e-01	6.289425042793281e-01	6.807687755743524e-01	4.918546255010388e-01	5.901178474932354e-01	5.887081793813314e-01 
93447	8.170849154129158e-01	7.330246355267291e-01	6.431182072172159e-01	6.820409739442507e-01	7.599780411879737e-01	5.451670545606599e-01 
93448	5.231258512074972e-01	4.358925904825455e-01	4.893354066359880e-01	8.150013700445847e-01	4.775904410509495e-01	5.039694568051625e-01 
93449	7.040507710225286e-01	4.468156994821408e-01	7.412071234991441e-01	3.042562238700754e-01	4.707107010938474e-01	4.969072291288996e-01 
93450	5.750242533154384e-01	4.449648252936265e-01	5.824856238988059e-01	6.112307744035813e-01	5.075579589849543e-01	6.130571914121934e-01 
93451	4.367841312156655e-01	3.097713451864810e-01	3.680197861392411e-01	5.742717257838608e-01	2.395476903294304e-01	4.348325757598925e-01 
93452	6.705426648368848e-01	5.152719084941475e-01	4.658787552982898e-01	6.169693814449915e-01	3.987656306885229e-01	5.712676058703723e-01 
93453	6.117873480711427e-01	5.690336206848844e-01	6.769012814690147e-01	5.515630397205369e-01	7.465100984919333e-01	5.002141932736357e-01 
93454	5.030896311196824e-01	4.833247057968248e-01	4.717906988636557e-01	2.517678997192766e-01	5.116547726049727e-01	4.196816964742573e-01 
93455	6.090756833412494e-01	7.254048995256491e-01	6.475721037208870e-01	5.658097519015418e-01	6.477205994198202e-01	6.398135181978990e-01 
93456	5.694790831216893e-01	7.118761650307938e-01	7.945938779756414e-01	6.928278725341237e-01	7.698600156226991e-01	7.221233299357327e-01 
93457	4.796075240217604e-01	4.023991749608928e-01	2.728344034763605e-01	3.695730441259207e-01	3.195406470181854e-01	3.766899552693266e-01 
93458	3.331409908518404e-01	3.397942009612614e-01	3.613620715155162e-01	4.128915395620282e-01	3.545101208246703e-01	2.858509466935455e-01 
93459	7.133094407549297e-01	7.961990420776874e-01	6.101875849877019e-01	7.156111442137947e-01	7.351834489078460e-01	6.949062419849569e-01 
93460	3.223398193188353e-01	6.557647109157865e-01	5.125731254780800e-01	3.731010138367943e-01	5.885673787363424e-01	5.903878985491944e-01 
93461	4.492964272303261e-01	3.786375902835582e-01	4.926911534147104e-01	4.586575039549506e-01	4.246564314224959e-01	4.092258664934001e-01 
93462	4.310552726479719e-01	4.316578879167695e-01	4.628598226008561e-01	4.418175249277486e-01	3.946698477098008e-01	4.963236621497501e-01 
93463	7.724878970039100e-01	9.040901472124794e-01	7.200919380776408e-01	8.311178434977375e-01	8.770634883083419e-01	8.026713358267330e-01 
93464	1.985504837957149e-01	2.765868374926673e-01	1.721042057517351e-01	1.980563162946449e-01	2.475951361496516e-01	1.268004867075549e-01 
93465	1.861856775593693e-01	5.991291086140829e-01	2.796014822847985e-01	4.265329319833797e-01	5.477194590401766e-01	3.713650669247251e-01 
93466	4.569306066474436e-01	4.858154840611796e-01	4.876852483600758e-01	4.764428358581598e-01	5.754115572852934e-01	3.552935981416498e-01 
93467	4.245950596841131e-01	2.799008373542148e-01	3.289521462178033e-01	3.246783984637108e-01	2.719114094628924e-01	3.552499268899249e-01 
93468	3.213284237051820e-01	4.766392385283884e-01	3.624534756470108e-01	1.902815260179728e-01	3.571267676990690e-01	5.002210346418529e-01 
93469	1.983593447891142e-01	3.174628887265312e-01	1.964381179451196e-01	2.790585543864600e-01	1.908156608916041e-01	2.514636323910198e-01 
93470	6.478166887693213e-01	5.963457421947564e-01	6.693312206232827e-01	7.211233675552522e-01	4.777670828053040e-01	6.824942848489444e-01 
93471	8.239463669569138e-01	5.041402764605598e-01	4.339866666467987e-01	4.744045986935573e-01	5.686024149178435e-01	4.980499743870817e-01 
93472	5.135446878181449e-01	2.605728391708701e-01	4.309251074101919e-01	3.489843473880676e-01	3.668166444117312e-01	4.850772478517754e-01 
93473	5.042408698141584e-01	4.549346491458801e-01	2.909204885603994e-01	3.599856351182912e-01	4.424905901071991e-01	4.123390662968999e-01 
93474	4.269592538952930e-01	6.485130504885445e-01	5.376981521464714e-01	4.115623190770892e-01	4.694714636534219e-01	6.452549181667007e-01 
93475	4.558646031871433e-01	5.383171621870093e-01	3.422204365604902e-01	4.990289908970031e-01	3.276534250633061e-01	2.319915314322982e-01 
93476	6.186918612250356e-01	4.355765808482221e-01	6.233016654177895e-01	4.930486526783524e-01	5.799862832048359e-01	5.446616716416388e-01 
93477	4.592383909498314e-01	3.896580506726868e-01	3.487963013805515e-01	4.375890672884212e-01	4.772135257538875e-01	4.643840165544136e-01 
93478	7.169126265518160e-01	2.811763057433332e-01	5.786455656336964e-01	2.490780120263719e-01	7.799021745434425e-01	3.247151484787826e-01 
93479	2.718491822722277e-01	3.187568435321670e-01	9.384889154329135e-02	3.129910111623206e-01	2.613482558470597e-01	2.487799527138826e-01 
93480	5.523899821100876e-01	6.393671014479133e-01	6.289836995545768e-01	4.108255172299225e-01	5.446135594122665e-01	5.732017064555947e-01 
93481	2.302198347637352e-01	2.021669791622640e-01	3.386762692788123e-01	2.600957764085621e-01	4.158949020200295e-01	3.201103419449835e-01 
93482	4.424253761499565e-01	7.511234844228369e-01	4.353888932272480e-01	7.136207758606140e-01	4.140854586955668e-01	5.936027402047799e-01 
93483	4.972562333044486e-01	3.287661207677707e-01	3.179192543846034e-01	4.746199611920801e-01	3.796246647128542e-01	4.263181232260241e-01 
93484	4.718465065143418e-01	4.867851246337297e-01	3.995484809119652e-01	6.147188523178861e-01	5.817798387864249e-01	5.377044903136489e-01 
93485	3.161229073860460e-01	5.768611998649925e-01	5.686107792218467e-01	4.187183473346367e-01	4.118645447324468e-01	5.996984537543399e-01 
93486	6.251325133316883e-01	2.468327577071770e-01	4.381504153997233e-01	4.744059273160333e-01	3.859337381584047e-01	3.275068456077260e-01 
93487	2.735222814468093e-01	2.923946905126666e-01	3.664004009462882e-01	3.132903125856581e-01	3.562856117926065e-01	3.465054250276386e-01 
93488	7.339813529824130e-01	6.632919855811813e-01	6.909688712108746e-01	7.180667517083434e-01	6.649629996755079e-01	6.601816540505139e-01 
93489	5.449611675514985e-01	3.931154397151850e-01	5.716158496847805e-01	5.969294621017041e-01	3.839201273955998e-01	5.039609072680202e-01 
93490	7.695747514602399e-01	7.263196996400333e-01	6.456927684474085e-01	7.474016576926616e-01	5.294825439533162e-01	7.026669727416865e-01 
93491	5.125210782698769e-01	2.646342008439837e-01	6.388373584845595e-01	4.314944193401556e-01	2.386585306551908e-01	6.555234133436829e-01 
93492	4.038915766162614e-01	3.208016008083068e-01	4.257545969329404e-01	3.230522625560793e-01	3.899783390686945e-01	5.317940593565462e-01 
93493	4.149044540449578e-01	4.232305194056658e-01	6.735149118266970e-01	5.395449986923055e-01	5.310196579658041e-01	5.467050949552903e-01 
93494	5.456086012735523e-01	5.613907670881919e-01	3.972090349738633e-01	5.675271268411173e-01	4.441164150878976e-01	6.595712485400286e-01 
93495	5.924887251308153e-01	5.033980584734514e-01	5.050329838343797e-01	6.919765160001802e-01	4.871682029377424e-01	4.989396587013281e-01 
93496	6.449914348040785e-01	5.457408724253451e-01	5.943284586300148e-01	5.098721445183843e-01	5.644387459379987e-01	4.900708621631099e-01 
93497	5.075845559012575e-01	3.630540964980039e-01	6.064012402265433e-01	5.515784296475842e-01	5.164362021003908e-01	7.410977519699572e-01 
93498	2.317673865607203e-01	4.144045878567106e-01	5.185117883755274e-01	3.903330634754522e-01	5.407681448188147e-01	5.655312950384557e-01 
93499	4.438403751556426e-01	5.326035081697265e-01	3.450050708196795e-01	5.014006509507822e-01	5.408718020317504e-01	4.304299161583742e-01 
93500	4.301054964792427e-01	3.734130608392757e-01	2.632028102419901e-01	5.210034682360052e-01	5.131425139167777e-01	4.775104031208843e-01 
93501	5.880000290415279e-01	6.015352886315197e-01	7.330947525756073e-01	6.083725642270961e-01	7.113295821676677e-01	5.618706020428182e-01 
93502	6.678929543133976e-01	5.589455439004991e-01	8.228158123326965e-01	5.654416769013968e-01	5.130497827316975e-01	5.790982240280131e-01 
93503	5.071729538204588e-01	3.708139200497364e-01	1.975339339471343e-01	4.552618147963259e-01	4.676606982724957e-01	2.233996638860630e-01 
93504	3.030176558186629e-01	2.897097914071884e-01	2.776056033988485e-01	3.601669904316280e-01	3.310435999418474e-01	3.070964385693317e-01 
93505	5.702293820782197e-01	5.448053254610993e-01	4.791589033325510e-01	4.231740434142707e-01	4.028606586955456e-01	3.806547188414661e-01 
93506	4.611477608247441e-01	5.251346070229520e-01	6.052450244053762e-01	4.453038772171765e-01	2.544898864478460e-01	5.941155861294224e-01 
93507	5.924450887664667e-01	3.958930182625445e-01	6.443137061287073e-01	7.188178927304332e-01	6.509320770569970e-01	5.133533086231923e-01 
93508	4.144139847268430e-01	4.031260936132539e-01	3.934976762031264e-01	3.836397093503511e-01	3.121581821498227e-01	3.220226266082132e-01 
93509	2.766400094062542e-01	2.084831652624666e-01	3.348923754219312e-01	1.986227197732311e-01	2.811257578027355e-01	2.867959602334893e-01 
93510	4.242323370964203e-01	5.272813492513483e-01	3.693009333987926e-01	4.481754008699593e-01	7.466497916140521e-01	5.107761994020410e-01 
93511	6.614258281992276e-01	4.735143031676548e-01	5.156245259304207e-01	5.626882908728732e-01	6.187400272393716e-01	3.735359801271272e-01 
93512	6.968618574746790e-01	5.985407975868319e-01	6.839556078918485e-01	6.226966872103686e-01	5.608398392683157e-01	6.437710040048454e-01 
93513	6.118174429188560e-01	6.954444429235842e-01	5.430159916897992e-01	4.648793702700458e-01	7.795033921144787e-01	5.494387123331581e-01 
93514	2.575022830089587e-01	3.016051361184107e-01	1.378621971964479e-01	3.041766075407191e-01	2.078184695169758e-01	3.345353349565383e-01 
93515	4.957532596313004e-01	2.462967933602411e-01	6.161345972484553e-01	3.548856607729236e-01	3.279530173962472e-01	5.324540774469526e-01 
93516	6.480874931590691e-01	7.081386818934959e-01	6.422472691162258e-01	6.758409763623092e-01	5.217370868221360e-01	5.700292077657088e-01 
93517	7.301362175396322e-01	5.432788888436286e-01	6.796658804818391e-01	6.052204440236081e-01	5.799084096601939e-01	6.599554560271603e-01 
93518	8.353148908381325e-01	7.677006336584791e-01	6.101577055019920e-01	8.928957595418201e-01	6.090490451571362e-01	6.238796214741145e-01 
93519	6.839303251050495e-01	8.464392966383120e-01	6.225061252126562e-01	5.213409524983105e-01	7.277224285392978e-01	7.435939257442226e-01 
93520	3.961752574380765e-01	4.339578853669506e-01	4.459416865975053e-01	3.980666574889401e-01	4.780185577846160e-01	3.711571962118465e-01 
93521	6.437220356372184e-01	4.921390243547202e-01	5.645557073036329e-01	6.160430340954234e-01	4.103596871997813e-01	6.271349455032217e-01 
93522	4.679680801351469e-01	5.813254503486849e-01	5.650980151401351e-01	4.051942538553723e-01	7.454953347373483e-01	6.161721554853137e-01 
93523	7.591699419274993e-01	6.625932059888754e-01	9.007174410872243e-01	7.075006057781222e-01	6.291521580657657e-01	7.158247690105652e-01 
93524	6.214854871750169e-01	7.179407421299517e-01	7.432710920440828e-01	5.003872739799171e-01	6.998340975392614e-01	6.156955502231406e-01 
93525	4.624635968645121e-01	6.629759783776834e-01	4.132702904254338e-01	5.147828163139038e-01	4.749440469020334e-01	7.434352682865246e-01 
93526	1.049747095386910e-01	2.067893111277703e-01	2.207004361102008e-01	2.537040336470837e-01	2.577971303279178e-01	3.366153076021997e-01 
93527	4.343785546023345e-01	5.477143266307566e-01	5.151912905268109e-01	4.978514337203580e-01	7.583691861738319e-01	5.917711879957778e-01 
93528	7.005729300625902e-01	4.879406273439038e-01	6.368673613422794e-01	6.593723054530738e-01	7.081211470692836e-01	6.573591606818144e-01 
93529	7.978204516829510e-01	7.430240006184092e-01	7.039111842795731e-01	7.943427638190010e-01	7.711569020365793e-01	7.252831905371648e-01 
93530	4.774545013841338e-01	4.211104007828281e-01	6.118092226663867e-01	4.895941910949781e-01	4.971446559509584e-01	7.491494714872979e-01 
93531	5.618910624977824e-01	6.072193926720727e-01	7.032526445709738e-01	8.041974139757647e-01	4.047193396409476e-01	6.738957351809451e-01 
93532	6.332130149535220e-01	4.168416925368200e-01	5.232780153911096e-01	5.944837361678756e-01	5.551985337266023e-01	3.837117468293659e-01 
93533	6.548483449523308e-01	6.356530002730274e-01	7.375601626407289e-01	6.550988319276883e-01	7.283146770842042e-01	7.678362051366487e-01 
93534	5.778382979394175e-01	4.382094236146480e-01	5.885990829008614e-01	5.666266738021730e-01	5.791269114999387e-01	4.318495661607872e-01 
93535	3.962314371707083e-01	4.315791092263161e-01	5.324225992663987e-01	5.011459999286254e-01	6.304829684534818e-01	5.369660053613314e-01 
93536	4.168004085786565e-01	5.152149263114941e-01	5.862803264361346e-01	4.604324362971667e-01	4.282803882219344e-01	4.960878346827302e-01 
93537	7.353214849749876e-01	5.697527506520186e-01	6.361894925367240e-01	7.552944777236184e-01	5.230104793827031e-01	5.885758947477906e-01 
93538	6.763119654538248e-01	7.551649473075237e-01	7.650234389367867e-01	7.718326649793665e-01	6.612321251882740e-01	7.633476284730066e-01 
93539	3.427741843573442e-01	1.147086071004965e-01	3.067001506973203e-01	2.241687162652944e-01	5.153196988691375e-01	1.604469148063810e-01 
93540	2.385968020128766e-01	5.476595232819645e-01	3.907756162078764e-01	3.926998745456559e-01	4.792288696790571e-01	6.305969085940317e-01 
93541	3.916410601651154e-01	4.169540882137324e-01	3.345252030529726e-01	4.869367851993140e-01	4.245962016347849e-01	4.285804365056383e-01 
93542	3.571336848559284e-01	4.371673284296473e-01	4.206877945343275e-01	3.493960552141244e-01	3.808241002372643e-01	3.819230314153243e-01 
93543	4.121300799840688e-01	2.575073171214793e-01	4.562320917273109e-01	3.152852771301815e-01	4.662983805854103e-01	4.308104858730538e-01 
93544	3.656936258982840e-01	3.887309518691217e-01	3.515458863318348e-01	5.364512742831429e-01	2.570754745771383e-01	5.074400706937493e-01 
93545	2.773101129775010e-01	3.276053347169789e-01	3.123271131624169e-01	2.952461257341098e-01	2.006837576082132e-01	3.283273405486168e-01 
93546	1.633723267337323e-01	3.903194639482907e-01	4.129490522988202e-01	3.075363440805636e-01	2.639880350708580e-01	3.621735444520660e-01 
93547	6.931862073926048e-01	2.237201536623593e-01	5.366963978883973e-01	5.311887521775522e-01	4.146077257152920e-01	6.727314013720954e-01 
93548	5.571023711653061e-01	4.492197462911599e-01	5.366789024228402e-01	5.487828917167861e-01	4.847149763187079e-01	5.874946565724793e-01 
93549	4.154542564114898e-01	3.754600061070574e-01	4.431971607081580e-01	4.781338281754108e-01	4.780507911582692e-01	5.547982105368539e-01 
93550	3.212619595930223e-01	3.988357067374467e-01	3.822952790667232e-01	4.205790042791270e-01	3.455868832923914e-01	4.811389391419610e-01 
93551	6.299982087888101e-01	5.571602600042360e-01	5.643755958175596e-01	5.432147409176552e-01	6.882519716192786e-01	3.966301397811610e-01 
93552	5.957407524693663e-01	5.362578370432918e-01	4.170384592712510e-01	7.163315639673210e-01	4.533674514403001e-01	5.559967715272415e-01 
93553	7.589615677403202e-01	7.677595516437715e-01	8.376926983623918e-01	6.736364065356024e-01	7.954377160184736e-01	7.814127039230656e-01 
93554	5.249776008918208e-01	3.575968469023700e-01	4.037901255121473e-01	4.007834456945880e-01	5.041641538848154e-01	5.381887023309347e-01 
93555	7.277150406857811e-01	6.930488589340925e-01	6.308678387148676e-01	7.698362279737714e-01	5.933580356691767e-01	8.742940841600377e-01 
93556	6.026573206225438e-01	4.349801678867269e-01	5.963846661918103e-01	4.725382311521313e-01	3.626320530853558e-01	4.734331646733037e-01 
93557	6.986819550844691e-01	4.627925696833669e-01	4.251169365395289e-01	5.567815269067078e-01	5.096283170023537e-01	4.287509787859483e-01 
93558	4.298592299354545e-01	4.166842416732839e-01	4.203559120356122e-01	2.476278079160893e-01	3.606786536584403e-01	3.941038488539615e-01 
93559	5.018941756352889e-01	4.565293183714602e-01	6.993252631125234e-01	5.131956501976993e-01	5.265060928994747e-01	5.927517129042944e-01 
93560	3.759457493743232e-01	2.680072279129028e-01	4.563248382473073e-01	4.316164404772582e-01	4.070690639738231e-01	3.966329128456753e-01 
93561	3.096050833795449e-01	3.401315933660263e-01	3.263131925290002e-01	2.391019795668872e-01	2.620325982598188e-01	4.603655714111569e-01 
93562	4.804073374865209e-01	7.023450876465621e-01	4.346451164444969e-01	5.932683709609342e-01	5.047733538204622e-01	5.542765849394244e-01 
93563	4.111687248490720e-01	4.758496138692415e-01	5.636532365608062e-01	2.466759929178305e-01	5.534063653677784e-01	1.675493057893453e-01 
93564	3.729532202672278e-01	6.391328834489765e-01	4.338722544154746e-01	6.059062242391494e-01	4.638733380910793e-01	6.703664890214024e-01 
93565	3.117950033010211e-01	6.650334920948315e-01	6.629697956301244e-01	3.157185701327887e-01	5.492738649597706e-01	7.172355061492052e-01 
93566	7.132610951915334e-01	4.727393121614720e-01	5.903625711434421e-01	5.998756723992773e-01	4.803368068472003e-01	5.202466643395719e-01 
93567	4.294913971570564e-01	2.718742111613749e-01	4.173845690874489e-01	4.065923605424728e-01	4.773756782270968e-01	3.975099197643436e-01 
93568	4.347878857694713e-01	3.573078346408785e-01	2.964516114174114e-01	3.534554745109912e-01	3.612858296104251e-01	3.506949016958938e-01 
93569	7.527226553994415e-01	6.878415042679449e-01	6.989845683120544e-01	6.491034041980361e-01	7.832115511128604e-01	6.681702618901546e-01 
93570	4.383868429763637e-01	7.059299701472620e-01	5.956712459664550e-01	5.334287401189139e-01	6.885671320029452e-01	5.866226468385238e-01 
93571	8.003129911209739e-01	6.758666620661140e-01	6.694620680925418e-01	8.023460770126505e-01	5.957761292316607e-01	6.944053282533995e-01 
93572	6.764980827670417e-01	5.978326939594230e-01	7.952767441807753e-01	5.383676450140653e-01	5.524862948775450e-01	5.684167260905517e-01 
93573	5.077699124021633e-01	7.162770942743512e-01	5.759569088982854e-01	6.786250738127546e-01	5.542173782529636e-01	6.680931352529356e-01 
93574	5.863995844952978e-01	6.348477603244316e-01	6.562514656003468e-01	4.610032204994235e-01	7.745963500735462e-01	5.986504950159728e-01 
93575	5.159282633785968e-01	7.133928202248103e-01	5.980146559983613e-01	7.210434106998536e-01	5.299634069000384e-01	7.249267912796694e-01 
93576	7.859085630049243e-01	6.623385636756778e-01	6.383241061762666e-01	6.114150144207884e-01	7.154567760063379e-01	5.577604393889850e-01 
93577	5.529070400309086e-01	3.199679875342001e-01	3.868616091975235e-01	3.910258529938013e-01	4.173054477142435e-01	3.232159212790049e-01 
93578	4.849301208823435e-01	5.809344642768934e-01	5.206456317288038e-01	6.259735954258661e-01	4.927277888331488e-01	5.615228928735174e-01 
93579	4.873207501417232e-01	4.847549791490373e-01	4.974001858911787e-01	5.652036039388491e-01	6.422136372746634e-01	4.264858068437496e-01 
93580	3.937471905846953e-01	5.112725517494013e-01	4.519273363528390e-01	2.912046049564879e-01	3.503654306595451e-01	5.085685883151896e-01 
93581	5.043000094931709e-01	6.584630176779158e-01	5.358344632125999e-01	5.197781900052312e-01	4.869514811155132e-01	4.566539606735855e-01 
93582	6.415545426088326e-01	4.774981654365292e-01	8.822844092496491e-01	5.727038777366934e-01	3.762383133585381e-01	8.052983069581828e-01 
93583	5.288466266119980e-01	4.511888292468146e-01	4.690398272131852e-01	6.773048762058460e-01	2.655777637830999e-01	8.160045657914800e-01 
93584	3.519910793157252e-01	2.346192174265400e-01	4.117191764051005e-01	2.842132459592005e-01	3.798412066550540e-01	2.846645892951278e-01 
93585	6.224631343974674e-01	6.619144284837704e-01	7.288456581720089e-01	5.021824963299083e-01	6.246768046656994e-01	6.329028719581993e-01 
93586	4.021553347145567e-01	4.381726948671471e-01	3.457417441632450e-01	4.008440564710482e-01	3.472094879612018e-01	2.835993264879501e-01 
93587	6.681132047611188e-01	7.032232914057899e-01	4.508254569215487e-01	6.490028771989808e-01	5.622179657812499e-01	5.474621648429050e-01 
93588	5.848676363481662e-01	5.128419404585051e-01	6.307497843599787e-01	6.219054043197090e-01	7.053207937196759e-01	6.240726429294152e-01 
93589	4.248921375449584e-01	4.833733533068904e-01	4.348051669093849e-01	2.761631977307102e-01	4.645029713557757e-01	4.104797030348946e-01 
93590	4.535211325009242e-01	3.576964932039641e-01	5.248779851895182e-01	3.986582415854792e-01	4.964488284878198e-01	5.198199730362343e-01 
93591	4.308205144535668e-01	4.100178217804539e-01	6.304593860859482e-01	4.240074934461714e-01	3.383788433756679e-01	5.811870829246809e-01 
93592	3.202209259329357e-01	4.309617593287653e-01	4.696205867632992e-01	2.562797516893530e-01	4.876641196095584e-01	3.413187449626877e-01 
93593	7.117258473741614e-01	4.875830568970648e-01	3.599470225712262e-01	7.548795611361953e-01	4.798046798613007e-01	3.367045266572294e-01 
93594	5.880547042183171e-01	5.326635113797029e-01	5.360615855826936e-01	4.327357399853726e-01	6.220619161457315e-01	4.727531612486506e-01 
93595	5.239651702899512e-01	2.907019544731524e-01	6.038559488292305e-01	3.684728953527884e-01	2.812494220483981e-01	5.366774533851868e-01 
93596	6.091337073557124e-01	5.878632329449983e-01	5.307136750219239e-01	7.244431259273327e-01	6.807297184402750e-01	5.712259402170992e-01 
93597	4.730613396459049e-01	5.805791929667299e-01	4.475134567766981e-01	6.231966702243783e-01	4.973133800715698e-01	5.406705836712244e-01 
93598	4.945223847969519e-01	6.787837349458891e-01	4.828077569437234e-01	6.792567524059331e-01	2.961044791915061e-01	5.261933566065233e-01 
93599	3.556704459791929e-01	4.621854563259942e-01	7.541856039050276e-01	4.166536935618663e-01	2.812372108396935e-01	6.029384662485047e-01 
93600	5.871019951298682e-01	3.607456390707030e-01	3.635865655799118e-01	3.215099885979167e-01	4.400902018700740e-01	1.865818074249519e-01 
