71601	3.686253797597412e-01	1.971610188812427e-01	4.184603801047618e-01	2.207791668759250e-01	3.133854639004735e-01	2.677285749934165e-01 
71602	4.762339864010712e-01	4.437854638944874e-01	4.599642841614447e-01	3.907428911444262e-01	4.731292390139497e-01	5.112605681757851e-01 
71603	4.024664617476442e-01	5.005007271838069e-01	4.444247735301854e-01	4.633120338849230e-01	3.997691445817355e-01	3.766698888970677e-01 
71604	3.759424911305546e-01	4.685204892594219e-01	4.263319726384201e-01	6.169881449459675e-01	3.473384208102617e-01	5.555336055847566e-01 
71605	4.037512891638230e-01	4.655704822476771e-01	4.224910782181683e-01	5.482169980421029e-01	4.088306952941946e-01	4.943150799215600e-01 
71606	6.432831244913285e-01	5.713976434937912e-01	6.047650968033458e-01	5.863695105247191e-01	6.472216508054166e-01	7.087236705392206e-01 
71607	5.096076684460260e-01	6.146728425061052e-01	5.318728449297174e-01	6.219212618557017e-01	7.281779715611859e-01	5.133935558809670e-01 
71608	6.704967636502033e-01	6.256334907417778e-01	6.822472772752812e-01	6.666012220681719e-01	5.580718766365431e-01	7.391425909019451e-01 
71609	9.837033582340904e-02	1.910729073618255e-01	1.581797080678887e-01	3.027567162853476e-01	2.515635975569637e-01	2.523011668762516e-01 
71610	3.586745444584570e-01	3.115426349124283e-01	4.410525093751220e-01	3.731342146702821e-01	4.714667522453916e-01	4.013930166702555e-01 
71611	5.183467401601155e-01	6.624269006319032e-01	4.635008380640085e-01	6.561095205365626e-01	6.297548893493646e-01	7.852353727319908e-01 
71612	5.372113009597330e-01	7.741032217562069e-01	7.731441340709917e-01	7.091841515325334e-01	4.864446396281993e-01	7.483748074391858e-01 
71613	3.442627077572118e-01	3.158871241394532e-01	2.486251034065238e-01	2.544477842934760e-01	4.310977910104386e-01	2.822108774803418e-01 
71614	3.232572751813155e-01	3.006515808233741e-01	2.725189365164375e-01	2.909738631067511e-01	2.630446799935867e-01	2.594507954368748e-01 
71615	5.478743368623438e-01	4.296067230409225e-01	4.573405631419666e-01	4.314361393409054e-01	6.174439056663824e-01	3.054063129872066e-01 
71616	4.186848736745126e-01	4.114572557544328e-01	4.869220453364438e-01	4.411060113952023e-01	4.987017238495614e-01	3.359704428424640e-01 
71617	8.354805030082119e-01	6.413677850823196e-01	5.986382870682923e-01	8.175385445623011e-01	7.461934879392940e-01	5.032176406562141e-01 
71618	6.173962288134860e-01	6.898992250097875e-01	6.219868209427022e-01	5.837884976593251e-01	4.323684469287583e-01	6.453178519616045e-01 
71619	4.961380818776438e-01	3.711055458019935e-01	2.665514438143790e-01	4.365598040475500e-01	4.362138703760678e-01	4.347704458028794e-01 
71620	3.944814092877201e-01	3.962963182961771e-01	3.102777020512480e-01	3.573951879247540e-01	3.965446961321363e-01	4.336979552257881e-01 
71621	2.831631103732863e-01	5.110225817112499e-01	3.915354579624399e-01	5.273169852685905e-01	5.180099364566777e-01	6.449327030420097e-01 
71622	2.781818979383049e-01	2.089676394127888e-01	2.730284458939475e-01	3.201923895779955e-01	3.051967047678584e-01	1.938403175425775e-01 
71623	5.118302992224604e-01	2.498028157504542e-01	4.745841506928835e-01	1.849637630642203e-01	5.764215957251970e-01	1.446054009360950e-01 
71624	1.776016000049838e-01	4.864798448878891e-01	2.927999744013516e-01	3.442918011896511e-01	3.754600906254014e-01	3.307652551252996e-01 
71625	3.636415581035364e-01	4.577744267909444e-01	3.489776523373652e-01	4.580773262825134e-01	3.562645618992389e-01	4.779923902975107e-01 
71626	3.178661636827754e-01	3.473796948857473e-01	3.386001781490285e-01	2.630862413426742e-01	3.307012912630012e-01	3.111205791548131e-01 
71627	5.420639821484069e-01	4.534999634748638e-01	4.752677515497202e-01	6.595778784008925e-01	6.489608330660568e-01	5.469193910420596e-01 
71628	5.946230586471146e-01	4.174104708176808e-01	5.308783133949407e-01	5.154594078005615e-01	5.408924966766395e-01	5.539416730906487e-01 
71629	8.877683373856504e-01	5.053905845919779e-01	7.342470030022579e-01	7.456881335397129e-01	6.718085188754757e-01	5.430415321043538e-01 
71630	5.186187873834192e-01	7.638689482593959e-01	6.080631551411018e-01	6.249125916538809e-01	5.491228916114543e-01	7.032309396255005e-01 
71631	7.283241204291762e-01	5.202589793799942e-01	5.288801444873897e-01	4.261603258432323e-01	5.343965288971038e-01	3.520303254541825e-01 
71632	5.919730355496301e-01	5.143827063620232e-01	6.612188705531403e-01	6.008595676547347e-01	5.749316805575860e-01	6.154412998227672e-01 
71633	2.675055296606124e-01	3.810979826556619e-01	3.017984583783879e-01	2.890771707222931e-01	2.737770775035262e-01	4.177746542566405e-01 
71634	7.318706313879908e-01	7.857842333651375e-01	6.536118472263520e-01	7.282526547046886e-01	7.863452482926010e-01	6.483129099615608e-01 
71635	3.595977882621098e-01	5.959323540303367e-01	4.608108017394084e-01	2.349423638746049e-01	6.028496919124375e-01	3.626227369944037e-01 
71636	6.014216300706332e-01	5.903191301829616e-01	3.494689288339167e-01	6.529730191943928e-01	4.826321143229952e-01	4.986440939397627e-01 
71637	4.152789594566805e-01	3.772024687840895e-01	3.303392086211182e-01	3.856593070571742e-01	3.488821597310495e-01	4.228763311527399e-01 
71638	6.801421487097032e-01	2.356036438786470e-01	6.021564897707380e-01	6.521113874791187e-01	4.362471142697187e-01	5.575495841300031e-01 
71639	2.588768096006006e-01	4.379953461158697e-01	6.563012720960499e-01	3.553098061873238e-01	4.858890270841987e-01	5.921847892383987e-01 
71640	4.481069133826326e-01	6.242915321498488e-01	4.015922386686537e-01	4.025251162195343e-01	5.105541965776348e-01	4.822800078820823e-01 
71641	3.773696301861546e-01	4.279649131373292e-01	4.833322900501089e-01	3.419572276117274e-01	5.855384543836610e-01	3.692793611064581e-01 
71642	3.283134868545670e-01	4.200947679364143e-01	5.408578498893797e-01	5.208418116138225e-01	2.880289717505261e-01	6.111205566523767e-01 
71643	2.886673984746423e-01	4.296487317471765e-01	3.076358193118097e-01	5.211059242688150e-01	3.153380676473197e-01	6.122110826474030e-01 
71644	5.632528735026303e-01	7.690885619681237e-01	5.299627750590123e-01	7.372861388141302e-01	5.765937212600626e-01	6.715393020713905e-01 
71645	6.437929714798992e-01	5.203098154128517e-01	6.990543963298723e-01	4.016688553450674e-01	6.226254476758265e-01	7.110947545139567e-01 
71646	5.537677683565064e-01	1.870523439743058e-01	4.005012367652757e-01	4.032971274794808e-01	4.528695572918222e-01	5.322648071329393e-01 
71647	5.703076144900447e-01	5.474541341036594e-01	5.368869261464586e-01	5.066822247162507e-01	5.557412113133737e-01	5.860131932367215e-01 
71648	3.622227919408800e-01	5.738947152001057e-01	6.406358849758848e-01	5.565703113370450e-01	3.605390889342483e-01	8.510116601063284e-01 
71649	3.211626145999313e-01	3.547895693481748e-01	4.102960558594900e-01	3.143453360516976e-01	3.009010505034661e-01	4.521334240584313e-01 
71650	3.952736084800411e-01	8.246148970030849e-01	4.865776751033876e-01	5.548928653838742e-01	4.708355559213389e-01	5.912219037334729e-01 
71651	5.388464926539527e-01	4.567911217986514e-01	2.999960132299641e-01	6.005012463583437e-01	3.822735826551604e-01	4.112081460048844e-01 
71652	5.889782709394050e-01	7.003253515152973e-01	7.732648844689902e-01	5.622486097774855e-01	5.963632016775557e-01	7.912565972817472e-01 
71653	8.558863364717335e-01	6.036731504358319e-01	6.271734201048018e-01	6.609469849805338e-01	6.760000904143777e-01	5.303334136258135e-01 
71654	7.668160974106899e-01	3.455681087865060e-01	7.130387127019521e-01	4.725473050880406e-01	6.814875200560866e-01	5.912981831146654e-01 
71655	5.908247666601640e-01	7.125943137292343e-01	7.126375877939534e-01	7.694548178219612e-01	7.501877319791016e-01	6.212441340503398e-01 
71656	2.627400359207920e-01	2.669874910128173e-01	2.985325458705145e-01	3.277680892564150e-01	2.937874610976732e-01	3.507564880202442e-01 
71657	2.976966115442392e-01	7.362264250930539e-01	4.551242465044781e-01	5.446404699786038e-01	4.448449327631691e-01	4.990208209534745e-01 
71658	6.554815049428422e-01	4.983143819366392e-01	5.927585450494142e-01	7.887193024272852e-01	2.898077212102181e-01	7.731571111368756e-01 
71659	5.390175744544428e-01	5.726873566383913e-01	3.886509876283460e-01	5.075030404338340e-01	5.324179141927212e-01	4.707849734016852e-01 
71660	6.082368964107290e-01	3.442097410786860e-01	7.736635154001436e-01	5.116700040776556e-01	5.674066942079135e-01	4.817645409161953e-01 
71661	5.560645940415387e-01	7.793505372334375e-01	5.788475213224100e-01	4.577129987196656e-01	7.062867405541454e-01	3.223134552146359e-01 
71662	6.533105371622316e-01	5.569172976769997e-01	4.785612120998321e-01	6.059592564271288e-01	6.651122388643151e-01	4.985016680592362e-01 
71663	6.194699043752546e-01	5.115682121960747e-01	5.732706950030535e-01	4.653843476923098e-01	6.881519719462768e-01	3.029349401427959e-01 
71664	4.869711834803094e-01	7.019184936740586e-01	5.392532517582047e-01	6.182496761113776e-01	4.372833906025620e-01	6.408306171588842e-01 
71665	4.375586929336833e-01	4.731590857635029e-01	5.817916885122192e-01	6.221460995293377e-01	4.917863986700952e-01	6.764105819661130e-01 
71666	4.171047717976360e-01	2.395678167272798e-01	4.285151756385339e-01	4.852885757710608e-01	3.072894222128271e-01	2.468036059936999e-01 
71667	4.406129803594334e-01	6.746195934381556e-01	3.127835722338046e-01	5.874172125765245e-01	3.251113930124331e-01	5.889384278154735e-01 
71668	5.585943238170481e-01	4.047469355103227e-01	4.155286178582389e-01	5.745187701001155e-01	5.074309309037521e-01	3.595654005092684e-01 
71669	4.826907247062466e-01	3.520727697810885e-01	3.125602544731556e-01	4.389673077473827e-01	5.507695984136152e-01	4.131558034069149e-01 
71670	2.732758513953178e-01	4.167000264590746e-01	2.254266712708163e-01	5.310347547464476e-01	2.041513874550033e-01	4.159178090602091e-01 
71671	3.484361386638192e-01	3.858685125846313e-01	3.345637848958613e-01	3.183677579241314e-01	2.807583118716901e-01	3.250930139482079e-01 
71672	3.864083696218987e-01	4.855091756838548e-01	4.405156746695392e-01	3.429278877269012e-01	3.562325209131885e-01	3.980425039944785e-01 
71673	2.762722645506338e-01	3.040086307765621e-01	3.324041991522539e-01	4.170968452862223e-01	2.519081772539672e-01	3.711392900207764e-01 
71674	3.632338350265498e-01	2.206665643408289e-01	2.887348736795839e-01	3.317123168495740e-01	3.215787388536794e-01	2.203340398625004e-01 
71675	2.739412922423592e-01	3.228726565950822e-01	3.637909379922261e-01	9.811648869627893e-02	4.431226529437133e-01	2.535860686425069e-01 
71676	5.157524943578156e-01	2.944755265452056e-01	3.541649391644021e-01	5.093865373755539e-01	3.946352754889018e-01	5.362880152891669e-01 
71677	3.228434077293468e-01	1.795600244023516e-01	2.436772646572919e-01	2.575186703792188e-01	2.181852099731434e-01	1.476206572632099e-01 
71678	5.757682962295471e-01	2.678626603240016e-01	6.307959983277105e-01	4.768399620343001e-01	3.445854794285372e-01	4.490702126055779e-01 
71679	6.391695747385846e-01	5.445500138999244e-01	4.668210565992892e-01	4.562674677495899e-01	4.516570376007110e-01	3.590099569650718e-01 
71680	3.506677910355674e-01	5.159833984535376e-01	4.363675040794815e-01	7.070515323445367e-01	3.520086331829996e-01	6.485716559995114e-01 
71681	5.288187533181028e-01	2.668215581885662e-01	4.621368515255997e-01	4.988199408893915e-01	2.999495247877038e-01	3.904937579967798e-01 
71682	5.901395786689769e-01	5.866419699985052e-01	5.396754290964798e-01	5.197014179054142e-01	5.886477934623635e-01	4.380938733617288e-01 
71683	3.718064958820330e-01	2.066553419693922e-01	3.094208266231427e-01	3.854115808165913e-01	3.798390412516694e-01	2.594738202623019e-01 
71684	6.277568261153172e-01	5.938141525947632e-01	5.963190891804611e-01	5.903221295452145e-01	6.745396525884018e-01	7.070685140887238e-01 
71685	4.746117279528761e-01	6.589616634307485e-01	4.309872180271726e-01	6.200540638259467e-01	5.880526280422431e-01	7.992823746665551e-01 
71686	4.019541680522202e-01	6.813724306233098e-01	3.975637760842947e-01	4.497297807295157e-01	3.265647870700661e-01	3.657505991704719e-01 
71687	3.497259712090954e-01	3.324651268982077e-01	2.623721502811119e-01	4.479086986827623e-01	2.678905672247223e-01	4.153560627592301e-01 
71688	5.135596271495912e-01	7.579466633690185e-01	4.340480257902533e-01	7.061545435149343e-01	6.537201618922677e-01	5.854543309709976e-01 
71689	2.945723028821202e-01	3.709090619460583e-01	3.122308713419744e-01	2.803533835116656e-01	3.956429228460802e-01	2.687858358425647e-01 
71690	6.809757050931341e-01	8.187381451999819e-01	6.170414713254309e-01	6.682762881421465e-01	6.624761555416110e-01	7.638574051073030e-01 
71691	5.231817200067387e-01	5.589687204133901e-01	6.896895133786408e-01	5.031066955944017e-01	4.749418071307833e-01	5.666426821180521e-01 
71692	2.978736407289952e-01	3.889887118759128e-01	2.704177768607281e-01	3.167599008771707e-01	2.431393956675856e-01	3.529876570360843e-01 
71693	3.164127377685832e-01	5.502598472120128e-01	4.166781520944987e-01	3.817011223494934e-01	5.165418624323782e-01	3.427832416524560e-01 
71694	2.044042985900674e-01	3.986224679269351e-01	2.882135672981886e-01	3.732856668220499e-01	3.729667100808959e-01	5.065189889434809e-01 
71695	5.749612592120676e-01	4.108241627868378e-01	6.314532320832875e-01	3.111620005721299e-01	5.614706625967487e-01	5.087336560607465e-01 
71696	5.575870032950238e-01	5.566832954646144e-01	5.585091477497051e-01	2.774188071225689e-01	5.434443994749811e-01	4.610286417660681e-01 
71697	1.805072342186397e-01	3.442082729158741e-01	3.304114150136954e-01	3.228136095471107e-01	2.956370607603110e-01	3.102609971194355e-01 
71698	3.663880915937311e-01	3.543916617523450e-01	3.922770528131877e-01	3.810158799237086e-01	3.763419073336259e-01	3.541727512524812e-01 
71699	4.370299702778827e-01	8.485191208891194e-01	5.030532462427457e-01	7.835174259729856e-01	4.436286942507768e-01	7.275999600506218e-01 
71700	4.079719241706118e-01	5.674317100542519e-01	5.047110496865226e-01	3.385748535613392e-01	8.137337829399462e-01	3.170600951413652e-01 
71701	4.766226955495281e-01	6.571429560763122e-01	5.536694157236162e-01	6.280371489595811e-01	7.296965614824188e-01	4.645224077638207e-01 
71702	3.037127649898638e-01	3.683045250491683e-01	4.571045313574272e-01	3.914009131043869e-01	3.426761973343623e-01	2.823048867556859e-01 
71703	6.545341278128992e-01	6.206740827110737e-01	6.496089285627240e-01	6.166527313653737e-01	6.695965112429432e-01	7.042109419511208e-01 
71704	5.515585487608825e-01	5.686326385937635e-01	7.330144042970166e-01	5.539057597565442e-01	5.032806671600576e-01	7.547413606755773e-01 
71705	8.138955489458800e-01	7.012115617562513e-01	7.185255763204709e-01	7.140272910298082e-01	8.235763027554902e-01	6.983768715012399e-01 
71706	1.431522626167412e-01	3.554784239155661e-01	2.925013499685026e-01	2.502335040920297e-01	2.766869811984246e-01	2.934505878293885e-01 
71707	2.661485251822342e-01	3.541375327048505e-01	4.524021920192670e-01	3.238135891027984e-01	4.721250483991605e-01	4.316466885515441e-01 
71708	5.191479097937264e-01	7.843110825387030e-01	4.634685955521973e-01	4.811414496085569e-01	3.971335602653768e-01	5.716184242084583e-01 
71709	3.799182438956225e-01	5.217776205746445e-01	4.931748649457607e-01	5.528202024895718e-01	2.830944670571054e-01	6.708622199632615e-01 
71710	5.627161674703762e-01	5.222841444804140e-01	6.603468440229021e-01	6.632038321808498e-01	5.905174877440964e-01	7.369593267847871e-01 
71711	4.528492151058993e-01	5.631736614254315e-01	6.958298507688929e-01	4.657634506088300e-01	6.668889357689165e-01	7.644919274994985e-01 
71712	5.394289469871854e-01	4.913088106631766e-01	6.311803584661373e-01	6.568314460796062e-01	5.049532403333581e-01	7.055641581702379e-01 
71713	3.681968505630615e-01	4.113610719488450e-01	2.627370339422596e-01	5.554018854364517e-01	3.550012793725720e-01	4.049275589476362e-01 
71714	5.719889017419966e-01	5.007509754833890e-01	6.386025448319506e-01	4.518957999317424e-01	6.182170318561580e-01	4.048907463019771e-01 
71715	7.536638848676036e-01	7.060834474281918e-01	6.390910541203803e-01	6.955570792584749e-01	6.984206536037092e-01	6.178527541875722e-01 
71716	3.322104886715156e-01	4.111415762938079e-01	2.411206639996801e-01	4.344514990204865e-01	2.864301312453326e-01	4.123975786492427e-01 
71717	8.092209368713255e-01	4.012819269508608e-01	6.685875340125597e-01	7.468104662151069e-01	6.883946967866506e-01	5.325793802326055e-01 
71718	5.802510464626274e-01	4.935473033805067e-01	5.659511368693303e-01	6.124965977609389e-01	5.989316745259681e-01	3.820323181528482e-01 
71719	3.978188688179755e-01	4.975781526484361e-01	4.577152393902355e-01	3.666269129140863e-01	5.203752381274194e-01	4.365419202839196e-01 
71720	6.746087486200361e-01	7.055457880382465e-01	7.394082423448687e-01	7.311285467922681e-01	5.919334543117024e-01	8.478082436187159e-01 
71721	4.973703916593136e-01	6.158622298403602e-01	3.887311530825144e-01	3.088822588031603e-01	5.267600287118668e-01	2.316484021720530e-01 
71722	1.984885217392254e-01	4.504603233943741e-01	4.042350893420076e-01	3.119006156092661e-01	4.492515685506379e-01	3.612103087035933e-01 
71723	7.337286999080004e-01	7.001566945473756e-01	6.150409117451159e-01	6.680535879971774e-01	6.910583554633427e-01	6.352232518315770e-01 
71724	2.770537435159708e-01	4.186367622726400e-01	3.123980276380581e-01	1.965810091275400e-01	3.473127629339183e-01	2.148689309813815e-01 
71725	3.117713531413163e-01	4.258461938847600e-01	4.191967558732007e-01	4.136936337389924e-01	4.896360050893925e-01	2.689612358541627e-01 
71726	3.596634838820492e-01	5.213266793082568e-01	2.992625952654913e-01	3.595368646970309e-01	4.095022938674249e-01	3.292949266261516e-01 
71727	6.493398229069263e-01	6.990312470570832e-01	5.747112826727909e-01	6.331169769551309e-01	6.559427155258633e-01	6.829075380001708e-01 
71728	3.087664746928732e-01	5.050515566982919e-01	3.272928082866309e-01	3.870750328488231e-01	5.264964971486670e-01	5.136517509151097e-01 
71729	5.694140383872519e-01	6.937481615700454e-01	6.568501535242250e-01	6.669711305709027e-01	5.678913274703221e-01	7.467914073120268e-01 
71730	3.979247728085994e-01	3.779158974539146e-01	5.023382032105226e-01	5.700878253129396e-01	5.386525163589717e-01	4.052674487100065e-01 
71731	2.562830599180043e-01	1.759599072469660e-01	2.455396520133206e-01	3.615869315999157e-01	2.706800091539919e-01	5.092840854988159e-01 
71732	2.423084477038477e-01	6.331194866672777e-01	3.868403440832988e-01	6.362970734220119e-01	4.751952490643740e-01	4.882724560215090e-01 
71733	4.349783481390708e-01	3.935147644657280e-01	5.565167216990723e-01	5.056157562120462e-01	4.061196649660085e-01	4.653266388890583e-01 
71734	7.381129159325682e-01	3.675140260090133e-01	5.314994640487258e-01	6.556243273231065e-01	5.657194833231272e-01	3.748755695816853e-01 
71735	4.238010262934450e-01	4.799872293673171e-01	5.610708515805940e-01	4.216798899099128e-01	4.391496050060498e-01	6.388537965210730e-01 
71736	7.806389543529078e-01	6.870639448626754e-01	5.021231169930784e-01	7.132799969832415e-01	7.275478485724546e-01	5.650876652676292e-01 
71737	4.922409660648085e-01	5.490499273941036e-01	7.768265404426928e-01	4.842150680774251e-01	6.594073483666394e-01	6.580707213713406e-01 
71738	4.301320223510511e-01	4.931196459188024e-01	6.098795268003472e-01	3.767614139322621e-01	3.544829578647527e-01	5.840685447074319e-01 
71739	3.584831543814725e-01	5.609258527969601e-01	3.936358637380052e-01	3.434971942038895e-01	4.745629345694266e-01	4.583108106556465e-01 
71740	2.381712496621329e-01	5.279349062638706e-01	4.604551269704187e-01	3.324494130928634e-01	3.427220656060141e-01	5.052400538768544e-01 
71741	3.056889051714006e-01	2.863984624928081e-01	4.739123352507577e-01	3.065244117586011e-01	2.306924548982757e-01	4.207140857659950e-01 
71742	3.356436127310348e-01	2.884871154941730e-01	3.557048504030687e-01	3.805489983981735e-01	4.300726803113601e-01	5.330675797293192e-01 
71743	3.323937179704246e-01	2.428093151790660e-01	4.004046916370243e-01	4.659329191962289e-01	3.995341015909916e-01	2.580481810652492e-01 
71744	7.718159376398264e-01	5.367599159201004e-01	6.497694874693658e-01	5.504105620225055e-01	8.178914367915595e-01	3.751854993056151e-01 
71745	6.021604283331328e-01	3.047122454475219e-01	3.682455103203863e-01	5.658041308945487e-01	3.209037737918676e-01	3.338010907195353e-01 
71746	4.676351838794632e-01	5.586606070083232e-01	4.104351183488587e-01	4.363259930690277e-01	4.698091880610532e-01	5.468024212743314e-01 
71747	3.098283419055494e-01	6.001407385468964e-01	5.145527520969398e-01	4.493061113498788e-01	5.228454939473963e-01	4.413609381142946e-01 
71748	6.849028093849627e-01	8.050847477980714e-01	5.555094447431634e-01	5.847764797677774e-01	6.462315490373245e-01	6.191672826234573e-01 
71749	7.029885058321985e-01	6.312709382074582e-01	6.246514103266132e-01	4.961908463651243e-01	7.684921171010567e-01	5.664545205426259e-01 
71750	6.339850208403643e-01	6.100932611302210e-01	4.849607141455258e-01	6.081085125843859e-01	5.927485735936058e-01	5.310804035491907e-01 
71751	3.269219602432087e-01	3.803517694166528e-01	5.578487421786331e-01	5.002492128465927e-01	3.138063841043712e-01	5.271115482788109e-01 
71752	7.015160113738925e-01	4.757309076852682e-01	5.503966486256622e-01	5.737555882134584e-01	5.804585378537003e-01	5.607309575412491e-01 
71753	5.018192437369599e-01	4.701601710627915e-01	3.916870515851968e-01	5.633695086211021e-01	5.108303694994354e-01	4.675188749424745e-01 
71754	4.683096293106073e-01	3.219868009538351e-01	4.344438923788386e-01	4.815094591572602e-01	3.636988743561532e-01	2.933241189770387e-01 
71755	1.883450416946265e-01	1.448057403949040e-01	2.085969437595066e-01	1.889138640690966e-01	1.402514155145949e-01	2.639413295022838e-01 
71756	3.595128683117477e-01	6.510402398314317e-01	3.072243766776903e-01	4.441599501489416e-01	3.362035326742530e-01	4.939279339171690e-01 
71757	5.068763275561073e-01	5.699598574602538e-01	6.636847003084911e-01	5.369771164376845e-01	5.466437686012361e-01	5.950906877076524e-01 
71758	2.485498445667915e-01	2.972332709061913e-01	2.615974018201438e-01	2.219562380354045e-01	3.171078769178599e-01	2.823403728857112e-01 
71759	3.480314460348410e-01	3.609062947518824e-01	5.921911134802759e-01	1.302345530675766e-01	5.542455905488817e-01	3.660889151856798e-01 
71760	4.027553966050337e-01	4.029443385842668e-01	3.338851455720467e-01	4.361366807877978e-01	4.141349099487922e-01	5.176337613252424e-01 
71761	4.469395968916240e-01	3.461197979704217e-01	5.183930683743103e-01	4.272690573821525e-01	4.772513592019406e-01	3.121955677411914e-01 
71762	2.170241466871810e-01	3.726751969178335e-01	2.851809352138114e-01	2.489591711745736e-01	3.918029448393811e-01	3.038609315178112e-01 
71763	5.789565977092181e-01	6.388349937111414e-01	5.746072847793925e-01	5.981134629840252e-01	6.075887608513595e-01	6.626614943540163e-01 
71764	4.328963670961769e-01	3.029076622432046e-01	5.208758789979437e-01	3.483729405005757e-01	2.801857515863350e-01	4.204765117337289e-01 
71765	7.259803910261764e-01	3.362445500534034e-01	6.440780721097241e-01	6.102934240464066e-01	4.070831312324775e-01	3.807664091826023e-01 
71766	3.991351476003611e-01	3.781875654172238e-01	2.392509852544417e-01	5.720139469025882e-01	3.226800567879713e-01	3.895960498534478e-01 
71767	7.620482771404895e-01	5.653588417476733e-01	6.396616426645114e-01	6.359846369489481e-01	5.234463674038563e-01	5.391122218723265e-01 
71768	1.918343074442007e-01	6.229522104797671e-01	3.854584825171049e-01	4.943711769731721e-01	4.357384948373220e-01	5.150938348587647e-01 
71769	3.790588719607170e-01	6.173079914420636e-01	4.604903384070244e-01	4.496529872596537e-01	5.937720997929070e-01	5.350591458004892e-01 
71770	5.294633223699070e-01	5.741681581769313e-01	6.459566751459496e-01	4.594920896756254e-01	5.943539867418973e-01	6.191177203889114e-01 
71771	5.715372477655694e-01	8.709132630613385e-01	5.394688659533172e-01	8.412595398163634e-01	5.738684682883315e-01	7.634817388090311e-01 
71772	5.356871238837307e-01	3.607433370732037e-01	5.156308570137214e-01	3.564361906014155e-01	6.244618787564394e-01	3.292766400175918e-01 
71773	4.093236078432602e-01	3.602704101578994e-01	3.401818650124415e-01	3.197536034017135e-01	3.448015088598121e-01	5.077605972947513e-01 
71774	5.792822100211603e-01	5.608370763619908e-01	5.951279235943899e-01	4.707647514048005e-01	8.025503595846898e-01	2.958251498820078e-01 
71775	3.839160667693312e-01	4.708380815078545e-01	3.697696279665879e-01	6.923791793783258e-01	2.737771073814277e-01	6.081079200371649e-01 
71776	3.061411745425066e-01	2.225065938232712e-01	3.634719559134467e-01	1.931330944685730e-01	4.054088481046733e-01	3.547085042015023e-01 
71777	3.702056349184162e-01	4.772189830942153e-01	3.030081513929901e-01	4.107029027396709e-01	3.626075985599656e-01	3.793504994891186e-01 
71778	3.336849161247464e-01	2.293410492121291e-01	3.060817305475858e-01	2.938154337873246e-01	3.158182760613442e-01	2.162839180150046e-01 
71779	7.014646167756845e-01	3.804725954345491e-01	5.687345123538294e-01	7.328093076277674e-01	4.183307362448216e-01	6.068230154537416e-01 
71780	5.214025776267553e-01	5.680279997981041e-01	4.485567095710142e-01	5.797677934281604e-01	5.266068787527264e-01	4.345352204300278e-01 
71781	6.190279189215784e-01	8.448764430302144e-01	7.458762723565967e-01	6.919799288491901e-01	8.293923113553727e-01	7.698505848163006e-01 
71782	2.977607145217990e-01	3.944792303978276e-01	3.475449443099692e-01	3.828122760990380e-01	3.992591344728499e-01	3.123436911519282e-01 
71783	6.371322398250454e-01	6.520080958466186e-01	6.348063077091937e-01	4.659476731510861e-01	4.642212252844269e-01	6.703291563182738e-01 
71784	4.243994477560054e-01	4.518728169492061e-01	3.760911426675418e-01	5.614573704404138e-01	4.569530229194719e-01	4.953118871831954e-01 
71785	2.601404158537092e-01	4.696654512023828e-01	4.150357259883886e-01	3.784179621909385e-01	2.802709440983809e-01	4.765934479849011e-01 
71786	4.988472555538591e-01	6.993124472030747e-01	5.114213324277497e-01	6.009901321052893e-01	5.545649067455143e-01	6.180912191966095e-01 
71787	5.855467008046109e-01	6.261447771068498e-01	5.111205427678717e-01	6.383324650598305e-01	4.016295981996113e-01	7.313055159139367e-01 
71788	3.850524465835956e-01	5.176968451311323e-01	4.228593466154377e-01	4.076151603958234e-01	2.085497651894996e-01	6.783233550344134e-01 
71789	6.677998366259148e-01	3.576580821093116e-01	4.983658572592296e-01	6.188812351760544e-01	4.456491435244317e-01	3.812778259298673e-01 
71790	5.401098093083250e-01	3.498582888580581e-01	4.415978706228216e-01	3.752838837649585e-01	4.073516271053049e-01	3.834262757336326e-01 
71791	5.873300042053404e-01	3.532409631645409e-01	5.217384471545482e-01	3.935239768850444e-01	3.938523468464664e-01	5.815228469612864e-01 
71792	1.121120304821070e-01	3.542294812903795e-01	2.607926030565256e-01	4.959630921251820e-01	2.790962412997423e-01	3.416276222959895e-01 
71793	7.073571802319215e-01	6.264848686525708e-01	6.599714260726348e-01	3.911645532823844e-01	6.402632133535542e-01	5.245490679393826e-01 
71794	4.598669252379695e-01	3.236671170798077e-01	4.552682225711456e-01	4.033054782384508e-01	5.534219557937831e-01	3.984343909949140e-01 
71795	2.390250601701615e-01	4.098079378264903e-01	3.595141916820788e-01	3.391174846185753e-01	2.628172445843884e-01	4.947947639210971e-01 
71796	2.865004908711632e-01	3.855361954939099e-01	3.498092947568362e-01	3.072264898588144e-01	3.896843836900843e-01	3.102259099183188e-01 
71797	5.616938656100812e-01	8.140784827594063e-01	5.859168736369775e-01	6.049095512118883e-01	6.906793560617144e-01	7.510186565999508e-01 
71798	4.143110754911989e-01	5.969666155368845e-01	6.428075655778323e-01	4.494122182672475e-01	4.197102506527445e-01	5.004251273113651e-01 
71799	4.775554635615474e-01	4.433200149822725e-01	3.852395335581333e-01	3.618268142397060e-01	6.350150886222842e-01	3.881160294439073e-01 
71800	2.960545550219413e-01	7.568899308654704e-01	5.202277477143094e-01	6.593339219870074e-01	3.685079355563716e-01	6.404513387427578e-01 
