45601	3.184553980147353e-01	2.229603665898435e-01	2.305915103436590e-01	1.811355278690785e-01	3.109436093864678e-01	1.877909556893927e-01 
45602	5.717149143674414e-01	5.774605584196099e-01	6.071964355315438e-01	4.883246922873238e-01	5.358861475173428e-01	6.816567359290240e-01 
45603	4.895395834846516e-01	3.720304231120438e-01	4.001572084334566e-01	5.770040074955738e-01	2.968745196755407e-01	5.707363475832248e-01 
45604	4.975984075566685e-01	2.704296813544436e-01	4.740595259251767e-01	3.350958502849963e-01	3.951360790124055e-01	4.097195499223303e-01 
45605	4.849088354192190e-01	6.036469747813726e-01	4.709883488281427e-01	3.783996450528343e-01	8.461922657086614e-01	4.503460864317490e-01 
45606	1.488172623436533e-01	2.584945696589863e-01	2.231407102103403e-01	1.942398265579653e-01	1.430778456687893e-01	2.756744212064246e-01 
45607	4.627021798462311e-01	3.906326051854859e-01	1.813428850485124e-01	3.897611376662542e-01	3.861095433963467e-01	2.983630882186449e-01 
45608	6.305661302582668e-01	6.706420688622748e-01	6.369236308126347e-01	7.508535269248029e-01	5.355121437113739e-01	5.682637245874871e-01 
45609	3.706802816487538e-01	5.608048548301818e-01	4.869542538116660e-01	5.743277268433995e-01	4.955949889153607e-01	6.544582117809791e-01 
45610	6.551608337741308e-01	4.541048547494249e-01	4.684314946583789e-01	5.726897721490426e-01	7.318810343993133e-01	4.179647109474062e-01 
45611	6.259913998756269e-01	3.619468041960132e-01	5.604753727426334e-01	6.159648405320374e-01	4.249148575309737e-01	5.774291877129043e-01 
45612	5.250384906503121e-01	5.950354453971708e-01	5.594418825314754e-01	6.884097676302663e-01	5.614959413821746e-01	6.755334204077922e-01 
45613	1.323956062062628e-01	6.847343134562203e-01	5.383572646688356e-01	2.744072366009663e-01	6.036451824895606e-01	8.011172635135428e-01 
45614	6.398993968749108e-01	7.360321231105409e-01	6.930079806774915e-01	7.379174857887458e-01	7.476984655063783e-01	7.811285244983081e-01 
45615	2.722264817164260e-01	3.980891344018376e-01	4.768148691201843e-01	3.349113469817353e-01	4.013204480778886e-01	4.993518582464251e-01 
45616	3.250607434893778e-01	4.869384246522604e-01	2.271906548658941e-01	5.862365374280692e-01	3.467406187953061e-01	6.192107594420427e-01 
45617	5.426313972906777e-01	5.427640757065078e-01	5.947884812987579e-01	4.935159480982229e-01	5.699720522531477e-01	5.580643556175904e-01 
45618	5.518389668277610e-01	5.594725612995097e-01	6.683808396806863e-01	7.650294152349911e-01	4.307178717041759e-01	7.134489303029488e-01 
45619	2.191337992433046e-01	5.786181672668527e-01	5.418165713900800e-01	2.937309561400035e-01	7.770976909015748e-01	3.509712162956546e-01 
45620	7.616770241917916e-01	6.571526536061369e-01	8.488051420985814e-01	7.198338655655067e-01	7.767287783386639e-01	7.133073555875906e-01 
45621	4.915852791375842e-01	4.830331804717560e-01	3.814662304911704e-01	7.037332538660976e-01	2.588027873840732e-01	7.663384562337627e-01 
45622	4.440858039455787e-01	3.895743786859123e-01	3.404805887299844e-01	4.055074136884546e-01	6.950723532284271e-01	2.805053604918977e-01 
45623	7.230704516579404e-01	7.092640228486554e-01	8.641919191672218e-01	6.749002311318522e-01	7.163160549677440e-01	6.757445114284664e-01 
45624	4.728139163896108e-01	7.130144782140856e-01	3.199115121487860e-01	6.876205349981293e-01	4.353421660211471e-01	6.668047689137504e-01 
45625	3.702968392215524e-01	7.837053805766224e-01	4.777629418791359e-01	6.892197314249705e-01	4.537120609401301e-01	5.146918745375717e-01 
45626	4.128257381798304e-01	2.800994782792363e-01	3.083273449382289e-01	3.584410481070868e-01	4.716540608005402e-01	4.054268190888958e-01 
45627	3.499049200808460e-01	3.419913896249834e-01	3.295899610784814e-01	3.124033868538444e-01	3.186629881899590e-01	3.979053155870395e-01 
45628	5.542149194156261e-01	4.338962660012932e-01	4.515349199389032e-01	6.164937400737123e-01	5.104875113330689e-01	5.181622756308112e-01 
45629	2.814582583170696e-01	5.719032615534352e-01	4.084545410382588e-01	4.072035638624003e-01	5.234304695761471e-01	4.872789722927011e-01 
45630	1.386456660621333e-01	3.454555204414695e-01	9.036907961190574e-02	3.376271901581938e-01	1.720999090421441e-01	3.771373374577948e-01 
45631	5.620082371810584e-01	4.057154910089056e-01	4.187531017687647e-01	7.164256860642062e-01	3.817016756886584e-01	6.473220315198518e-01 
45632	4.570736311472702e-01	3.959331285753959e-01	6.424388513149690e-01	4.044921799474038e-01	3.460200456726301e-01	4.418035239763384e-01 
45633	6.508509342920117e-01	7.371189515767755e-01	7.798016127512257e-01	7.155321753774311e-01	7.150572053985182e-01	6.698428127739925e-01 
45634	6.908995468427321e-01	2.097372359277660e-01	6.240713813650913e-01	2.974451464456661e-01	5.047839074061714e-01	3.412783193018312e-01 
45635	7.658748846932191e-01	7.275455813975826e-01	7.892876335336049e-01	7.878011804640812e-01	7.220115406661564e-01	7.628679402569551e-01 
45636	4.150458616135712e-01	4.677852994870805e-01	3.503313982886054e-01	4.590312192980923e-01	4.646008511622446e-01	5.393225830047865e-01 
45637	4.378069509648886e-01	4.748561178958229e-01	3.725860736973275e-01	3.873746904140065e-01	4.315205743406988e-01	2.839548842298469e-01 
45638	6.681699758982806e-01	7.281584429374162e-01	7.091183081832438e-01	5.967716350108969e-01	6.948456832715026e-01	6.458693489197527e-01 
45639	5.394296596647736e-01	7.474477078835176e-01	6.000534915278621e-01	6.509665008772219e-01	6.424009782102034e-01	7.361301998368326e-01 
45640	5.784175432423400e-01	5.912552700150332e-01	2.354127233948753e-01	6.422072101965718e-01	4.869909658251799e-01	4.221126384084352e-01 
45641	5.292769839175335e-01	5.021196760703337e-01	4.936350258756326e-01	3.659255291641632e-01	5.587194439581762e-01	2.447750408365806e-01 
45642	3.803931925553325e-01	3.321924642702921e-01	3.641650661495743e-01	3.146717762004591e-01	3.009763949886562e-01	4.268520525694373e-01 
45643	3.803028815661080e-01	6.528944877564915e-01	4.563473447527650e-01	3.966284121399862e-01	4.651275280337277e-01	5.522132880854962e-01 
45644	6.621357287226475e-01	4.488582000139768e-01	6.020320772466174e-01	6.233869389855289e-01	5.370943013237421e-01	5.405668516603270e-01 
45645	6.512624133443385e-01	7.104685902944126e-01	6.828072989235299e-01	8.191027370119948e-01	6.314876949689922e-01	6.739372704562100e-01 
45646	4.621749187527477e-01	3.554985825955472e-01	4.360197168547453e-01	4.069630167836247e-01	4.603708678166732e-01	4.264034467341595e-01 
45647	3.199128650255855e-01	3.220911711851141e-01	3.327388760838305e-01	3.878502113415507e-01	3.143053567778352e-01	3.876828905286494e-01 
45648	6.906141925511331e-01	3.592128679458253e-01	5.468216806695393e-01	5.077278569230761e-01	4.131055372774666e-01	4.093782161800275e-01 
45649	3.968031417045705e-01	4.213292284272460e-01	4.459397799030608e-01	4.131363434035348e-01	4.721401662467863e-01	3.748061498624619e-01 
45650	5.121897694721330e-01	4.299706855868938e-01	5.612768279304092e-01	7.182275545360034e-01	2.497586719297927e-01	6.434873106316790e-01 
45651	7.630869783228558e-01	8.408658580403792e-01	6.271070007593436e-01	7.550041751269307e-01	7.810472084289163e-01	8.033159174798932e-01 
45652	3.999217745564511e-01	5.918309868660937e-01	4.698126419031698e-01	3.277284240876444e-01	5.091795603897018e-01	3.798052771054404e-01 
45653	3.560025431289735e-01	4.105245329834759e-01	2.714367624330574e-01	4.620517826697758e-01	2.166274527753763e-01	3.521013628790857e-01 
45654	7.826071057083096e-01	7.850292289669999e-01	7.073912144013719e-01	7.496993249389237e-01	7.824338090235563e-01	6.480892181024618e-01 
45655	3.858238670194931e-01	3.501101434352022e-01	2.978324659921403e-01	2.853310943986954e-01	3.683824460930852e-01	2.932231911822510e-01 
45656	3.483602870548356e-01	6.645967078045563e-01	3.997206631624818e-01	5.213243855703537e-01	4.730459116800992e-01	3.288961270995386e-01 
45657	5.519574285354447e-01	6.598069611665226e-01	6.524512890350046e-01	5.049933465882094e-01	7.120119625201354e-01	6.787422809227088e-01 
45658	4.141229920547000e-01	2.648964848793445e-01	3.305719191152979e-01	4.460467024184763e-01	2.654950406331055e-01	4.098182483021206e-01 
45659	5.569851061160678e-01	6.165404033004784e-01	3.663834715338398e-01	5.705874061734737e-01	3.984124356495299e-01	4.414219980694108e-01 
45660	3.935372130461793e-01	3.576836574785264e-01	3.281999271483063e-01	4.042897897747839e-01	5.703562001955452e-01	2.391959097838491e-01 
45661	6.724893627557911e-01	3.900285742654456e-01	2.793200007185048e-01	4.890569938886255e-01	4.014705705715092e-01	4.219551432508878e-01 
45662	4.805343375126997e-01	2.419251320768493e-01	7.104153853649650e-01	3.704224948247729e-01	4.861186676855260e-01	4.597974744505459e-01 
45663	3.152581108158264e-01	5.842679071288936e-01	4.097235914326569e-01	4.586117390480819e-01	6.414767809367372e-01	5.859911794248520e-01 
45664	5.117660540647208e-01	4.098972101015039e-01	5.593853069288246e-01	3.848592083609021e-01	5.090181770774898e-01	4.527849019325278e-01 
45665	5.275209712054323e-01	5.994665427398994e-01	6.364822860637833e-01	4.810976451768261e-01	6.846362661419763e-01	5.451986043419635e-01 
45666	6.303164002151195e-01	5.928336478996956e-01	5.479156839207445e-01	7.204093054436451e-01	5.028545934028534e-01	5.761443448855447e-01 
45667	3.112522647376201e-01	3.573822706829921e-01	3.559819533605402e-01	3.235767626153511e-01	2.042378482506290e-01	4.039585203013911e-01 
45668	5.294412051558517e-01	3.690843427805443e-01	6.676884110571757e-01	2.881460012052101e-01	5.070975984377400e-01	3.802248975838299e-01 
45669	5.120914140892415e-01	3.795037225874785e-01	2.854861490654248e-01	3.288271791389558e-01	4.695039672032433e-01	2.359443596817172e-01 
45670	1.682314762900679e-01	2.940421099560676e-01	2.552408889383039e-01	1.995707607524072e-01	2.264788344273739e-01	3.005646075572092e-01 
45671	2.527450079977608e-01	3.199079958129389e-01	2.520871182833304e-01	3.557220425070631e-01	3.362431905085390e-01	3.940421608177846e-01 
45672	3.495568235024888e-01	3.644346568714326e-01	1.676315098855139e-01	3.139466755899057e-01	3.622353435991638e-01	2.612369275912140e-01 
45673	5.436483705788184e-01	5.465244398745770e-01	5.079273961529504e-01	5.563918277320827e-01	4.498661767228489e-01	5.256054701010409e-01 
45674	3.954980496866827e-01	4.368757454829290e-01	3.629008445191689e-01	4.404652651618819e-01	4.254827645344887e-01	4.656766686287599e-01 
45675	2.841853878411780e-01	2.536207817320724e-01	3.007897372323630e-01	2.429972413919000e-01	4.417657569694576e-01	4.461540654712637e-01 
45676	6.647572602165357e-01	5.969399123485217e-01	6.713687637469276e-01	5.100086382422249e-01	5.471762358089500e-01	4.807045291165448e-01 
45677	4.051855334346317e-01	4.907309730482738e-01	2.384206057014313e-01	5.172461601902139e-01	2.967322821087353e-01	3.257059649923405e-01 
45678	4.499615037599249e-01	3.461229650416904e-01	4.066414127888963e-01	2.122934469651648e-01	5.251035341841191e-01	3.352657204636975e-01 
45679	3.469795569874111e-01	2.868270360966446e-01	2.599875191916154e-01	2.522781129161737e-01	2.238345200939448e-01	3.130550826419274e-01 
45680	4.639758303607520e-01	5.189365659350818e-01	4.235434222583572e-01	4.329411834954209e-01	6.237029645123917e-01	3.907876928675166e-01 
45681	3.599537569992461e-01	5.806531081042742e-01	7.612169255480048e-01	4.167867359719887e-01	3.567468138055050e-01	6.929320928827876e-01 
45682	3.402723469269459e-01	5.867665499225188e-01	3.798143960648365e-01	4.251337651295877e-01	5.114348252645426e-01	4.402086328311869e-01 
45683	5.538732613980065e-01	4.054887342626990e-01	6.791222651873273e-01	4.336930095543644e-01	6.273830437402633e-01	7.232265342081338e-01 
45684	2.699675404825743e-01	3.670545614519610e-01	4.996290448656410e-01	4.288743577614653e-01	4.126902130207177e-01	4.195963487369517e-01 
45685	6.805259788080488e-01	4.406050780531224e-01	5.240383708919761e-01	5.699992300182741e-01	6.520980232459967e-01	4.947114421156424e-01 
45686	5.588383553475562e-01	6.685680735621704e-01	5.759410313077258e-01	6.646481304228120e-01	6.518458688052962e-01	7.236910864392927e-01 
45687	3.594878013425793e-01	2.787994632235696e-01	4.787963741915691e-01	2.517381339999357e-01	3.321602459474159e-01	2.926054053392354e-01 
45688	6.565305893535130e-01	7.091960541164466e-01	6.239850124929320e-01	7.414292031289437e-01	7.146641587636922e-01	7.758544619104671e-01 
45689	6.074741640926897e-01	6.735794365854763e-01	5.013151088179257e-01	6.562979349242131e-01	5.960028142539989e-01	5.221939985494984e-01 
45690	7.337763942438171e-01	5.247481708060618e-01	7.054194831303406e-01	6.637755640530634e-01	6.836165530885703e-01	5.758699364156943e-01 
45691	3.562346967853515e-01	2.726071546550980e-01	2.209191655050187e-01	3.707506927307009e-01	2.888467314477374e-01	1.362893992854692e-01 
45692	3.808666400955193e-01	5.410795084058870e-01	4.725893813301705e-01	3.380146550436325e-01	5.714447951836855e-01	5.705112913269286e-01 
45693	5.122821686832805e-01	6.990741647124167e-01	6.366973337781223e-01	6.482604871141115e-01	6.136351470766142e-01	6.056791287503402e-01 
45694	6.459626594994050e-01	5.070956953446897e-01	7.043403954585113e-01	5.232687245834102e-01	5.793436994369583e-01	4.971519167075389e-01 
45695	6.675554948497817e-01	5.538406616623416e-01	6.350987847550286e-01	5.644772729406982e-01	5.801293505167250e-01	6.191452007680237e-01 
45696	5.193068908324701e-01	6.915443180177430e-01	5.434791082992364e-01	5.636732080661091e-01	6.168983407895615e-01	6.483739283180767e-01 
45697	4.859490572845038e-01	4.603602455850493e-01	6.610380626860474e-01	4.301129163582098e-01	5.675099881487802e-01	5.601392517236774e-01 
45698	7.550655932551299e-01	2.347745476625702e-01	5.012550800803143e-01	6.954999416467518e-01	4.826473821544545e-01	3.000852085962400e-01 
45699	3.827715691533244e-01	2.279078471392816e-01	4.724154077398002e-01	4.792793585676047e-01	4.106641963623330e-01	4.063844367309298e-01 
45700	6.512347134831173e-01	3.819667071242194e-01	7.187582613862405e-01	7.267809312360162e-01	3.767311669652696e-01	6.280697589691835e-01 
45701	4.088091664819189e-01	3.775527091848015e-01	4.307446362788129e-01	3.340728898332828e-01	3.181785996480586e-01	5.540921190293862e-01 
45702	5.677753355897244e-01	4.929388393214870e-01	6.075070369814963e-01	6.479912347862806e-01	2.578140541648148e-01	9.027026227656770e-01 
45703	2.805143753657895e-01	1.817995875811369e-01	2.154780881564498e-01	2.055087600848619e-01	3.440433674611537e-01	1.733041556007643e-01 
45704	3.262829006221602e-01	7.311957193641371e-01	3.912913876924903e-01	4.597682681414914e-01	5.629722916203266e-01	4.725862212973623e-01 
45705	5.115651886603435e-01	3.805420041832158e-01	4.811017782154882e-01	6.285332267094579e-01	6.546173911106548e-01	5.194395202443938e-01 
45706	3.220784652329132e-01	3.010178392339010e-01	3.188503642920880e-01	4.703307803662088e-01	2.586947298348032e-01	4.242348296175998e-01 
45707	6.786295568590150e-01	4.564119777308824e-01	4.578824028356928e-01	6.315011591747396e-01	5.105420566939440e-01	3.690248660684704e-01 
45708	5.903896518127550e-01	4.281291044653009e-01	5.638838692818580e-01	6.621484845677134e-01	5.376102813721045e-01	3.699403688355821e-01 
45709	6.148035602549706e-01	6.855692680209027e-01	6.650812005615573e-01	6.754642076841704e-01	6.132010036690061e-01	6.387326148996777e-01 
45710	2.638856943469607e-01	1.903455137926413e-01	3.328047502453231e-01	1.705895845725695e-01	2.760122868206200e-01	2.232767476021339e-01 
45711	6.192841448893933e-01	5.033757260625313e-01	2.305077423356027e-01	6.031252411711030e-01	3.556599602856685e-01	4.834166859204016e-01 
45712	4.140547930297561e-01	2.666512448082624e-01	4.628545942425246e-01	4.880218404425125e-01	3.710331789333258e-01	4.582837329848917e-01 
45713	3.710849387607756e-01	3.692663525718167e-01	3.690963082352738e-01	3.041798139909307e-01	4.325409853942582e-01	3.869024086869529e-01 
45714	3.919099837945763e-01	6.533073074933005e-01	5.117178197105616e-01	5.086012181175705e-01	3.429731229791383e-01	4.868294263573228e-01 
45715	7.477995874707049e-01	7.191330831553645e-01	6.458881296770018e-01	7.423078468962824e-01	7.872444558410185e-01	5.914025611894008e-01 
45716	6.012632618896342e-01	4.399575090344550e-01	3.558000663535844e-01	4.099080606543512e-01	5.174209373481355e-01	2.018990144276108e-01 
45717	3.851972563389311e-01	5.941550786237328e-01	2.282308121227054e-01	4.851753504578087e-01	3.090310426236189e-01	3.676650589908566e-01 
45718	5.547011003988971e-01	7.608195882741187e-01	5.548589123478447e-01	5.987584227136793e-01	7.241848185182980e-01	6.299251556863996e-01 
45719	4.176246907581487e-01	2.982563764993680e-01	4.691887322401646e-01	3.704954920781008e-01	3.373315127428763e-01	3.088420869670644e-01 
45720	4.599363798747889e-01	7.595774381780074e-01	4.778792152401465e-01	6.662222561450313e-01	5.536273736280787e-01	4.770639642197566e-01 
45721	5.868902923463826e-01	6.078732729302625e-01	6.143310549294465e-01	5.841107486142245e-01	5.675232836600683e-01	7.091270924094859e-01 
45722	4.466336635340994e-01	3.434293698233878e-01	3.299296298481889e-01	5.017209926688224e-01	5.373861402787360e-01	4.099910184414532e-01 
45723	5.762299131281361e-01	5.382716888071875e-01	6.347754514281637e-01	4.415655713533277e-01	7.568576867924615e-01	2.599095371723795e-01 
45724	2.615923233647360e-01	5.570355428346929e-01	3.070389044754294e-01	3.737732374341826e-01	3.738264173881130e-01	2.863553939652972e-01 
45725	4.254934577044097e-01	6.409503320298142e-01	6.294353475507719e-01	7.141483480526362e-01	3.526080548090014e-01	8.128820144231318e-01 
45726	4.014033875391701e-01	3.498088966429403e-01	3.552909593726401e-01	4.384832580854326e-01	3.543658499576275e-01	5.408569265127016e-01 
45727	6.935787335848882e-01	7.206048159471463e-01	6.882309408694708e-01	6.693501327940868e-01	6.755804727731796e-01	8.423267512972201e-01 
45728	6.856046413839045e-01	3.670761290990764e-01	6.433010177124542e-01	5.593560339657219e-01	5.403600813408145e-01	3.815219116671259e-01 
45729	3.391117323215614e-01	3.549097792355081e-01	4.397846753860072e-01	4.997102167838112e-01	4.667552647821360e-01	5.127646951620612e-01 
45730	4.275826276187895e-01	5.286297291601910e-01	5.178546522843954e-01	6.889378747021162e-01	4.393905881609911e-01	7.121625424936380e-01 
45731	4.184760943432841e-01	7.793227675959571e-01	4.291944976542171e-01	6.200884695453318e-01	6.615866904501013e-01	6.259595943918057e-01 
45732	2.947646814855119e-01	3.490058817050388e-01	3.442172951354270e-01	3.129196307124179e-01	3.270107941658368e-01	3.925692758332773e-01 
45733	6.313471006725957e-01	6.047023845322185e-01	3.204308226114100e-01	5.070112010219658e-01	6.728906834126483e-01	3.039656172056122e-01 
45734	3.593842549863995e-01	6.580452137114622e-01	4.291762525860522e-01	2.852411172869236e-01	7.473889305310309e-01	3.713601367397370e-01 
45735	4.943319198500482e-01	7.579468905106532e-01	1.312798460184492e-01	6.429155769139255e-01	4.356203693433398e-01	4.895874601606844e-01 
45736	3.053796701533358e-01	6.220351588904327e-01	5.726875753912574e-01	1.689927758616296e-01	6.786635987288037e-01	5.035580631558303e-01 
45737	3.944124043315737e-01	4.626577463740268e-01	3.557988907062198e-01	2.672172518567217e-01	5.113505211038925e-01	3.033705532573132e-01 
45738	3.414642997712539e-01	3.017583059957233e-01	4.328851603403155e-01	3.699915309642031e-01	3.548324675280976e-01	5.986744392468564e-01 
45739	3.609792262971439e-01	3.353892076848715e-01	3.114966328354714e-01	3.889826081839783e-01	3.287404594691117e-01	3.909867616175607e-01 
45740	6.999692473057912e-01	8.395781753917253e-01	5.637081241237216e-01	8.468571592480477e-01	6.345400984903729e-01	7.631049728014274e-01 
45741	6.494655234020639e-01	6.737071389060754e-01	7.448743171335442e-01	6.005745412289196e-01	6.633443375592281e-01	7.052466831143778e-01 
45742	5.030550804170706e-01	6.573751796790762e-01	6.589219120069848e-01	4.235169426699508e-01	8.545044321544202e-01	4.964892490856774e-01 
45743	2.742034132131398e-01	5.788551961040025e-01	3.284219772642172e-01	5.111158041909372e-01	5.195310357121461e-01	5.987177608270118e-01 
45744	6.036296664911442e-01	3.910567761669347e-01	4.554237548846520e-01	3.850787869834674e-01	5.666907338199298e-01	5.105813165667026e-01 
45745	7.466453989985796e-01	7.085863033355441e-01	7.091338640296185e-01	6.099695294390539e-01	6.221993103833939e-01	7.048177718869966e-01 
45746	3.707379078028705e-01	3.435558055480979e-01	3.561824288538872e-01	2.746645110382316e-01	3.921781214619727e-01	2.101377844367848e-01 
45747	5.084805844639029e-01	5.506189991781545e-01	4.458449592837479e-01	4.692373932675866e-01	6.560720726528831e-01	3.184394155931060e-01 
45748	3.742378076012052e-01	2.547920921969231e-01	4.035654545663791e-01	2.619491506645152e-01	2.991527116748660e-01	3.556902437539187e-01 
45749	3.358332687663267e-01	2.094155108999530e-01	3.232748535668614e-01	2.767454554323764e-01	2.701211130086062e-01	2.889808006909529e-01 
45750	6.850686545314080e-01	4.756063420205253e-01	7.186370422804433e-01	5.462678409624182e-01	7.216353793205901e-01	5.321678644944967e-01 
45751	4.142882115297004e-01	5.108525429258111e-01	4.323836659209212e-01	3.077419491169046e-01	3.792008798167343e-01	3.592197315947939e-01 
45752	4.215756658342888e-01	3.357149889777633e-01	4.836451965182029e-01	5.074238232686741e-01	4.391795981107516e-01	3.555497247917750e-01 
45753	3.136131094030565e-01	2.838800789332150e-01	3.064627814374651e-01	2.991737523932675e-01	4.704076341538225e-01	2.020133910046082e-01 
45754	4.521327352430855e-01	7.158238415840918e-01	3.371331397445436e-01	4.248821333578843e-01	6.415558950394809e-01	6.029064028873145e-01 
45755	4.301522561691581e-01	6.318208852502932e-01	3.402664370052668e-01	3.967049326556487e-01	6.820737347858591e-01	3.957700512788372e-01 
45756	2.949864174983468e-01	2.469263972070340e-01	5.457911570903904e-01	3.462930591681237e-01	3.779352077027613e-01	4.936974325612897e-01 
45757	6.484616997978494e-01	7.174344232044427e-01	4.379798539482380e-01	7.337558669052013e-01	6.011403735636043e-01	5.878874296424612e-01 
45758	4.717818475610212e-01	7.022378282538432e-01	6.117915414975569e-01	5.189348137126469e-01	7.468082563572453e-01	6.450034661957749e-01 
45759	3.778503323455205e-01	3.413504894956563e-01	5.448559778936153e-01	3.585238949785013e-01	5.348573295743912e-01	5.106276040602644e-01 
45760	4.385334271331580e-01	6.007232782947980e-01	7.083529685518127e-01	3.715609199711483e-01	6.192783289345292e-01	5.691780292093367e-01 
45761	5.270143147196924e-01	6.284542270358264e-01	5.841070522172904e-01	6.311429934262431e-01	6.652520830725515e-01	5.322271422123687e-01 
45762	3.954052423770114e-01	6.003229983120622e-01	4.298666774458498e-01	4.677586941662928e-01	5.067080704178328e-01	5.529491385084060e-01 
45763	6.472643155948963e-01	5.006005565303004e-01	6.983269283478494e-01	4.869022064964258e-01	5.497433045685587e-01	5.403790991059572e-01 
45764	3.927411262228280e-01	5.079056315562942e-01	4.653444204855587e-01	4.674343947174530e-01	4.417746198162141e-01	6.461752704160642e-01 
45765	7.146256331651888e-01	3.216412409313394e-01	6.200032103230093e-01	6.407561404310839e-01	4.169753454745494e-01	5.195529290074143e-01 
45766	5.623651948401116e-01	7.368006011467487e-01	6.592872477416057e-01	5.193376821276361e-01	5.884939749727252e-01	5.185260751481784e-01 
45767	2.552673957839481e-01	4.127494800618891e-01	3.638243567855159e-01	4.225523876007325e-01	3.538271802656102e-01	5.381025654748320e-01 
45768	3.761233923558622e-01	7.799253996578029e-01	4.487938212737235e-01	4.622466076318897e-01	7.809582725098981e-01	6.914020533081635e-01 
45769	3.800862145730849e-01	3.204354624992291e-01	3.331487046469209e-01	4.441049222505693e-01	4.200376623952451e-01	2.873951950827101e-01 
45770	4.511436526543286e-01	4.283809509179028e-01	4.412114750711200e-01	3.310636393619976e-01	2.977045546851551e-01	3.914733370914992e-01 
45771	7.210391670214064e-01	4.172594406567293e-01	5.316951872162703e-01	4.800419064747954e-01	6.835544562258323e-01	3.153641999605467e-01 
45772	4.683773991486148e-01	4.026187912394140e-01	4.199571159298419e-01	3.601931442255783e-01	5.664013949938842e-01	4.700679382023232e-01 
45773	7.104452448556815e-01	6.639703262444177e-01	7.932171273438320e-01	5.485084812444332e-01	5.769159935781820e-01	5.605499112674009e-01 
45774	4.836790636085146e-01	5.777297629643089e-01	3.870716663556405e-01	3.031519988392750e-01	5.384107013661087e-01	3.356559361131192e-01 
45775	5.781075275178226e-01	7.336777138176664e-01	3.858091623398215e-01	5.271484908149122e-01	5.659238693321565e-01	3.890106700612421e-01 
45776	4.563875585816074e-01	4.712418298393298e-01	5.019813411197519e-01	5.933712554628985e-01	7.157780917744684e-01	4.265176581634103e-01 
45777	5.695662007535489e-01	6.586816338618934e-01	5.769023811369971e-01	6.815232922440518e-01	5.187202413969556e-01	6.343512255772523e-01 
45778	4.060514320422766e-01	3.260890502466143e-01	3.401625039951998e-01	4.180087231345699e-01	2.176072401980333e-01	4.636403302477549e-01 
45779	2.360930767453132e-01	4.759382741018435e-01	2.777263380767528e-01	4.011787069527807e-01	3.757904442300143e-01	3.878412179382092e-01 
45780	2.385456440822887e-01	2.776284443603844e-01	4.077807963039112e-01	1.966799383020393e-01	4.803722288825529e-01	3.266877069011361e-01 
45781	4.400570671540437e-01	3.325403462405831e-01	2.279345087353891e-01	3.904845306174268e-01	3.766185418113685e-01	3.422954895823792e-01 
45782	3.264276787310885e-01	7.673236401983270e-01	3.460310793135146e-01	5.991455581956368e-01	3.482926443220791e-01	4.760370150027027e-01 
45783	5.579895787590123e-01	5.866954101275275e-01	3.624845141904028e-01	5.807357385434955e-01	6.933540644917440e-01	4.800274551555274e-01 
45784	5.272854581245907e-01	2.283138069494232e-01	9.088125385784405e-01	4.099386484317473e-01	5.588491058322622e-01	3.966344084979033e-01 
45785	1.941915236254186e-01	5.507322108541417e-01	2.224380675267854e-01	2.518899015221845e-01	4.246763392563018e-01	5.141578893126055e-01 
45786	1.732265725425052e-01	5.504254681324208e-01	2.720081162817786e-01	3.924900692703184e-01	4.528886846300180e-01	3.564545269125460e-01 
45787	6.890116279653760e-01	4.648207258938357e-01	6.628830414041236e-01	5.017779011686618e-01	5.899339020120254e-01	5.594149550473562e-01 
45788	2.830735483294292e-01	2.810534234485989e-01	4.642792535240871e-01	2.371278224850822e-01	3.339452517623073e-01	4.084217133516660e-01 
45789	6.464156440255979e-01	5.347929850922675e-01	5.932017032959376e-01	5.511875204015101e-01	7.133508630981203e-01	4.539468730605205e-01 
45790	7.135617231814917e-01	7.028579070933648e-01	7.342329345217842e-01	8.685663189562798e-01	5.714662629429091e-01	8.366027990269999e-01 
45791	5.954918794398768e-01	3.633902090629787e-01	4.030220033097899e-01	5.436006287857399e-01	4.948431138388622e-01	3.879353268174840e-01 
45792	5.550209590542181e-01	6.144422828206373e-01	6.505402037614614e-01	7.034038760055058e-01	7.034185879367917e-01	7.551208917140708e-01 
45793	5.664052329960849e-01	7.563309225701224e-01	5.031727320768293e-01	5.295477296402903e-01	7.811782975999022e-01	3.722200966678786e-01 
45794	4.326268178558615e-01	2.598456855740040e-01	3.510451338221794e-01	1.756749439634875e-01	4.531275065240270e-01	2.452799171558443e-01 
45795	3.036778968811142e-01	2.754641965114757e-01	2.309362736714620e-01	1.978731502676452e-01	2.048508721159221e-01	2.151051591307936e-01 
45796	3.977763240330559e-01	4.864362272713936e-01	5.898411486111336e-01	3.979853517920162e-01	6.018427475566014e-01	6.631899211240850e-01 
45797	5.948458156898269e-01	2.590328447310181e-01	8.063773733989292e-01	4.196336871696295e-01	3.988831970139555e-01	4.138033843483392e-01 
45798	6.021292622225407e-01	3.804284445238604e-01	5.144111527344526e-01	3.948086245821592e-01	7.581321630912121e-01	4.845117000831632e-01 
45799	6.294942335294424e-01	5.628391402401116e-01	6.544610927150296e-01	5.633371989378773e-01	7.095562707503222e-01	5.562055897349374e-01 
45800	4.615092328131183e-01	5.499294284125058e-01	7.188084272627614e-01	3.971662315764958e-01	6.110212592225879e-01	5.430997135787898e-01 
