13801	3.520059363074082e-01	5.717144180932956e-01	4.403519570079784e-01	4.056699600960684e-01	5.369776706096236e-01	3.860493760959451e-01 
13802	5.589574740538925e-01	6.414865341122605e-01	3.390496753127459e-01	6.461550852340613e-01	2.411640362763542e-01	5.992604412857945e-01 
13803	7.802190601195144e-01	7.414915973321416e-01	7.004022487162328e-01	8.742359870429874e-01	7.501750782548676e-01	7.657976892076521e-01 
13804	5.634015135635961e-01	7.186680648156809e-01	6.153548980597906e-01	5.333605074572401e-01	6.067162976616891e-01	6.679493849075435e-01 
13805	8.053023536448858e-01	4.749110131421437e-01	4.939464471731100e-01	4.807756150794432e-01	5.741043600441271e-01	3.778201921881294e-01 
13806	5.555180664774781e-01	4.674602800322223e-01	5.098912713361483e-01	5.541466137472877e-01	5.077188451905266e-01	3.886386718128028e-01 
13807	6.959325503695470e-01	8.042488540997754e-01	7.429066900761857e-01	6.653728115423061e-01	6.023168933859081e-01	7.879181980003858e-01 
13808	5.500245407479678e-01	4.991839450469499e-01	5.930450593607550e-01	4.501324405601736e-01	3.681069265261595e-01	4.084389367184255e-01 
13809	5.867973911338411e-01	4.185282425264187e-01	4.103413624821741e-01	5.202705317405716e-01	3.375460178062199e-01	5.069858312680375e-01 
13810	3.405326657288140e-01	6.009059635001810e-01	4.204185448332818e-01	2.305034636463479e-01	5.280864221835004e-01	4.879033351504872e-01 
13811	8.207109892644769e-01	5.540531706688974e-01	6.888723194492958e-01	5.378754224635507e-01	7.348134447220329e-01	5.611189798145489e-01 
13812	7.714141700251279e-01	4.970721424588622e-01	6.333737404348929e-01	7.696064724544469e-01	5.231116075135174e-01	7.166256142213608e-01 
13813	3.835655379528545e-01	6.538365416570199e-01	3.494795949319873e-01	4.908016186702149e-01	4.936655463920878e-01	4.592356281712958e-01 
13814	5.083245705375361e-01	4.609241949850955e-01	5.530539037288995e-01	5.544555198155927e-01	7.388638186482888e-01	3.435487955070071e-01 
13815	5.687735300100051e-01	5.971863403226219e-01	6.420943902748542e-01	5.362782211672572e-01	4.417954774171386e-01	7.299636802244580e-01 
13816	6.718533589587543e-01	5.081887738437948e-01	5.708145604257935e-01	6.143613371188115e-01	6.578658400947175e-01	5.799828671368752e-01 
13817	5.184270462716930e-01	6.215862496253368e-01	4.871277540358400e-01	5.587254006013187e-01	5.209925480645576e-01	4.940897772407564e-01 
13818	6.226559860877984e-01	5.573911937962031e-01	5.373294904777594e-01	6.475123322613006e-01	4.538583255245537e-01	6.274923372108235e-01 
13819	4.712814952862999e-01	6.219676121711224e-01	4.256070090576423e-01	5.999913696257888e-01	5.044992269710340e-01	3.453049988142802e-01 
13820	4.111427844344789e-01	5.791448911960106e-01	4.975065193269840e-01	3.043352445581733e-01	7.339977919781302e-01	3.962227685944890e-01 
13821	5.606136545063936e-01	7.602960269169037e-01	6.023593585768245e-01	5.540982681488817e-01	7.068067842762202e-01	4.577872775371900e-01 
13822	6.455441215627507e-01	7.995297903548828e-01	6.831306088009171e-01	6.415988325596362e-01	6.670211956645971e-01	6.680712495955139e-01 
13823	4.709807958723617e-01	3.836263961397645e-01	3.533495034748296e-01	8.359543925146511e-01	1.112932133989363e-01	6.282218622167111e-01 
13824	3.247718971635465e-01	4.354083798886367e-01	2.894850259257231e-01	5.357832332913823e-01	4.380779042568713e-01	4.839615086940659e-01 
13825	6.346172984604447e-01	5.416826041905101e-01	7.485665518365987e-01	6.795539160418751e-01	7.646704060633620e-01	4.884871079106529e-01 
13826	5.961163810723984e-01	6.855547331688244e-01	5.263123932414088e-01	6.657535171072299e-01	4.135912591117554e-01	3.410897397302509e-01 
13827	4.425209211338985e-01	4.458381486491597e-01	2.772746872686807e-01	6.298805404477015e-01	3.713184715502155e-01	6.020465368796990e-01 
13828	4.926014620588763e-01	4.208310599327207e-01	4.010817324907879e-01	4.564310470595875e-01	3.201503511542362e-01	6.154629802971905e-01 
13829	7.081739594167775e-01	6.443999240645687e-01	8.911993204327648e-01	4.968714907079829e-01	7.407085042531434e-01	7.033086869342252e-01 
13830	6.520045548822105e-01	5.369804890207370e-01	6.231005445182572e-01	4.241574325027446e-01	5.807472050778868e-01	5.168424492790666e-01 
13831	4.266609088712578e-01	5.200869587079214e-01	2.443548645597299e-01	3.636981493773973e-01	5.712377148143919e-01	4.135829065472697e-01 
13832	7.318203207716775e-01	6.087397992340906e-01	7.813657591776962e-01	5.606060424395000e-01	7.470386739163283e-01	5.112945900105931e-01 
13833	6.184663666380038e-01	2.623079674726033e-01	4.576684964843388e-01	5.030913566618620e-01	5.075086784259009e-01	4.546212429641683e-01 
13834	4.584565777979834e-01	4.835364990692158e-01	5.712072994159997e-01	5.485884423277302e-01	6.199410071295907e-01	4.489435260179537e-01 
13835	2.621138400066776e-01	5.671626003482872e-01	5.186633717401176e-01	4.401994499693996e-01	5.744750646170942e-01	5.970706259275184e-01 
13836	4.398879416286112e-01	4.285323377785789e-01	2.981912450259086e-01	4.369684130248823e-01	2.832499189275961e-01	3.829577766002956e-01 
13837	3.707592926289762e-01	4.366795767945744e-01	6.781006521009967e-01	6.301877520635165e-01	4.637746563673751e-01	6.700110559751123e-01 
13838	5.264519073567389e-01	5.998554119156815e-01	7.228164436350316e-01	4.487153322710933e-01	7.477682285689145e-01	7.230432377159308e-01 
13839	3.051056397395992e-01	6.766877146076562e-01	3.605693928052381e-01	4.682347753243969e-01	4.817230762776090e-01	5.770994983942082e-01 
13840	6.549800851414076e-01	4.705513044335348e-01	6.213269434781591e-01	3.474427971350509e-01	6.207352956097800e-01	3.915903554210441e-01 
13841	4.807264591733746e-01	2.900180662061375e-01	5.942009684205853e-01	2.106038203570136e-01	4.966764138745491e-01	3.532369772496529e-01 
13842	5.496658805915960e-01	4.549739741434404e-01	6.656947419507879e-01	5.638311577706228e-01	5.622265012749951e-01	4.696171147231495e-01 
13843	6.051702277037520e-01	5.799742800977594e-01	5.121917111372211e-01	4.088766948450775e-01	5.224113965666066e-01	5.082847498935241e-01 
13844	2.857266244553383e-01	3.200514446855580e-01	4.126505490590928e-01	2.540966840863040e-01	3.399338969612226e-01	3.375970895862405e-01 
13845	4.504618874966503e-01	6.481776437259383e-01	4.500474207972224e-01	3.814322549794762e-01	5.298589538715380e-01	5.066079362572057e-01 
13846	7.425291083033503e-01	7.656762571839566e-01	7.924685970716505e-01	5.825917298938609e-01	7.758187700029449e-01	7.475868415236698e-01 
13847	6.013019593424593e-01	6.591473252546169e-01	7.751326422909371e-01	5.790615079662307e-01	7.550167848121739e-01	6.054202406319603e-01 
13848	7.732939556775058e-01	6.079764935300619e-01	5.711793697714644e-01	4.325594545615170e-01	7.542980428152344e-01	4.990429965395208e-01 
13849	4.388155407116539e-01	4.781577637213894e-01	4.407835502917148e-01	6.881705704973951e-01	3.374142203490654e-01	5.968998584517458e-01 
13850	5.262210929056409e-01	2.970555380608432e-01	6.799227766877149e-01	4.322417328728323e-01	7.257612211762938e-01	4.710685719528231e-01 
13851	4.614475424636009e-01	4.827586816574531e-01	3.146731671094550e-01	4.175644789316240e-01	2.720528863763897e-01	4.012560632555922e-01 
13852	6.011700128343375e-01	7.636939997902017e-01	5.945198626321966e-01	6.617684586097446e-01	7.334429263665871e-01	4.731401488273025e-01 
13853	6.677931389110112e-01	5.197316558909018e-01	7.674026196639328e-01	6.294457144419198e-01	5.105473426174244e-01	7.340050192401419e-01 
13854	5.163526472287490e-01	6.460962727807189e-01	6.301465861448505e-01	4.866643295903581e-01	5.511763520040868e-01	6.711806015128692e-01 
13855	4.845955672277258e-01	7.361971977038383e-01	4.160432698600604e-01	6.139660440813495e-01	6.530787800273040e-01	5.838980932064524e-01 
13856	4.793271304813249e-01	6.343926965018551e-01	6.805074687244350e-01	5.175466643240423e-01	6.020765356573992e-01	7.188139690196702e-01 
13857	5.246434384398208e-01	5.906280834906091e-01	4.813310169432247e-01	7.038947040253147e-01	5.870855338139507e-01	5.562983733631907e-01 
13858	6.523639294209971e-01	6.327450668235305e-01	6.028491928505200e-01	5.789964758317381e-01	6.131304872168563e-01	4.018305348259644e-01 
13859	4.223082781908714e-01	5.173845433300208e-01	5.142452058577494e-01	4.848709842429782e-01	2.571787102956726e-01	6.911416481532959e-01 
13860	4.818301282067224e-01	4.871392478623977e-01	5.091635873257268e-01	4.111009805949004e-01	3.572455926597366e-01	4.658043948891111e-01 
13861	4.854431233080773e-01	5.984764116546126e-01	1.093475128366367e-01	4.575692061581428e-01	3.534432290268203e-01	2.551516189839571e-01 
13862	3.734374307066574e-01	4.603685832826930e-01	4.504702182615778e-01	5.856033827359395e-01	2.881761428290592e-01	6.310474804635866e-01 
13863	2.859451972311009e-01	3.323416640086744e-01	2.023819997887024e-01	2.791116119741502e-01	2.676674268664477e-01	3.419528478982949e-01 
13864	3.867485648944242e-01	2.170578471159331e-01	3.999686290544782e-01	3.375446996368561e-01	2.684794255566912e-01	3.931657177857376e-01 
13865	4.900410425665480e-01	2.749431122796722e-01	4.045374799110861e-01	2.672144463509637e-01	2.996067758481107e-01	2.711114885155224e-01 
13866	5.713309657394096e-01	4.539316412223571e-01	6.549196546317311e-01	4.115800622471680e-01	5.992525909221808e-01	3.736345260810685e-01 
13867	5.399279784462072e-01	5.919246567985184e-01	4.841937483364126e-01	6.905081292906166e-01	5.052590433246171e-01	3.866829108642686e-01 
13868	4.105666793243075e-01	2.853082719131557e-01	5.269559512695041e-01	2.897807993091486e-01	4.207067412305951e-01	3.651460178563528e-01 
13869	2.796763874654476e-01	5.657433755028429e-01	6.483815895346475e-01	2.548621096541068e-01	6.111550368781272e-01	5.442437566714950e-01 
13870	3.639524354972698e-01	3.268884487994038e-01	4.236149488939772e-01	3.176689443290172e-01	4.247920565241353e-01	4.516121170034315e-01 
13871	4.297446690586254e-01	4.303790109677494e-01	5.331745342284209e-01	5.252210643633183e-01	4.298535965441971e-01	3.485378058995597e-01 
13872	4.678708831295009e-01	4.407095780156339e-01	3.104101986955569e-01	5.854648426883563e-01	5.262087788909153e-01	3.264694918552845e-01 
13873	3.549889572146097e-01	5.140470657452945e-01	3.054978961975934e-01	5.392972843036214e-01	4.714588691219238e-01	3.209941491938506e-01 
13874	4.909938084857358e-01	3.331894548819534e-01	6.850712804284830e-01	6.767833013139384e-01	2.717239356652234e-01	5.815700265322543e-01 
13875	7.319195792021624e-01	8.085581046799148e-01	7.760580610500428e-01	8.230739451903214e-01	8.152703717797387e-01	8.175470391457289e-01 
13876	4.099052984125947e-01	5.007761418444923e-01	3.739834265449467e-01	3.793188344891268e-01	3.828293139779638e-01	4.013251665253743e-01 
13877	3.861408978964013e-01	2.284678642464420e-01	4.105472323753566e-01	3.799376235776807e-01	2.717948455682717e-01	3.097374913040625e-01 
13878	8.379293214036394e-01	6.273724935317393e-01	8.236416341701295e-01	7.350213949768314e-01	8.360877761059073e-01	6.686674413526917e-01 
13879	6.807375722161590e-01	6.387145482364177e-01	3.809728660614315e-01	7.659708408031255e-01	5.552325205243329e-01	3.965575024929733e-01 
13880	6.898975730914294e-01	2.966093914385786e-01	5.896999857260679e-01	4.717128767123834e-01	4.822987680063290e-01	4.128108440754639e-01 
13881	3.201596049250933e-01	3.560659059422750e-01	3.222360239207694e-01	3.006490104001652e-01	4.890506504768083e-01	2.977957303668382e-01 
13882	7.081476758762775e-01	6.917466016008453e-01	5.502770110018737e-01	6.132150418201500e-01	6.294523896451745e-01	6.283112783168765e-01 
13883	5.230691124521469e-01	2.672991107846858e-01	3.895703506959094e-01	6.125714426788545e-01	3.890837263157487e-01	2.381690092869906e-01 
13884	4.495541284142118e-01	5.709287165142946e-01	4.981841559551733e-01	3.874863734264180e-01	6.083408046003953e-01	6.564161507270482e-01 
13885	2.025999510995594e-01	1.952860529131561e-01	2.299737482381890e-01	1.762930361533268e-01	1.806234974216753e-01	2.633748564398116e-01 
13886	4.884085264502386e-01	7.490353737510307e-01	7.189914221194805e-01	5.539653259734746e-01	6.759967227076369e-01	6.748572749106994e-01 
13887	7.982293194996735e-01	5.820701508955249e-01	6.071319029224312e-01	7.134027832861866e-01	6.395891151388651e-01	5.309476356046750e-01 
13888	2.916789775236648e-01	5.731680724049060e-01	6.120459351440179e-01	4.097440080370917e-01	7.693769207603440e-01	4.639863461366125e-01 
13889	5.066147378705890e-01	4.219306061201065e-01	3.033893302838706e-01	4.079401264365558e-01	1.969613450760087e-01	3.551026406040098e-01 
13890	1.922644331967557e-01	2.763502622886743e-01	2.648965411340117e-01	3.079066132632396e-01	3.291163977320898e-01	2.349865035288115e-01 
13891	6.255585477698913e-01	4.437078782564723e-01	6.507199183068597e-01	5.113297006641035e-01	6.568296369551724e-01	4.539758443400820e-01 
13892	7.272036907432109e-01	4.080082064374314e-01	5.009886419842173e-01	5.888664565533857e-01	5.100553299748589e-01	4.533288564918476e-01 
13893	2.707872868851050e-01	5.885764316821679e-01	4.738030814718787e-01	4.915583472810309e-01	4.817651387359190e-01	5.997126355440737e-01 
13894	2.225897953970110e-01	1.935854135293125e-01	1.529681665506195e-01	4.042875841574880e-01	1.968624541458422e-01	3.337636334117607e-01 
13895	4.245941880786617e-01	2.073967007759246e-01	4.961857001384095e-01	4.696592586658118e-01	3.694715800526264e-01	4.662382872003594e-01 
13896	6.853164926136261e-01	2.610864771796192e-01	4.757943645116137e-01	4.422160910994766e-01	4.152493719171578e-01	4.649679840275949e-01 
13897	2.790125995060163e-01	5.766372190221832e-01	4.139524173736597e-01	5.025475275126832e-01	3.493903435985518e-01	3.993938682294191e-01 
13898	4.939773431522638e-01	4.913306363872200e-01	5.179348215235204e-01	6.824421256965310e-01	3.465720661818454e-01	5.657286854566637e-01 
13899	4.681479003183344e-01	8.255848412462368e-01	4.643785337600432e-01	6.390684257933532e-01	6.149710954138976e-01	4.473754645312070e-01 
13900	3.290808851531608e-01	4.376166615099568e-01	3.983203644556744e-01	4.345220156959933e-01	2.668889438063298e-01	4.680200053940045e-01 
13901	1.830064141451136e-01	1.671226930922239e-01	3.098280388193995e-01	2.244135204068712e-01	1.432237516596499e-01	2.304131740528325e-01 
13902	6.332062843740887e-01	5.366613473512107e-01	5.448880500211455e-01	5.324980837623721e-01	7.024742721053292e-01	5.295781156308010e-01 
13903	3.164814509511855e-01	3.609994781123428e-01	3.777547641636880e-01	4.850103449688635e-01	4.541824587579461e-01	5.222320655373265e-01 
13904	5.544853668076932e-01	5.575727095139378e-01	4.965003648125845e-01	3.493137561650796e-01	7.174730107891795e-01	4.291899357826343e-01 
13905	6.344343197941708e-01	5.724267663972169e-01	6.833937979807989e-01	7.296260515973019e-01	6.676833195189426e-01	6.567446454256333e-01 
13906	3.217856553511473e-01	5.792194481080217e-01	6.020732533801428e-01	4.292712244242485e-01	6.044129528100560e-01	5.620850707947808e-01 
13907	5.131591290016471e-01	5.755309334414533e-01	4.936638203363918e-01	4.171407004856508e-01	4.243266445738131e-01	3.979066625993178e-01 
13908	4.084315108582003e-01	3.617943259068909e-01	2.911698087724768e-01	4.092309434592403e-01	2.922524179776290e-01	4.211015320866828e-01 
13909	5.870314965874665e-01	6.805377708845300e-01	7.481028859797438e-01	6.847858033348291e-01	6.451244367791265e-01	8.203210266990918e-01 
13910	5.563473969406658e-01	3.213416304068403e-01	3.628387284229955e-01	4.049484925610182e-01	5.311131854739169e-01	3.045241199314411e-01 
13911	4.638127896689840e-01	5.006646328082640e-01	3.549069009911724e-01	5.197526424384045e-01	3.723757920901907e-01	3.573158171152959e-01 
13912	3.784201300727876e-01	6.985178093217048e-01	3.405061926818171e-01	6.025704490484372e-01	4.059458005666435e-01	5.694546516134016e-01 
13913	1.730716512757330e-01	5.678501706686715e-01	3.457304245675308e-01	4.224190045972755e-01	3.920555884971255e-01	4.859749719307643e-01 
13914	3.837485509885083e-01	5.342882046315365e-01	6.941431674944732e-01	3.898555737485899e-01	4.356662264389989e-01	7.019302233340857e-01 
13915	6.088653502387422e-01	6.145442519447346e-01	5.599886603774427e-01	5.741521532203619e-01	4.751163458620855e-01	6.810070037149958e-01 
13916	5.297904513287721e-01	6.125265864135442e-01	4.989671089904866e-01	5.267555055333591e-01	5.880401454086823e-01	6.121483087904527e-01 
13917	6.224621391377154e-01	5.729784834671015e-01	5.611246787968411e-01	4.703264380752080e-01	6.315867363941257e-01	6.167840875603003e-01 
13918	2.839399228451905e-01	5.792474692538937e-01	4.675644071418428e-01	5.267696097370077e-01	4.084667004985743e-01	4.994878219916669e-01 
13919	4.975323231872217e-01	5.435918008313179e-01	7.265785482976346e-01	3.608356476700860e-01	4.890414746687312e-01	7.163743749154556e-01 
13920	4.827641904045620e-01	4.787932061924813e-01	4.623317469481321e-01	6.237375480730881e-01	4.795340369959186e-01	6.791574264129607e-01 
13921	5.290862254921617e-01	7.097946833286771e-01	4.460876666965733e-01	7.928304879755772e-01	5.000639542090894e-01	7.037782739766371e-01 
13922	3.612991034470556e-01	5.322255012759706e-01	5.154722785693032e-01	3.616890239779637e-01	4.603134176218273e-01	4.804970420927874e-01 
13923	3.429288797235868e-01	5.398293536285119e-01	3.329044416450895e-01	4.264636582442199e-01	2.486448626769656e-01	4.832218135846220e-01 
13924	6.218433404614827e-01	5.138945302444813e-01	2.551449147657102e-01	6.620141447990548e-01	3.329596016896053e-01	4.442566363007323e-01 
13925	5.403319264294663e-01	6.058587123537746e-01	6.119627827856802e-01	6.864343454966052e-01	6.799864819140098e-01	5.839291243176299e-01 
13926	5.868474409686224e-01	4.443101788360437e-01	4.887156726540582e-01	5.733974711492785e-01	6.525322410368636e-01	2.905233683680217e-01 
13927	6.194529999944045e-01	7.155842551200958e-01	7.642201806810520e-01	5.703828451344604e-01	6.555351454024090e-01	6.012207768606457e-01 
13928	4.392965016616938e-01	4.187366656984453e-01	5.035002096253134e-01	3.473497518148282e-01	5.496835690002397e-01	5.067696554220101e-01 
13929	7.393377346086735e-01	5.187942981405842e-01	7.120467758474175e-01	6.327101686217280e-01	7.705605952417874e-01	5.497634381579058e-01 
13930	7.610516856886451e-01	6.921127989152209e-01	6.244943166285479e-01	6.516985722794668e-01	6.377559515564235e-01	6.372311187243338e-01 
13931	5.058817628710012e-01	4.021185452115605e-01	5.594431697905774e-01	5.813676136909728e-01	3.358703222397722e-01	5.855246373158152e-01 
13932	7.396298429406749e-01	6.776163443921317e-01	7.093232195167849e-01	6.750636194141432e-01	7.334057525362336e-01	7.635126368979599e-01 
13933	5.468915560131993e-01	5.323207370851566e-01	5.111930468160899e-01	6.479272250915794e-01	3.924076078253180e-01	7.906922558925255e-01 
13934	1.266774055934977e-01	2.423863076683143e-01	3.697875863779879e-01	2.274970973805737e-01	2.744017402412779e-01	3.298482422472190e-01 
13935	4.688425638629453e-01	4.017306500031200e-01	4.627963592542450e-01	2.499910255254559e-01	6.232115402739367e-01	4.604326026535398e-01 
13936	7.377375187409200e-01	7.608943947413874e-01	7.498237947874098e-01	6.599541727726081e-01	8.342578020698066e-01	6.282531204584857e-01 
13937	8.236200356715042e-01	6.912018575814820e-01	7.746533065436921e-01	7.185744585800407e-01	7.476153130404546e-01	7.759970939005236e-01 
13938	3.063343652384320e-01	3.285457284597406e-01	5.744962885490879e-01	2.509806616506079e-01	4.585983966333432e-01	5.189668902459132e-01 
13939	6.717500409342589e-01	7.116564404952260e-01	4.547695413447086e-01	6.891565293273388e-01	4.706105737353639e-01	5.073100994976758e-01 
13940	2.480201581400164e-01	5.266283536178578e-01	2.490449590988494e-01	4.658785528288430e-01	2.322709369384173e-01	5.476851993732225e-01 
13941	4.844084430149464e-01	6.786587765692037e-01	5.885385580976286e-01	6.816569864927422e-01	6.221036456630555e-01	5.055618965003021e-01 
13942	4.644733257973350e-01	5.307879860807154e-01	5.908800030468125e-01	4.903907684116524e-01	5.744286910248524e-01	6.308659398236178e-01 
13943	6.702679603412114e-01	6.363430260006981e-01	5.558924827981955e-01	6.730999721060040e-01	5.149633135721519e-01	6.846685524241043e-01 
13944	5.569544374135575e-01	3.143626514675565e-01	5.980606888736140e-01	4.084874714958751e-01	4.365591147992098e-01	3.509096178857430e-01 
13945	2.495628801658292e-01	3.159968066826401e-01	3.278587326682680e-01	4.127509931645951e-01	1.607093907442522e-01	4.491984057062436e-01 
13946	5.274414026882701e-01	4.969071985729112e-01	3.723810151139147e-01	6.106899854425099e-01	5.616289804960327e-01	6.319218630738784e-01 
13947	5.885566444549406e-01	5.728717756879409e-01	6.406398526625597e-01	5.617811022529211e-01	5.837529390531775e-01	4.927184055926413e-01 
13948	8.085813970939999e-01	5.832620962458834e-01	6.198217811080113e-01	6.412965712353611e-01	6.790955744503289e-01	7.086788951916609e-01 
13949	4.914541888058480e-01	6.115921446451685e-01	5.674483947112533e-01	8.026957108062771e-01	5.237640210480319e-01	7.547795274599735e-01 
13950	5.165466376536831e-01	4.489333645944184e-01	5.987703370575600e-01	4.157737145509722e-01	4.258915344818574e-01	6.328893255505690e-01 
13951	3.152340715832427e-01	5.738698949012015e-01	4.792150958880553e-01	4.173008434947656e-01	4.396138917188523e-01	6.278194429166262e-01 
13952	5.885996489421876e-01	6.479825284058893e-01	4.083911557933151e-01	8.474229768149297e-01	3.197828885620553e-01	5.568466560473040e-01 
13953	5.438708113788163e-01	5.548144321164588e-01	5.824306724557284e-01	6.890452531771799e-01	7.171400134557281e-01	4.820473522503560e-01 
13954	6.312791305120811e-01	3.933279173997830e-01	8.352832257311162e-01	5.151650856773931e-01	6.735354419678734e-01	5.695564753415154e-01 
13955	3.378075842692211e-01	4.765753747232674e-01	4.254667561746583e-01	2.772977906360686e-01	5.017584132008261e-01	3.720294090357347e-01 
13956	3.423081882662650e-01	4.137216825887676e-01	5.088653407204774e-01	3.458004812007380e-01	4.489749887196872e-01	4.445784281597998e-01 
13957	3.280518910057809e-01	6.760416422582569e-01	4.563358368810586e-01	3.573009003835215e-01	5.900882358129238e-01	3.574577318714146e-01 
13958	8.550518946874226e-01	8.254277338633816e-01	8.529864437410765e-01	8.323329200137528e-01	8.161297960253653e-01	8.318705912551501e-01 
13959	7.404451183785931e-01	3.188360566195155e-01	5.953833656541223e-01	5.513724760223747e-01	5.092186497425659e-01	4.603916734482297e-01 
13960	2.371761325704818e-01	5.159660313175943e-01	4.823369343513704e-01	4.944550349483143e-01	4.272003097739641e-01	6.979908850310521e-01 
13961	5.888684584770527e-01	6.490940055619172e-01	3.844997493302134e-01	7.530393202865243e-01	5.113844373818615e-01	5.283994893410731e-01 
13962	2.453742274994503e-01	1.628708869183606e-01	2.282483772698272e-01	3.140051345474077e-01	2.047961491718343e-01	2.245701423723984e-01 
13963	8.269228107744502e-01	5.649238383741082e-01	5.440478833268299e-01	6.820710475488325e-01	6.294851063487723e-01	4.948825813224322e-01 
13964	5.252421846684461e-01	6.877946417406321e-01	6.534297051840673e-01	6.296901183735446e-01	5.369256371921829e-01	8.283765754426544e-01 
13965	3.301707056988462e-01	3.646366035604615e-01	3.858650341519522e-01	3.743189533524848e-01	2.726730412319873e-01	2.323567214801169e-01 
13966	7.091471971382648e-01	6.665370722198007e-01	6.165178107948638e-01	6.623424425959410e-01	6.551788267999434e-01	5.378935482761593e-01 
13967	6.459753661954397e-01	5.238210146488251e-01	5.422468971851588e-01	7.697257503181754e-01	4.615200497094132e-01	5.736774117930499e-01 
13968	4.245638441735821e-01	5.896952295174920e-01	3.534023841684544e-01	5.011687934247664e-01	4.102189202444508e-01	5.299621266140990e-01 
13969	3.194496934659904e-01	4.590253817661937e-01	4.894154461461716e-01	3.607277426074669e-01	4.577368135420939e-01	3.815538243180776e-01 
13970	3.170957919747808e-01	5.075417202607705e-01	3.545160467917057e-01	2.530159017396328e-01	5.689440688636869e-01	4.627957063683690e-01 
13971	6.013963423463362e-01	4.716180979641844e-01	6.674691037311666e-01	6.526091038899391e-01	5.443853091679085e-01	7.238124825198178e-01 
13972	2.426898138000332e-01	3.088684634576213e-01	1.951577201507055e-01	2.845176205166170e-01	2.762359813608880e-01	3.518917867615137e-01 
13973	4.603412440059966e-01	2.542419134367354e-01	5.329304528422958e-01	3.946777208460366e-01	3.101341966448948e-01	2.612416631270780e-01 
13974	4.964081986710672e-01	3.348982024675349e-01	3.679909427608540e-01	5.617110972926441e-01	3.021354596819650e-01	5.097282258676754e-01 
13975	7.350935579632014e-01	5.715299543440832e-01	6.211012759229801e-01	7.484609316507428e-01	5.840140202628015e-01	6.645278910882995e-01 
13976	5.526073522248977e-01	3.545119058991534e-01	6.025463087736338e-01	5.565428224303911e-01	5.260358513168609e-01	5.070611046124835e-01 
13977	5.487984726093149e-01	7.110822858384902e-01	5.719527500307486e-01	8.905092214654552e-01	4.556744702267346e-01	6.879375159910599e-01 
13978	6.572938801944728e-01	4.925735245923497e-01	5.969745222409057e-01	6.407317545490356e-01	5.732540029155706e-01	5.144196620594046e-01 
13979	6.808905937262991e-01	7.644926785695108e-01	6.560740884272831e-01	7.538156487623459e-01	7.240729616528576e-01	7.335316318826314e-01 
13980	6.668169857324417e-01	5.612744722083864e-01	5.098142083779391e-01	7.018909281672826e-01	3.259532939543286e-01	5.302240720076654e-01 
13981	4.847565480638367e-01	4.787557738337582e-01	4.150348823989727e-01	4.270173169315058e-01	6.056726722918035e-01	6.482511682091935e-01 
13982	7.309377302973115e-01	5.704754075031799e-01	5.242422544243308e-01	6.033649675179940e-01	6.250665043452268e-01	6.206883101137841e-01 
13983	5.135161469793164e-01	7.305184067774559e-01	6.856519964803314e-01	7.162818931582242e-01	6.552867643257987e-01	7.093761351679762e-01 
13984	3.539086018286572e-01	5.418658405446447e-01	3.751355877267712e-01	6.924357078032874e-01	1.981104934221289e-01	5.504135871644487e-01 
13985	3.262658791774228e-01	5.617530772622767e-01	3.751328280838737e-01	4.297912780389692e-01	3.954329960696494e-01	3.727533890278120e-01 
13986	4.742885767825767e-01	5.074340386250510e-01	5.166716091279459e-01	3.946816848107279e-01	4.736098620936408e-01	5.139760373901200e-01 
13987	3.497745844055182e-01	3.192072643218283e-01	5.452678061677170e-01	4.804042506595582e-01	2.133040116895284e-01	3.962734085276173e-01 
13988	5.504971092153826e-01	7.632605731509454e-01	2.821951057036510e-01	7.732565093678582e-01	3.366000114458833e-01	5.751129178548935e-01 
13989	3.738245197762581e-01	3.722832003366155e-01	4.609201367302395e-01	3.744614419459186e-01	3.780440973143898e-01	4.279649171724419e-01 
13990	8.023573351629117e-01	2.802289939472458e-01	5.894147949731132e-01	5.479573522047474e-01	2.995668593045272e-01	7.165018917663601e-01 
13991	7.265974597448545e-01	2.104235031493271e-01	5.832045386508984e-01	5.863825051444590e-01	7.071292128739151e-01	4.336095114545166e-01 
13992	4.044125821531102e-01	4.453518610724268e-01	3.989495073066862e-01	3.905898030376764e-01	4.724644143703489e-01	4.289069466861314e-01 
13993	6.909555198258139e-01	4.589927152587532e-01	7.183988768973992e-01	6.480625179547350e-01	5.307898579185538e-01	5.436608005444170e-01 
13994	6.695581795283282e-01	8.355854579688891e-01	5.859293165898373e-01	8.011171034454758e-01	7.266686073624589e-01	7.344177426156475e-01 
13995	5.412085277839318e-01	4.500121642290060e-01	5.020612767907331e-01	3.854995297388528e-01	3.247857715657345e-01	5.479162064967673e-01 
13996	5.269815775788951e-01	3.355272509001910e-01	3.419089752668366e-01	2.822542154910012e-01	4.893514709276027e-01	3.860835471050338e-01 
13997	4.527640094169890e-01	2.428768208390306e-01	2.931521183130869e-01	3.282765404073893e-01	2.823740204267141e-01	2.294200912517200e-01 
13998	6.179553844325067e-01	4.310448655457951e-01	4.525947602171798e-01	5.842900946029945e-01	5.663513851307826e-01	4.659646485774784e-01 
13999	3.190824080814640e-01	2.348641366332547e-01	2.475100176773960e-01	3.643034339754265e-01	3.532419443175341e-01	2.305480227098265e-01 
14000	6.641071796657023e-01	6.429452669731340e-01	4.942134362653266e-01	6.894321470824293e-01	5.748191313044636e-01	5.981827364898191e-01 
