42401	2.612873035924256e-01	4.275047668179761e-01	2.486790172104570e-01	3.049383772576280e-01	3.462045888528819e-01	2.703142485058962e-01 
42402	6.794447961660541e-01	4.586416073271035e-01	6.029613740245031e-01	6.670281680135641e-01	6.246331309969231e-01	5.818462635526328e-01 
42403	3.911125398674048e-01	6.879463100261284e-01	4.697347466254038e-01	6.555704599814217e-01	4.914752823312445e-01	7.422972077793141e-01 
42404	5.109500568238836e-01	3.721870382642474e-01	4.853841399240057e-01	6.012992065673208e-01	3.407165681231298e-01	4.359555949044270e-01 
42405	3.353399972690654e-01	4.606731715906620e-01	5.525492880900987e-01	2.576786683517634e-01	5.802607330334181e-01	3.596185666742166e-01 
42406	6.227024093120024e-01	3.531199027830138e-01	6.815413027154372e-01	4.536792753817943e-01	5.406222519057600e-01	4.624101498569397e-01 
42407	4.585411853068582e-01	3.268455476442552e-01	3.352184626266630e-01	3.013950934654339e-01	6.075632692344963e-01	4.763952109626908e-01 
42408	6.284228430382659e-01	5.354141228477323e-01	7.142898362663508e-01	6.174163391941193e-01	5.870601998956486e-01	4.917090646860660e-01 
42409	7.332977351464378e-01	6.097341846943936e-01	6.499882905578737e-01	7.662851275958273e-01	6.088635110776972e-01	7.335557420813150e-01 
42410	4.623010321757169e-01	3.375708074811356e-01	3.151301729093545e-01	2.851069423135297e-01	3.444729510631570e-01	4.527156486121287e-01 
42411	6.084581691217489e-01	7.160270894880627e-01	6.435140507903193e-01	6.662102932785638e-01	5.283087760488174e-01	6.736630378381251e-01 
42412	5.628530174719453e-01	5.923722835943940e-01	4.346079622240792e-01	4.812755534926049e-01	6.125984705020243e-01	1.934534830106808e-01 
42413	4.116978373904795e-01	4.069879610181652e-01	4.444641492619154e-01	6.094769639873571e-02	6.157547951351192e-01	3.939582536040876e-01 
42414	5.126233801039470e-01	7.479307355183946e-01	5.477955909611349e-01	5.633429924357121e-01	4.898445661430770e-01	5.310634790519219e-01 
42415	3.700618376589342e-01	4.373994429289965e-01	5.726034916293159e-01	5.900263967081891e-01	5.457332492901682e-01	4.361321030160570e-01 
42416	4.269716169285441e-01	5.783369059688528e-01	4.230788841978905e-01	5.174721954496140e-01	4.656304911222292e-01	5.430450818922293e-01 
42417	6.719351934907110e-01	4.467114080015251e-01	6.531467724597946e-01	5.811757062802358e-01	5.449716765777650e-01	4.941157192316693e-01 
42418	5.363978631462333e-01	5.873813716578380e-01	2.467316205686529e-01	4.818466952253541e-01	5.866456044091281e-01	4.467002358694184e-01 
42419	7.102497291023913e-01	7.708577792364881e-01	6.817826744590758e-01	6.945472791707901e-01	8.216472933419270e-01	6.662183435212599e-01 
42420	3.091134108480414e-01	5.161341800974104e-01	4.881842398646883e-01	4.170097182394929e-01	3.807629267521078e-01	6.658149857112995e-01 
42421	2.586156655335476e-01	3.292859648679498e-01	2.622406266363444e-01	3.912296933928265e-01	2.009415236042767e-01	3.541386518703474e-01 
42422	2.549538626191054e-01	5.801548168701610e-01	5.274599473970303e-01	4.302654072294095e-01	3.761314994170474e-01	7.548961684045741e-01 
42423	4.511249831631203e-01	3.393359758218289e-01	3.084938326073808e-01	5.255329678171370e-01	1.408513171624711e-01	3.808712661417912e-01 
42424	2.378909932297205e-01	1.920111716016750e-01	2.621579566720277e-01	2.410618288817139e-01	1.537355038439966e-01	3.138979606967336e-01 
42425	7.866583420503575e-01	5.217160903594499e-01	4.502163018805456e-01	8.306625405497549e-01	6.095525306548353e-01	3.910088223228023e-01 
42426	7.229176942085168e-01	6.351276535335137e-01	7.147409059919170e-01	7.664497101103053e-01	6.576946822726116e-01	7.482653462882883e-01 
42427	5.816022184301330e-01	2.411503064728889e-01	5.369495646543232e-01	4.136948773373341e-01	3.074641296610565e-01	4.629620238817441e-01 
42428	3.481645789347734e-01	4.788118213175299e-01	4.541845569035801e-01	3.727700660709975e-01	4.088360882214564e-01	5.744825243809039e-01 
42429	5.883788366263631e-01	5.408310075159756e-01	7.141073523716737e-01	6.087505032058773e-01	5.777340215330862e-01	8.670323094463976e-01 
42430	4.620135087013892e-01	4.329247155287842e-01	6.036650139814579e-01	3.816819761133771e-01	6.584502531478642e-01	7.001891593650418e-01 
42431	4.737692307869272e-01	3.548983237054911e-01	4.174208628410951e-01	4.726611296918608e-01	4.935912656739060e-01	4.125484114280689e-01 
42432	5.443536064239562e-01	3.148472632469970e-01	4.032692327366144e-01	3.684457472100917e-01	3.856363703803142e-01	2.562530871895414e-01 
42433	2.760660560540505e-01	2.129481189804054e-01	2.939272532941121e-01	2.688200553841373e-01	2.467031541541340e-01	2.277464159768688e-01 
42434	3.449508330307993e-01	3.968502454857509e-01	3.985674482013115e-01	3.689927839646355e-01	5.241748313040556e-01	1.896332859480945e-01 
42435	3.554420482712648e-01	5.586611225589804e-01	3.776985889121994e-01	5.396315595472250e-01	3.604150179020820e-01	5.412472499151799e-01 
42436	5.977152222834015e-01	4.638133539748328e-01	4.364164962820879e-01	5.244043015270714e-01	5.224121816076976e-01	5.746575469375214e-01 
42437	4.868268888464849e-01	4.640591842304331e-01	4.356540516569533e-01	3.350108688127215e-01	4.302128715067055e-01	3.871622583734288e-01 
42438	3.952269010953171e-01	2.361063917993580e-01	2.811307842757195e-01	4.244033682334401e-01	3.567638575443570e-01	1.509969704889010e-01 
42439	3.985906189808979e-01	4.476729874849318e-01	4.165767876153621e-01	5.113161266021815e-01	4.212245767820392e-01	4.586099673615413e-01 
42440	5.116488530338483e-01	6.276960125047650e-01	6.523548955439098e-01	6.311270465534281e-01	5.428090133390953e-01	7.587965471937619e-01 
42441	4.615079459926281e-01	3.516955197324829e-01	3.154214985976830e-01	6.041357359834227e-01	3.119419248252820e-01	3.679967182316499e-01 
42442	5.415400523759752e-01	2.607327240866093e-01	3.801559969651997e-01	3.812414079230436e-01	3.197362566793728e-01	3.647624184565563e-01 
42443	6.586021829970818e-01	5.071501234409217e-01	6.737846904330600e-01	5.216725302343057e-01	8.667631108148210e-01	6.258967512887139e-01 
42444	5.025832331988784e-01	5.634960804390432e-01	3.253515066964922e-01	5.363470970230808e-01	4.714437167272778e-01	4.839606847419842e-01 
42445	6.723112520584755e-01	7.453816187389845e-01	6.648815707177298e-01	6.398271501871780e-01	7.559906862829959e-01	6.382242561381203e-01 
42446	4.604722039131524e-01	5.099877050560141e-01	4.121874874917879e-01	6.295733215222485e-01	4.553340143335490e-01	6.166892535467643e-01 
42447	5.922147667736088e-01	5.991266078655223e-01	4.206684261340154e-01	4.966432088909151e-01	4.928123114340633e-01	3.319580676202338e-01 
42448	3.973443316198793e-01	5.648591730404069e-01	4.831328167652865e-01	4.656252443441434e-01	4.251059661819827e-01	6.155371528405766e-01 
42449	5.774671250162455e-01	4.834215243914153e-01	6.524145047245198e-01	2.766401563017538e-01	7.407805962329884e-01	6.275484541376947e-01 
42450	2.614891858072388e-01	5.004332368896012e-01	2.727554215335008e-01	1.952903869971168e-01	3.079398235125531e-01	4.074816444254146e-01 
42451	7.381236777103990e-01	3.858373411110531e-01	5.954032427639162e-01	6.942788770887466e-01	3.386078329899363e-01	5.963946732263945e-01 
42452	3.726131167473474e-01	4.404597579566736e-01	3.613200708131871e-01	3.972043382568146e-01	3.935836160357489e-01	4.311497102924245e-01 
42453	6.382793709369582e-01	4.006156409621719e-01	4.881593723736295e-01	7.056452368591787e-01	2.342233438588039e-01	5.038991513557393e-01 
42454	3.803236197935965e-01	5.341932146679631e-01	4.224729381106475e-01	4.611992667810809e-01	3.423285017996039e-01	3.727767205006871e-01 
42455	6.943947115111153e-01	7.245897918455246e-01	7.466507097401667e-01	6.555451777077490e-01	8.007053952845620e-01	6.802135164626377e-01 
42456	4.174619488320107e-01	3.829592999693080e-01	5.559512836514111e-01	5.334481734865151e-01	2.724721297245953e-01	4.908867128554411e-01 
42457	6.322697482805568e-01	6.309623962756018e-01	7.578358995462302e-01	6.255505274882567e-01	6.041753462828412e-01	6.643329780846645e-01 
42458	4.251449452009675e-01	7.175114189146126e-01	4.452335149761257e-01	5.814290726925913e-01	5.953598235279354e-01	6.719009659629759e-01 
42459	4.056606300756191e-01	5.058987440708228e-01	5.896522160880523e-01	5.207787273351038e-01	5.291243174787252e-01	5.634715152787156e-01 
42460	6.000329633865317e-01	5.162997607477229e-01	5.033168098169496e-01	4.431471804241794e-01	4.346712426797040e-01	3.911037667229795e-01 
42461	5.151095275364690e-01	4.728566809962991e-01	5.028564294644379e-01	6.916992090079828e-01	5.163395222112455e-01	6.033859805628027e-01 
42462	6.455339478079244e-01	7.276939098738013e-01	6.138152454826651e-01	5.568985981176588e-01	6.951432387643901e-01	7.257449052911439e-01 
42463	3.277069250100648e-01	4.101142641387743e-01	5.313864223940801e-01	2.710474598926060e-01	3.539953546200434e-01	4.443783164803234e-01 
42464	5.573528949934703e-01	3.887274605081209e-01	6.529400368773759e-01	5.301427989814238e-01	5.211397643013050e-01	4.521214033350643e-01 
42465	7.784795964277004e-01	6.839065281115826e-01	7.140052757764933e-01	6.324454421730284e-01	7.168333479340823e-01	6.292664441190390e-01 
42466	4.048041782626049e-01	5.537787776487098e-01	3.026222550935185e-01	5.174934144518215e-01	4.368036961383599e-01	4.900332265413387e-01 
42467	4.672712815573158e-01	7.638689747749581e-01	2.134367321249384e-01	5.879057414661514e-01	4.415002975486332e-01	6.038108468764213e-01 
42468	7.207935790098929e-01	5.099890847007851e-01	4.413434116040783e-01	5.547832240537687e-01	4.875369691751841e-01	3.253181204048601e-01 
42469	7.581808041005362e-01	7.590890058702635e-01	7.369919118329525e-01	7.782673686320403e-01	7.693158696592042e-01	7.686384518329357e-01 
42470	6.880606694675748e-01	2.482105977802218e-01	6.282762540235244e-01	1.985818911939680e-01	4.289644724420013e-01	5.598057313043157e-01 
42471	8.627943599667901e-01	9.098144542760731e-01	7.997087352024659e-01	8.930873342191402e-01	8.618907666447093e-01	8.464179081251971e-01 
42472	6.578247177465997e-01	4.446942459149769e-01	4.149183979915060e-01	5.187283015102139e-01	3.531115355153089e-01	4.296036069827755e-01 
42473	3.449892862470251e-01	6.429474075806949e-01	3.191000900315850e-01	3.420914844622028e-01	5.393523092288502e-01	4.911082402917550e-01 
42474	6.533503717085252e-01	5.956855340310372e-01	5.556853447964288e-01	4.814326814832652e-01	6.376815831230045e-01	4.277765243975215e-01 
42475	3.943281844399986e-01	7.696506530917731e-01	4.383334869864539e-01	5.085304524246292e-01	6.438521336241119e-01	3.255866474513427e-01 
42476	4.215849340976529e-01	3.763881759323951e-01	3.415687078734659e-01	4.459875773413995e-01	3.846520631528957e-01	5.041696303394918e-01 
42477	5.844840653759401e-01	5.635329525866966e-01	4.731002660268165e-01	3.703313225445618e-01	5.707070730649907e-01	3.086403521250953e-01 
42478	3.220474608529494e-01	6.881111022188631e-01	2.018254035800644e-01	5.338663721469710e-01	4.883014102711355e-01	6.236890338265579e-01 
42479	5.027168184001897e-01	6.059441418836142e-01	4.991967899586909e-01	5.666001362522978e-01	5.698799833928996e-01	4.505804004259164e-01 
42480	3.704763983362347e-01	3.710262789157031e-01	3.453760426511440e-01	3.169731563080408e-01	3.070301574193939e-01	4.634702365360371e-01 
42481	5.398171982290623e-01	4.189129605098534e-01	3.949367355920049e-01	5.153048643623054e-01	4.958013463514558e-01	4.593339285396346e-01 
42482	5.739925951257925e-01	6.017318213405578e-01	6.839676369890983e-01	5.989946962664499e-01	5.348474120372173e-01	7.606423625941807e-01 
42483	6.208067471936862e-01	5.634389610267353e-01	3.908553784205568e-01	6.489474658301464e-01	4.267481359723948e-01	4.360911857718038e-01 
42484	2.843068563862498e-01	3.338772624669208e-01	5.598228394077331e-01	2.072276409269656e-01	3.822981390794984e-01	3.334623348746253e-01 
42485	3.797526708962441e-01	6.015666643975974e-01	4.016914069267884e-01	4.706875926167314e-01	5.044836390031837e-01	6.035134574075987e-01 
42486	6.186404304751859e-01	4.664237746137213e-01	6.188126739068767e-01	4.519523572043174e-01	2.296532249788265e-01	6.018032832139839e-01 
42487	4.004128971956230e-01	6.281272843090066e-01	6.368972910318320e-01	3.467610911997170e-01	6.027269408075702e-01	6.174470458582612e-01 
42488	7.024733775258387e-01	3.863760137126917e-01	4.437560166436618e-01	5.936295138186276e-01	5.309120261905065e-01	4.904148174532828e-01 
42489	4.989481291805299e-01	3.157291509406110e-01	5.494318114857677e-01	4.329689496782953e-01	4.163445959347870e-01	4.295509122777764e-01 
42490	5.446389878937048e-01	7.253549969547102e-01	3.566712988476993e-01	5.271705506259257e-01	4.570751051289766e-01	7.189186874192455e-01 
42491	5.049286832320170e-01	6.619430114136532e-01	5.420578399806099e-01	5.365204799911589e-01	5.161959066306329e-01	6.880712267028113e-01 
42492	7.347134409584180e-01	6.279914813437508e-01	6.798321241742603e-01	5.687882487475979e-01	5.117351572882746e-01	5.550041809642765e-01 
42493	5.962898292292085e-01	5.954413765727993e-01	7.247912138925201e-01	5.159124606990344e-01	4.741417716200380e-01	6.814399271878520e-01 
42494	6.155714594648416e-01	5.609504642365198e-01	6.219483969825579e-01	6.033329247810924e-01	5.641760512387122e-01	5.199893589635294e-01 
42495	5.860823115346949e-01	4.708815795918443e-01	4.280172638186668e-01	4.133948607215180e-01	5.855198046868485e-01	3.190924251722847e-01 
42496	6.712269521493042e-01	4.538990265799335e-01	7.814929803125817e-01	2.979691054358168e-01	6.666470090651531e-01	5.600244479412413e-01 
42497	4.507772683539216e-01	4.852258337123168e-01	4.861770808012584e-01	4.159455316721921e-01	2.900272262426198e-01	6.227824883432197e-01 
42498	6.710541142185248e-01	5.254107562012513e-01	4.736770702643382e-01	6.112233745226192e-01	4.790674522068762e-01	7.849701871728937e-01 
42499	4.719561727185146e-01	4.182746062577836e-01	6.440267615820038e-01	3.547054912344150e-01	4.284667072087031e-01	7.232660512189557e-01 
42500	5.951297372652771e-01	7.082588290101711e-01	5.878858885160909e-01	5.164057508535180e-01	5.823306289525418e-01	6.031286334395238e-01 
42501	6.592856155155682e-01	4.576673085771067e-01	4.757335736669476e-01	7.470902639376001e-01	4.087653110898264e-01	4.492717301694675e-01 
42502	6.176483773837755e-01	8.107663524986428e-01	4.337629551360678e-01	6.184658639357137e-01	6.160160392899647e-01	6.064256092190417e-01 
42503	8.041855251221712e-01	5.206999318902953e-01	7.345751812317506e-01	6.751788030806400e-01	5.676141676161892e-01	6.382149058350293e-01 
42504	6.519668128425893e-01	4.811856293698543e-01	3.997008901043387e-01	5.713082424286404e-01	2.766588539334768e-01	7.455043400237515e-01 
42505	6.173202905089615e-01	2.669726609660701e-01	5.938427743034671e-01	4.764498819004709e-01	6.373283207688270e-01	4.037111395180879e-01 
42506	5.481515828169903e-01	4.679996739098515e-01	8.259604638931356e-01	4.999691547462998e-01	4.930184830994926e-01	7.270807012923293e-01 
42507	4.061642134452284e-01	2.861774634099560e-01	3.546338630807450e-01	3.617778379362079e-01	2.143476547419885e-01	4.267603240251134e-01 
42508	3.694753807701077e-01	2.719750845400640e-01	1.971310084141624e-01	2.425420748073977e-01	2.636678198371895e-01	1.477326922811201e-01 
42509	4.602122996671375e-01	5.360243877536581e-01	4.844783324727628e-01	4.186604099519086e-01	5.802247207141156e-01	6.137297140379847e-01 
42510	7.067264187079230e-01	3.498109627577205e-01	3.660593439113981e-01	6.404173247677218e-01	4.776990440653423e-01	4.546499596534658e-01 
42511	2.656649052664856e-01	5.136080741010579e-01	3.083581381718714e-01	3.553102158962727e-01	4.924440696599844e-01	4.326504537100866e-01 
42512	1.986526593500242e-01	2.690424125873468e-01	2.096088158731077e-01	2.087949716585193e-01	2.148694242041013e-01	1.088637290779620e-01 
42513	5.290472035807634e-01	3.992039554649094e-01	6.169801614281762e-01	3.317991322143429e-01	3.766691376193534e-01	3.942701779111368e-01 
42514	5.218160816914105e-01	3.740958919314308e-01	5.656534179234343e-01	5.352916505158474e-01	2.204142252400526e-01	6.064387020245430e-01 
42515	4.534499029512093e-01	6.299470315961042e-01	6.169131251952313e-01	5.586974378182710e-01	6.157126441416727e-01	7.248901327686724e-01 
42516	4.670980492619171e-01	5.518377852700533e-01	3.459817524273472e-01	5.670640367101901e-01	4.630848832007054e-01	4.262752586254293e-01 
42517	4.877888824943082e-01	5.564293008893602e-01	7.204639747715896e-01	4.386286703263147e-01	3.497057781927567e-01	6.606841451991957e-01 
42518	1.314208378000662e-01	4.921826032188817e-01	4.003397981991877e-01	4.326745370809421e-01	1.991490520787160e-01	6.017931212742929e-01 
42519	1.868736984479717e-01	3.728706557969950e-01	3.711214189185403e-01	3.045511323179718e-01	4.115555441989887e-01	4.715469687819540e-01 
42520	2.533860587699078e-01	6.162372000088683e-01	3.273303653085825e-01	3.278787243171872e-01	5.938589162003729e-01	3.750835874091231e-01 
42521	4.879702992547977e-01	5.022635331075395e-01	3.734392089703325e-01	5.924082861417139e-01	3.663782456617451e-01	5.633242947211902e-01 
42522	2.540951467725993e-01	3.787703042276005e-01	3.049599128131417e-01	2.607245960200697e-01	4.260300275445122e-01	3.024647930473594e-01 
42523	2.469768625312824e-01	6.302901790634997e-01	3.555952557311782e-01	5.792054423308368e-01	3.088602320698899e-01	4.420474058455361e-01 
42524	5.217365026762303e-01	6.398817725672663e-01	6.048506367903860e-01	6.665891284907237e-01	4.808417379043504e-01	5.033774624253944e-01 
42525	6.026961122189677e-01	5.842672696947701e-01	6.509624604444831e-01	5.283090316968446e-01	6.499930252421380e-01	5.650680373418887e-01 
42526	7.167193463453869e-01	7.578705911506840e-01	8.429699685365273e-01	6.361803331376346e-01	8.026525267806979e-01	7.678957614950712e-01 
42527	3.388118198770641e-01	2.997056995110094e-01	3.357035501709437e-01	2.573720477283796e-01	4.019550669535725e-01	2.921858723499631e-01 
42528	7.126386121858791e-01	4.676933657732587e-01	5.876630974363457e-01	4.718397032051781e-01	7.356580979253042e-01	5.002208819592928e-01 
42529	3.755113039936203e-01	6.653160239886026e-01	4.021762821092882e-01	6.760084724804408e-01	5.753361280167016e-01	4.420555205453233e-01 
42530	2.487453053455966e-01	6.197854443635444e-01	5.976244356323375e-01	4.203837569733523e-01	3.949772503108247e-01	6.244484840869680e-01 
42531	6.099948077483208e-01	4.818162971918567e-01	7.366753597024521e-01	5.727661902565304e-01	5.252788589597697e-01	6.335932305973897e-01 
42532	7.141056441393803e-01	6.808801401158576e-01	4.872726108768419e-01	5.985149446980808e-01	6.226474311631067e-01	6.435306282599260e-01 
42533	7.901324480076157e-01	7.846096886318364e-01	7.901824720278093e-01	7.530182430605025e-01	7.832499050114361e-01	6.753120463262449e-01 
42534	5.546439766512202e-01	6.478368397659373e-01	7.652763792144421e-01	4.519328391301124e-01	7.402063831354745e-01	6.700402270173434e-01 
42535	4.702046578541232e-01	3.961969596072311e-01	4.410896757657394e-01	4.524569534498629e-01	6.312725848360085e-01	2.675731741952420e-01 
42536	4.152213640783556e-01	6.292615122233385e-01	2.469089833237960e-01	3.674633520524792e-01	6.680989041668516e-01	3.720368874612917e-01 
42537	4.638699207671291e-01	3.891585796970009e-01	3.504096086467966e-01	2.445186702325347e-01	4.265157952689263e-01	3.081243422711430e-01 
42538	6.023844433737169e-01	6.629157196818048e-01	4.032581054939442e-01	7.113738286233153e-01	6.180396584348666e-01	4.304854423250916e-01 
42539	5.481974135350566e-01	4.924460107176905e-01	3.270486163880265e-01	5.838981526272233e-01	3.288048023479712e-01	5.156965529219103e-01 
42540	7.543484004743544e-01	5.980471292245676e-01	6.368209092623968e-01	5.034076353927089e-01	7.928578725562312e-01	4.741391292636448e-01 
42541	5.265899987535236e-01	4.482601640086099e-01	4.388046504437404e-01	5.217395292620071e-01	4.411149787950721e-01	5.138931806006619e-01 
42542	4.682268860850365e-01	3.460146310952708e-01	6.364066510660711e-01	3.538970755569122e-01	3.966763941737399e-01	5.723842608715204e-01 
42543	4.632949923065063e-01	4.365932473847680e-01	3.007513038602661e-01	5.905107872146518e-01	4.236828272463331e-01	5.024100168781096e-01 
42544	4.036797356120555e-01	3.553866339523340e-01	4.168971677538691e-01	3.552854340462508e-01	5.499190452252924e-01	4.718031260118721e-01 
42545	7.546470042203381e-01	3.915655503591211e-01	6.526182650073351e-01	7.456430474475980e-01	4.239318295481668e-01	7.123564093558432e-01 
42546	8.111707213891038e-01	2.508189265253072e-01	4.494564884546887e-01	6.488306942791687e-01	3.879380772719550e-01	4.565141446218934e-01 
42547	3.530814749989390e-01	4.567158467381493e-01	4.445566828487781e-01	3.945899242821669e-01	4.846187277409371e-01	4.676472724182566e-01 
42548	3.107357079129999e-01	2.631359335588712e-01	2.725742579338615e-01	3.651938052815261e-01	1.332390948409907e-01	2.792819566537510e-01 
42549	3.312476593363843e-01	4.110149484155241e-01	4.182308521201059e-01	4.031522166740278e-01	2.645742246057154e-01	4.971448540006711e-01 
42550	7.183814172997285e-01	6.567116808888773e-01	6.176679261291960e-01	6.858642959635448e-01	7.002925357614365e-01	6.449916601352469e-01 
42551	3.878638908860966e-01	4.597932315093262e-01	3.911532954054305e-01	4.367625369551947e-01	3.550027329074446e-01	4.210816156901194e-01 
42552	6.282671540583197e-01	5.228925317642366e-01	3.662848833188846e-01	5.461653561146096e-01	4.503476290571500e-01	4.415117568810469e-01 
42553	5.130170682008321e-01	6.384176442521680e-01	6.256822857441247e-01	4.940090794446665e-01	6.492429198925911e-01	7.665464591028526e-01 
42554	3.209688044253470e-01	5.459252389329730e-01	5.441371327873512e-01	3.440521954342557e-01	3.609992807397767e-01	5.686084735261545e-01 
42555	5.724022820715772e-01	1.075347647450449e-01	4.542335999482132e-01	3.066113238127888e-01	3.400304312444812e-01	3.725894540943322e-01 
42556	3.889571157533852e-01	3.742857235837872e-01	5.531315638546016e-01	4.329008874392669e-01	7.210366184070788e-01	5.462168589688385e-01 
42557	5.652333804700924e-01	7.505615411786002e-01	5.823297539701910e-01	6.051922190026569e-01	6.538210907081099e-01	6.488932221340682e-01 
42558	3.492727375396905e-01	1.864172119883605e-01	4.996562170889003e-01	2.469021476343166e-01	3.940143001981528e-01	3.536054304549507e-01 
42559	4.332890513988569e-01	5.526898713295604e-01	3.630410226120002e-01	5.937805401781525e-01	6.323735734079706e-01	4.944728285871041e-01 
42560	6.491321524133332e-01	5.270795160593471e-01	5.643760006787040e-01	6.789304086467599e-01	4.202729041273395e-01	6.222352152872771e-01 
42561	5.461968995983549e-01	6.408272159842101e-01	5.273915427984779e-01	6.799066368978188e-01	6.099924222724893e-01	5.134246182304223e-01 
42562	4.449509450289172e-01	4.309398691666740e-01	6.028179625545854e-01	2.966257726148819e-01	8.326893319355567e-01	4.383825372717540e-01 
42563	6.033418152467571e-01	5.999319239336803e-01	7.095689175790412e-01	5.556203373813238e-01	6.386277184775013e-01	5.167650833834811e-01 
42564	5.917305153357010e-01	3.189367517623100e-01	6.945846954681164e-01	5.191805376666271e-01	3.862479584504404e-01	6.625532474359185e-01 
42565	7.963095880905626e-01	7.269868584911687e-01	6.624911472945687e-01	7.125437098089200e-01	8.160121674417522e-01	6.221264088692779e-01 
42566	3.439178934668269e-01	5.337586376293468e-01	3.593062795351247e-01	4.140605427967501e-01	6.715967385242709e-01	3.430152684491281e-01 
42567	6.363505204602398e-01	8.501073496086746e-01	5.540315510633043e-01	6.977247713199581e-01	7.160154005880203e-01	4.790800397478942e-01 
42568	5.431828345662091e-01	5.106455610924903e-01	1.499337726359153e-01	6.419487372683389e-01	5.162761729160199e-01	3.388634314201597e-01 
42569	4.592907976704407e-01	5.241025742438274e-01	5.036029093010372e-01	3.485761099357770e-01	4.091951571540427e-01	3.744049813006387e-01 
42570	3.256664894092397e-01	3.498056263962431e-01	1.457210110376959e-01	4.497532379501180e-01	2.543321032776918e-01	3.527840427351762e-01 
42571	2.432884471398941e-01	4.433105804251604e-01	4.470681170984739e-01	3.480456090856366e-01	2.639669951447424e-01	6.451450167207109e-01 
42572	4.736776353380788e-01	5.775960503434876e-01	5.330215429715718e-01	5.376667731833711e-01	4.114754425513549e-01	6.788887233280013e-01 
42573	5.580997088390982e-01	6.125997569341746e-01	6.588668799380489e-01	5.865689832319276e-01	6.491892388186853e-01	6.987296788406703e-01 
42574	3.647508654597224e-01	5.428999574664457e-01	5.948039378297368e-01	2.534880977126596e-01	6.195317543423087e-01	4.808159878504507e-01 
42575	7.609630324759089e-01	5.281810631688563e-01	5.804568576903348e-01	5.852992164955155e-01	6.099730421714291e-01	4.324660992853860e-01 
42576	4.134867188734489e-01	6.128366514911003e-01	2.428906474593472e-01	7.643313560905847e-01	2.099977219727538e-01	5.190200269042655e-01 
42577	6.700019715248696e-01	7.344254934011851e-01	4.565511022484817e-01	7.304020040558165e-01	6.410108245705828e-01	6.090518228816977e-01 
42578	6.772689984368983e-01	6.510666318877056e-01	6.121032729839455e-01	7.659870508008634e-01	5.301475567362099e-01	7.844365653256345e-01 
42579	4.721430402440359e-01	3.543916437074587e-01	5.072012664544863e-01	3.683741012159147e-01	4.595618878106429e-01	4.267849560438813e-01 
42580	5.259712518202890e-01	6.363808925142034e-01	7.002144876481218e-01	5.500405694812170e-01	5.756709476673302e-01	4.995164314997013e-01 
42581	4.071244518309910e-01	3.955241066175108e-01	4.220668485352352e-01	3.802060927453295e-01	6.362196222859542e-01	3.254794092751061e-01 
42582	2.410126567995202e-01	6.448733073200752e-01	2.205251343811245e-01	6.396967408508121e-01	3.353273709021510e-01	4.331680206225150e-01 
42583	6.175261501552303e-01	6.337588083324392e-01	5.681019458268416e-01	7.019380113128472e-01	4.212978499212524e-01	6.082726317936163e-01 
42584	5.182686454742902e-01	3.199699698474004e-01	4.884183367076935e-01	5.410554719828244e-01	4.770652628299822e-01	3.569497647755115e-01 
42585	5.400975691442373e-01	5.919315918387468e-01	5.940065371569876e-01	6.278321407742820e-01	5.793300377001072e-01	7.367424318996625e-01 
42586	5.767140640227946e-01	5.191488072505006e-01	6.246428190501627e-01	5.417701200522689e-01	6.764646400272258e-01	6.210798507571800e-01 
42587	3.968457508904033e-01	4.029808685242678e-01	3.287209208127907e-01	3.165732297298024e-01	5.367288708901304e-01	2.954077281815953e-01 
42588	7.315163587337002e-01	6.856690349711217e-01	8.116173321647512e-01	6.735990131678625e-01	7.746518271457843e-01	7.786514764917805e-01 
42589	2.804883133628864e-01	2.438208765980626e-01	2.102462076639569e-01	2.811693355895252e-01	2.041127297244690e-01	3.841837727115153e-01 
42590	4.127211430905671e-01	4.208589546424911e-01	5.446637417980009e-01	6.028982040493260e-01	3.895429187148565e-01	4.709597484921652e-01 
42591	8.040000464783713e-01	4.859164216011231e-01	5.424499489886607e-01	5.416304277157495e-01	4.635744103513571e-01	4.540838668373618e-01 
42592	5.720100603704518e-01	7.021395838068555e-01	3.788685246767171e-01	5.573223241985352e-01	5.579693035900964e-01	5.855449747599411e-01 
42593	3.297760394023147e-01	2.891497625377190e-01	3.268978797139682e-01	2.411211771205408e-01	4.402124735619499e-01	2.392185539707804e-01 
42594	6.745249483547666e-01	7.067759896642691e-01	6.020823836719090e-01	6.706080054555711e-01	6.554661303788250e-01	6.173839555771639e-01 
42595	5.230261324373315e-01	4.737604441967206e-01	3.687317421295530e-01	5.401510733516888e-01	4.442287329811297e-01	3.987684783703828e-01 
42596	5.142832375220781e-01	3.674032401722239e-01	4.006096765023204e-01	4.926082943134424e-01	3.106545080714309e-01	3.637744622540794e-01 
42597	3.795228732022509e-01	1.698549245982496e-01	3.712478943569376e-01	3.099126952496468e-01	2.966502265315428e-01	3.696177168990570e-01 
42598	7.599573210238779e-01	7.067894660204632e-01	6.109997173679389e-01	6.382203457368829e-01	6.776535531645804e-01	6.604028816421492e-01 
42599	3.766910091996322e-01	4.274934927957844e-01	2.798327903419617e-01	3.740051833767833e-01	3.894237535674867e-01	3.657111908642381e-01 
42600	3.437221944161798e-01	3.483629204995655e-01	3.598085870048967e-01	2.678857638542392e-01	3.977313334808176e-01	2.283523535732367e-01 
