51401	6.443941289707935e-01	6.251885458189175e-01	6.882956876183886e-01	6.911611046036701e-01	5.784904064036593e-01	7.218128104499539e-01 
51402	2.492781464351833e-01	5.879504788666918e-01	4.198311407094338e-01	3.664666141716349e-01	4.823123456178993e-01	5.267278629588428e-01 
51403	5.098649086634574e-01	5.192417318233948e-01	1.817908825407458e-01	5.438635530225026e-01	4.120663166752141e-01	3.996303159046786e-01 
51404	5.780384889826676e-01	4.218830668184716e-01	6.896448301623529e-01	5.519368118509149e-01	5.044174825581506e-01	6.401883068406055e-01 
51405	5.230085953044490e-01	5.453663641441279e-01	4.759736322312808e-01	5.439390146254779e-01	6.188109065535334e-01	6.131475444094775e-01 
51406	4.745321238078679e-01	4.723006155059251e-01	4.388096441523474e-01	6.279359214523226e-01	4.638533297651259e-01	5.219343884282043e-01 
51407	2.322249100399384e-01	5.488832627784259e-01	6.553805885253738e-01	2.010842488887795e-01	4.957413203273595e-01	5.965647361280748e-01 
51408	3.461130194875097e-01	7.416113776268280e-01	2.187646220738120e-01	6.616740960667638e-01	4.063378584600917e-01	6.204490641979030e-01 
51409	5.708860357393413e-01	4.745740884361264e-01	7.090490268891387e-01	5.649929853491822e-01	5.542173909694462e-01	5.784392629090573e-01 
51410	6.174607446731882e-01	5.654477495612207e-01	7.568586514252298e-01	6.494933959794613e-01	5.868954663241557e-01	8.258986270073821e-01 
51411	4.500080942474742e-01	5.003186459100696e-01	3.909837491178109e-01	3.379953529913871e-01	4.950302177177147e-01	3.015899678704144e-01 
51412	4.899191141233162e-01	4.842919966582573e-01	5.250452589998529e-01	5.123699871647664e-01	7.017834545581088e-01	3.037851171050897e-01 
51413	6.160114011667770e-01	6.078514866969587e-01	5.613210159583870e-01	6.666508932772388e-01	5.820367397769592e-01	5.897925850232757e-01 
51414	7.239439141615915e-01	6.020398219184164e-01	7.683099739142003e-01	6.799247054559814e-01	6.695148760483779e-01	5.813037480500736e-01 
51415	5.213385948551883e-01	6.168437182222331e-01	4.778449723856552e-01	5.972350036735017e-01	7.288991990595747e-01	6.371578736709135e-01 
51416	4.839073904724044e-01	4.906289701166040e-01	3.778565940708683e-01	4.958127605821342e-01	4.545756321324461e-01	4.500939465811576e-01 
51417	5.859137846448945e-01	4.388906376603922e-01	5.224144010127960e-01	5.658989706977084e-01	3.500555188816261e-01	3.840967026586082e-01 
51418	7.479225829329521e-01	7.620976001504516e-01	6.746827781496416e-01	6.588067262482304e-01	5.997988034796896e-01	6.901749725338318e-01 
51419	5.536222514665299e-01	3.127652171818580e-01	6.837817614909008e-01	4.707834396134978e-01	6.442833430500685e-01	6.671933987073503e-01 
51420	6.457669809164961e-01	3.928285887299490e-01	7.060178622780878e-01	5.217463585580742e-01	3.365947427653788e-01	6.390112753046882e-01 
51421	5.774437578302352e-01	7.629522730393361e-01	4.087615700427250e-01	7.049986376260925e-01	7.275861024783905e-01	6.109712604945254e-01 
51422	5.247519119259387e-01	4.920368133118285e-01	6.393699745756347e-01	6.870471513977392e-01	5.132460710000957e-01	4.609603379250564e-01 
51423	2.825613073466535e-01	6.336732551698844e-01	6.887500466236440e-01	5.049296836904138e-01	6.749115754250099e-01	5.295056573618284e-01 
51424	4.494028972548518e-01	6.707374271024182e-01	5.168645710475039e-01	5.024462405297578e-01	4.352680038796875e-01	3.895056163987898e-01 
51425	5.198895196440516e-01	4.103669425885120e-01	5.281973779177942e-01	4.028844100569791e-01	3.403054035606470e-01	4.781191551545840e-01 
51426	6.464648812879004e-01	3.625502094751465e-01	6.556273562991695e-01	4.342828871232529e-01	4.423225378026769e-01	3.584822371091640e-01 
51427	4.931984743565058e-01	6.073611966175149e-01	3.028815199684102e-01	5.678654648218513e-01	4.279384109265537e-01	5.505178001180866e-01 
51428	7.335448552273598e-01	3.311532070639668e-01	6.434384154454442e-01	4.230389564014456e-01	5.271370710054717e-01	6.288392954585912e-01 
51429	6.443128953624798e-01	4.425423445159245e-01	3.355874073158298e-01	3.784621978516148e-01	5.553757211286432e-01	3.599100433086447e-01 
51430	3.500230657167728e-01	6.743505168171247e-01	4.478536434905623e-01	3.275689958760488e-01	6.788273265248919e-01	3.840022967529211e-01 
51431	5.031148447827012e-01	5.462191479694943e-01	4.902464797579036e-01	6.243179260948349e-01	6.468495499988778e-01	6.580997208098961e-01 
51432	2.612342474097540e-01	3.146293350979271e-01	2.475957366641369e-01	3.169582662865406e-01	3.240639708718836e-01	2.475434647385215e-01 
51433	5.916043754889918e-01	5.333692705424924e-01	8.300283485820583e-01	7.755302966422439e-01	6.073596941670599e-01	8.233901051224510e-01 
51434	8.296607729378211e-01	7.998928933647579e-01	6.604183565555035e-01	8.585035900254928e-01	7.457888992192414e-01	7.702604927760686e-01 
51435	4.284426835418541e-01	5.997930932030087e-01	5.341792797833749e-01	6.752552989642397e-01	4.820060303019743e-01	6.603204971340821e-01 
51436	6.721849256761198e-01	4.759943498357364e-01	4.354821949185831e-01	3.851636131852774e-01	3.686950364793430e-01	1.774008952732124e-01 
51437	5.410251640922821e-01	4.517134810481530e-01	5.170447398983394e-01	1.531364813518283e-01	5.540229835675552e-01	4.427662854194866e-01 
51438	5.670389675985886e-01	6.693992850829130e-01	6.155560268309113e-01	8.234364741822583e-01	6.885229756948280e-01	6.390156240716589e-01 
51439	6.385380738117088e-01	6.238917915887070e-01	6.747219837039466e-01	5.687137456331309e-01	6.623161893693705e-01	5.679440956912793e-01 
51440	4.063115677521851e-01	9.056658965331819e-01	5.832610651267172e-01	4.608359766366181e-01	5.755759899606329e-01	6.053851441042027e-01 
51441	5.251907671992663e-01	4.874122498567877e-01	6.402960770554680e-01	7.710711821291052e-01	4.893164477345560e-01	6.244314833849306e-01 
51442	2.089074893050878e-01	3.897222726989010e-01	2.173298333371110e-01	4.130656332762675e-01	3.017258933193900e-01	3.907618110089902e-01 
51443	2.787679888574389e-01	3.659645906137967e-01	2.884403004562899e-01	3.185244691314219e-01	2.792214232103160e-01	4.319314808111502e-01 
51444	4.064846851317009e-01	6.856130525768011e-01	5.428456544618844e-01	6.105786192476992e-01	4.663701860005433e-01	4.539392991319945e-01 
51445	4.638524602129501e-01	4.134191335834241e-01	4.637214659696900e-01	6.999717814764166e-01	3.644845275458787e-01	5.488071154753360e-01 
51446	8.160389333897154e-01	7.933686669058675e-01	8.651305740630806e-01	7.623011954948393e-01	8.323559216710872e-01	7.878369636784225e-01 
51447	7.724210680643446e-01	7.457033807635440e-01	7.127309773854588e-01	8.120768354392071e-01	7.831219298204861e-01	7.587387454857016e-01 
51448	4.549181181785277e-01	4.956339061245252e-01	3.757876698017750e-01	5.430874211764392e-01	7.209883067382756e-01	4.002607928946100e-01 
51449	4.864730917869460e-01	6.051489663848488e-01	3.938316439034649e-01	3.830958839108751e-01	7.460789827606040e-01	3.201812323916442e-01 
51450	4.641610002821752e-01	4.940057347890116e-01	3.361187897525151e-01	4.823603805980836e-01	3.062835651827839e-01	4.112698088556483e-01 
51451	6.076899790352559e-01	8.489807575365917e-01	5.473259033728599e-01	6.017309540614255e-01	6.943679267267969e-01	4.986242890296069e-01 
51452	3.530058477381646e-01	5.594532599710520e-01	3.997012975088399e-01	3.028911003406479e-01	4.069457077183688e-01	4.080790824331313e-01 
51453	3.115592803781408e-01	2.749565102581394e-01	2.084524080695835e-01	2.111976863989118e-01	2.421398285536772e-01	2.257035582733863e-01 
51454	2.173021074343085e-01	5.430191059864979e-01	3.471308384157292e-01	4.690668909842710e-01	3.243717927029280e-01	5.555352863317886e-01 
51455	7.457286717060168e-01	6.455540722591222e-01	6.941857984466737e-01	6.851963066472452e-01	6.719592837788131e-01	7.190155692781006e-01 
51456	6.413180340566108e-01	3.927559850921619e-01	3.795381801490110e-01	6.180525303577749e-01	3.422807376728866e-01	6.437754447973173e-01 
51457	4.825821621278622e-01	3.138991076621414e-01	3.942712053628012e-01	3.278546945793143e-01	4.233666151651687e-01	4.054709255862279e-01 
51458	5.031790113951786e-01	6.131407027548719e-01	3.959998907162063e-01	5.205400587759514e-01	5.479872385495779e-01	4.421575882354236e-01 
51459	7.038001802558784e-01	4.429404008394514e-01	4.511930750589438e-01	5.704963578882329e-01	5.382442898398112e-01	5.124780159304350e-01 
51460	2.982439077356026e-01	4.621965817254197e-01	5.030965136628885e-01	2.431100916038677e-01	5.271271908594792e-01	4.903088866279297e-01 
51461	5.714286053467017e-01	5.919616169058954e-01	6.532073431382177e-01	6.575328098017112e-01	6.133129475487763e-01	5.890969112342257e-01 
51462	2.430962152096804e-01	4.704721287256196e-01	6.846395880623770e-01	5.424081802264010e-01	5.228849591277533e-01	5.390715698916619e-01 
51463	3.836438103805572e-01	5.284107916764081e-01	2.943063050783090e-01	3.239335537823118e-01	4.622668337190071e-01	2.753938391796130e-01 
51464	7.011223044722468e-01	6.716808993596705e-01	6.195641087190769e-01	6.244241982140588e-01	5.741495226277346e-01	6.505001177537290e-01 
51465	1.824598587017625e-01	5.572829165301508e-01	5.751099072778252e-01	3.832431488732831e-01	3.799483959867854e-01	5.418415560957189e-01 
51466	2.306016319968513e-01	2.336065371074821e-01	4.421428608500924e-01	2.195413827236717e-01	2.588633000153323e-01	2.253805227235003e-01 
51467	2.709818151953740e-01	2.878906558628092e-01	2.854742548949725e-01	2.450993324767477e-01	3.521946635106349e-01	4.432103551116914e-01 
51468	2.770472143518123e-01	3.704830916630480e-01	3.129105895786171e-01	4.801265519520359e-01	1.719084113969788e-01	4.089523191320112e-01 
51469	3.234902071566782e-01	5.902957827221099e-01	3.800304267846101e-01	4.621684790874333e-01	5.174532894602892e-01	4.702646295838172e-01 
51470	3.555767311194797e-01	3.706441312878274e-01	2.679834323285168e-01	4.350074699134368e-01	2.367124327837910e-01	3.007707531432121e-01 
51471	5.003834986039762e-01	6.346856617651011e-01	5.077949139495893e-01	4.057686102141648e-01	6.269071222428239e-01	3.991214812038753e-01 
51472	5.209974598032505e-01	5.773670092999090e-01	4.585916976041671e-01	5.269812582284481e-01	5.853184177912721e-01	4.655609161360301e-01 
51473	3.437751433339294e-01	3.933078226309108e-01	4.236023002047358e-01	2.703970002153261e-01	4.067230091033829e-01	3.706464305935543e-01 
51474	6.466054142512005e-01	4.809352830422556e-01	6.716560916817087e-01	4.857549655470871e-01	7.602673667854933e-01	5.838201577047479e-01 
51475	7.188290183236297e-01	4.975202137447459e-01	6.056941791143519e-01	6.520873635620814e-01	7.488257252906363e-01	5.075009226282257e-01 
51476	3.962334870412097e-01	7.065335338847458e-01	3.228033703213740e-01	6.035471560942401e-01	4.072308530922522e-01	5.138286828005637e-01 
51477	5.574810637813221e-01	6.992407351142453e-01	4.366521356241264e-01	7.417925372563834e-01	5.938859071777683e-01	6.193883032116845e-01 
51478	7.534115321975785e-01	6.260076466847104e-01	6.489891505342804e-01	6.276409562725234e-01	7.049048960724845e-01	5.562291438258142e-01 
51479	6.810537797098359e-01	7.964330348550571e-01	8.167408379654437e-01	6.501366350999558e-01	7.927538016504754e-01	7.378401002378692e-01 
51480	6.156446968539133e-01	6.424721166685092e-01	2.703216959249792e-01	5.958682757797611e-01	5.134812541623922e-01	4.604546281598484e-01 
51481	3.384192403669313e-01	4.609511584131331e-01	2.691646778976284e-01	5.194296881772541e-01	3.130880886153136e-01	6.043472935884610e-01 
51482	5.274824503057243e-01	6.556529649280973e-01	5.529392818219443e-01	5.386452237684024e-01	6.363070865189524e-01	5.954566706673967e-01 
51483	3.835689160553314e-01	4.376512317024233e-01	1.922466163743554e-01	4.363359438034940e-01	1.805474272358479e-01	3.659999036235118e-01 
51484	3.935607366888085e-01	5.508793217360876e-01	2.268244360425181e-01	6.119785987355175e-01	4.101146938995616e-01	4.926157941435945e-01 
51485	3.219153578237966e-01	3.801401206009457e-01	3.834209431050201e-01	3.853985731492581e-01	5.473148977413450e-01	4.913501711459486e-01 
51486	3.980692528456469e-01	7.057299104589799e-01	5.376521447251124e-01	5.160198211452520e-01	5.092663534968455e-01	7.295110387959499e-01 
51487	2.911807542007078e-01	3.899947630581622e-01	3.254144577365237e-01	2.848251475390551e-01	4.384978981301139e-01	2.517567531402392e-01 
51488	5.952977084011351e-01	7.670100388631671e-01	6.585992393700499e-01	7.207757804071127e-01	6.842281946243942e-01	7.669760852640026e-01 
51489	4.210978988869740e-01	4.913737600543613e-01	4.128181363257643e-01	3.547270602570095e-01	3.868684777822654e-01	4.410599004204740e-01 
51490	6.787488638889775e-01	8.025344085910946e-01	7.380073816493781e-01	8.133967530864848e-01	7.393320065301650e-01	7.261642024572408e-01 
51491	4.160385752530031e-01	2.480368832558555e-01	5.309427130197283e-01	3.452770127613130e-01	3.448649850231233e-01	4.292292403307560e-01 
51492	5.974395218980904e-01	5.016203270585713e-01	6.877111185940044e-01	5.751123825623001e-01	5.532638970350441e-01	5.596379869208756e-01 
51493	7.290987761363541e-01	7.013467143139749e-01	6.720164281970742e-01	7.052188451374157e-01	7.291761829380101e-01	6.825271722939340e-01 
51494	4.796191817040091e-01	5.936006846905861e-01	6.237909748567486e-01	4.943572755885671e-01	4.650919004982005e-01	5.039059498165617e-01 
51495	5.713145554953686e-01	5.874405164197941e-01	5.503475437929592e-01	7.378206309173703e-01	5.197098782247968e-01	6.592043477085886e-01 
51496	4.401096823640479e-01	2.844955367510890e-01	5.850207964307856e-01	1.957969355897851e-01	6.115920700184376e-01	4.859739398137141e-01 
51497	5.330334376826266e-01	4.389208482015503e-01	4.110866040668401e-01	6.211779258552911e-01	3.732600208823794e-01	6.550837446830904e-01 
51498	4.299679934624825e-01	4.452211390120128e-01	4.116834970256594e-01	3.324364338011092e-01	5.139576845583786e-01	4.190123079817548e-01 
51499	4.285444424223474e-01	6.660202611442319e-01	3.330774976350053e-01	5.465842261379728e-01	3.468305602562284e-01	4.657823042239765e-01 
51500	5.026081403804294e-01	5.777087673451859e-01	3.826765491630097e-01	4.256543125984722e-01	4.751036715584447e-01	4.674651311940881e-01 
51501	4.570029884310788e-01	4.227043570093716e-01	7.665037536488127e-01	2.946811928099767e-01	7.065470743010182e-01	4.053815696697130e-01 
51502	3.321152789232211e-01	4.254979259849666e-01	3.852582596145603e-01	4.002974045046868e-01	2.837040729488660e-01	3.661619873369463e-01 
51503	4.231610611738291e-01	3.339867609611035e-01	4.739414389886393e-01	3.840083571579264e-01	3.960294709550165e-01	4.321036163056169e-01 
51504	2.232869050260306e-01	4.362587062295659e-01	3.321590507661112e-01	2.993437042713897e-01	2.606089928737227e-01	3.957716267732064e-01 
51505	6.369582698624365e-01	3.585660959485373e-01	4.175242108645242e-01	3.586719870996833e-01	4.491079137078555e-01	5.298584249537106e-01 
51506	4.573441140318650e-01	2.720392922871963e-01	5.039266010807602e-01	5.862027689419378e-01	3.392376409578980e-01	4.358636095795892e-01 
51507	6.054359782577550e-01	5.340581427882193e-01	6.886494958952790e-01	4.816530002461815e-01	6.719789335067731e-01	5.077511167002469e-01 
51508	6.626419644861536e-01	5.373517460708026e-01	7.911363433469598e-01	5.677386500398305e-01	7.666682256782115e-01	5.411471094393177e-01 
51509	4.471305967280506e-01	6.540114296111101e-01	3.982838012611307e-01	7.154269456912477e-01	4.729080857402824e-01	6.025139353168217e-01 
51510	3.716810735441015e-01	2.877514349269906e-01	2.851829206669172e-01	4.011642058704881e-01	4.916449677925545e-01	4.471663899423726e-01 
51511	5.253171665542686e-01	3.995318709208868e-01	6.291321160550443e-01	4.135166509506962e-01	3.778505715361226e-01	7.027663936317955e-01 
51512	1.321901667462531e-01	2.669285271205472e-01	1.729509343992549e-01	3.114940873498809e-01	2.994843382495631e-01	1.907049542755682e-01 
51513	5.886847899863880e-01	3.115158279967103e-01	6.921958058919145e-01	4.427306582857866e-01	4.631535973773787e-01	6.251482422001950e-01 
51514	6.557820677849511e-01	6.051736376889969e-01	5.903788333020756e-01	6.788517649009234e-01	6.350897240215135e-01	4.557354937923010e-01 
51515	3.963715064555731e-01	6.253476975702059e-01	4.166666462287133e-01	3.764763129025253e-01	3.009357941332662e-01	4.655999144672933e-01 
51516	7.302247227217652e-01	7.057440762211293e-01	5.495410637637450e-01	5.485510127636911e-01	7.950358690045645e-01	4.920292387023824e-01 
51517	6.753015969282903e-01	5.370145724458169e-01	4.210306899587565e-01	4.915567252676389e-01	8.070563519064019e-01	2.701716786075549e-01 
51518	5.101524349511697e-01	4.350951879457262e-01	3.739447229356261e-01	5.960193117226231e-01	2.265609215303021e-01	5.332943454171915e-01 
51519	6.268176412776774e-01	5.061892162682506e-01	4.778391542148784e-01	4.356679993201038e-01	5.788192349440655e-01	3.776020443129999e-01 
51520	6.769254186880136e-01	6.345473089671730e-01	5.315851636684172e-01	4.784422353674364e-01	4.563570057647436e-01	4.741652863207535e-01 
51521	5.996135369879168e-01	5.173867782172078e-01	6.910983920797099e-01	5.737231462901451e-01	6.680609529260546e-01	6.476483007055762e-01 
51522	4.747269331334332e-01	6.343390216626491e-01	4.278703532005043e-01	4.691066944887332e-01	6.907374595743958e-01	5.024839181826171e-01 
51523	5.954882646056181e-01	5.827686996090622e-01	6.692963362599361e-01	6.736446369500317e-01	6.332762891183881e-01	7.243468953949423e-01 
51524	5.886335580113522e-01	2.580335980315966e-01	2.818858564035356e-01	4.674481511507750e-01	2.891241393422647e-01	5.689187282511825e-01 
51525	6.269348388363873e-01	4.759102261975312e-01	6.181584350348773e-01	3.947254098389044e-01	6.460211039392176e-01	5.541024355757158e-01 
51526	4.497661790169898e-01	4.701358558528684e-01	4.367857935009343e-01	3.542932812160859e-01	4.417065636951276e-01	3.731039608370130e-01 
51527	7.173280867014681e-01	6.328552810631467e-01	6.067023006751819e-01	4.400417927238488e-01	5.988130854423537e-01	5.506471470275066e-01 
51528	5.243022625463372e-01	4.409237382773474e-01	6.444502634084861e-01	4.935789967122159e-01	5.294423981149756e-01	4.678682089516455e-01 
51529	7.766361401452500e-01	5.929270998844909e-01	7.058345402183837e-01	6.671519835726563e-01	7.953743015164316e-01	6.284269634583053e-01 
51530	6.256476835155559e-01	4.729999823635790e-01	7.608106530292553e-01	4.899762202737463e-01	7.046536366375953e-01	4.032576453566190e-01 
51531	4.241223297292140e-01	2.702598901896291e-01	3.890085141809126e-01	4.181787912666399e-01	3.654844646917506e-01	3.454443130779425e-01 
51532	2.887599291612027e-01	5.013963900603386e-01	4.573252735286243e-01	3.535749663313432e-01	4.566968731922554e-01	1.954129803131251e-01 
51533	3.537555039507191e-01	3.483448945610305e-01	3.138029711452130e-01	2.418346197880903e-01	4.193622806907871e-01	2.137382397045098e-01 
51534	4.573008589596275e-01	3.263064577521732e-01	6.381665730449070e-01	2.539164590159662e-01	3.765301174810921e-01	6.476037191827437e-01 
51535	2.360237737171466e-01	4.235228395583380e-01	6.242938011514835e-01	5.964204780716880e-01	1.648219697984091e-01	5.140687180548762e-01 
51536	4.337778915829794e-01	5.759958356984731e-01	6.228210947586433e-01	5.510570849849767e-01	6.121423186061188e-01	6.941870561680644e-01 
51537	1.779994573732256e-01	2.089814516720269e-01	2.124830286074526e-01	1.755675360688336e-01	1.501081783789016e-01	1.652283803970851e-01 
51538	4.992292557602201e-01	5.892648003333510e-01	5.421733214210016e-01	3.556771509211159e-01	5.359070227460032e-01	5.699749811491497e-01 
51539	5.779569931453017e-01	5.347641144468118e-01	7.378651425428193e-01	4.754264406136900e-01	6.954100477603995e-01	4.862127284817999e-01 
51540	1.271097310236469e-01	3.157915052542216e-01	3.410243395391728e-01	4.178933716599312e-01	1.369251529260828e-01	4.777246710585602e-01 
51541	3.569362090009988e-01	4.291634162183026e-01	2.835930939877203e-01	4.637099608185557e-01	3.771653797826568e-01	2.710975489357471e-01 
51542	7.728191140521858e-01	7.220194733946623e-01	7.553252022554974e-01	8.857787328432878e-01	6.462763201026606e-01	7.888377661939527e-01 
51543	6.461756920124286e-01	5.826089354245909e-01	5.351716221012144e-01	6.362226618260369e-01	7.122589084835143e-01	5.296206083624480e-01 
51544	5.514606050994149e-01	5.978911428376298e-01	3.801753955090059e-01	5.546320008315589e-01	5.841209693269012e-01	3.357665090611099e-01 
51545	5.208048140716892e-01	4.763017677980624e-01	3.708161609303117e-01	4.538897366909075e-01	5.047884340215076e-01	3.762335840207174e-01 
51546	6.026850427551333e-01	4.002406006054698e-01	6.334404374919158e-01	6.959909742766580e-01	5.166430137846151e-01	5.119834208012290e-01 
51547	7.863843883765768e-01	8.159714543685452e-01	7.596658770929614e-01	7.359842374827323e-01	7.492602892995781e-01	7.534463743125464e-01 
51548	3.166381290615820e-01	6.856221363104763e-01	6.370765184930393e-01	4.245549694553388e-01	5.331039325851219e-01	6.933896061413243e-01 
51549	4.491295513430920e-01	4.196830113585646e-01	5.543748519905571e-01	3.472606249838288e-01	6.469426314161000e-01	4.427878422951581e-01 
51550	3.822394904487012e-01	4.857631925881714e-01	3.959377675771962e-01	4.277741211371875e-01	4.538656676782314e-01	3.802669993038750e-01 
51551	5.741069802014045e-01	4.075772428649495e-01	5.379698195493231e-01	5.345721212258637e-01	6.700943145231673e-01	5.335100121135271e-01 
51552	4.838998267684299e-01	5.064856487369674e-01	6.342324029682004e-01	4.593971004671942e-01	5.798738336356450e-01	3.781293430104769e-01 
51553	2.735718509003568e-01	3.850111565250472e-01	5.465308944405394e-01	2.306257631901787e-01	3.498806231328648e-01	5.062999268383828e-01 
51554	6.108113653319991e-01	7.071580079603687e-01	5.905582677751881e-01	4.697826031657849e-01	6.095328434539160e-01	5.121210282210962e-01 
51555	6.781506969749969e-01	7.731313265510678e-01	5.260377185768815e-01	7.206501405764276e-01	6.946657600542749e-01	5.087195753626874e-01 
51556	6.416897821512313e-01	6.981310666777553e-01	5.632010948008079e-01	8.273884379202994e-01	5.269628871112874e-01	7.636481505531789e-01 
51557	4.840848782856922e-01	6.439020775656481e-01	4.536771160328437e-01	7.047265160981274e-01	5.861494328754071e-01	5.716034092132998e-01 
51558	6.690727882168234e-01	2.837019019740940e-01	5.841683357064389e-01	3.932947272321524e-01	5.567013230353732e-01	5.009254735668902e-01 
51559	3.128836213680835e-01	3.967117743659602e-01	4.174944439647318e-01	3.547241088078921e-01	2.830274089811847e-01	4.711280757173356e-01 
51560	3.901675494250178e-01	2.096439900551160e-01	3.324942860753645e-01	2.820275329553470e-01	1.900071543337392e-01	2.999928026211700e-01 
51561	5.261913314077460e-01	7.435589731876858e-01	6.849024392139031e-01	4.855230105984846e-01	6.467695662246111e-01	7.147041621959711e-01 
51562	6.438506814990319e-01	7.131156956405431e-01	7.147113385264936e-01	7.012997324281751e-01	6.168061475836309e-01	7.849406451908147e-01 
51563	2.521994881144831e-01	6.923347183830600e-01	5.850356418436919e-01	4.208844718705678e-01	6.042273394088726e-01	4.865565100500061e-01 
51564	2.395189656134329e-01	5.201109053033203e-01	5.302984555685017e-01	6.467311248970776e-01	5.162117854088792e-01	5.647034078645108e-01 
51565	4.103862878791995e-01	6.817537749433337e-01	5.689772465086508e-01	3.959132526284880e-01	4.921605096060185e-01	5.013651979321792e-01 
51566	3.843476047059641e-01	2.774844173852318e-01	3.016693727893426e-01	4.180351654766341e-01	2.597762312832454e-01	2.829237150136417e-01 
51567	5.154926291935282e-01	5.752216264833827e-01	1.810988970058499e-01	3.563817616554370e-01	8.765904817726939e-01	4.393852632710836e-01 
51568	7.121254317287722e-01	8.000796389424134e-01	5.715497175561346e-01	7.265248583083255e-01	8.218280278430512e-01	5.398460583148493e-01 
51569	5.969006459895247e-01	7.076738204553503e-01	6.984141244932763e-01	4.894877202263883e-01	6.984386901262327e-01	7.452127311873693e-01 
51570	6.876040968041590e-01	5.511931270658446e-01	3.403788083665431e-01	4.697231541429852e-01	5.748298827289350e-01	5.825503480218284e-01 
51571	5.000859660608158e-01	7.520609403856300e-01	5.231012525262008e-01	7.175521422753420e-01	5.727044732186999e-01	6.747094489201310e-01 
51572	3.168443199987188e-01	4.065377271096990e-01	4.589979214944799e-01	3.223614208535353e-01	4.000053640103067e-01	3.036524111207055e-01 
51573	4.356703349787420e-01	5.483207006583679e-01	6.334387170152258e-01	6.084777148285742e-01	5.622765211092278e-01	8.120939435844957e-01 
51574	2.541098943404382e-01	5.554555492454566e-01	2.944810183740072e-01	3.709294518153930e-01	4.586287091053294e-01	4.057556083453879e-01 
51575	5.245115480699210e-01	5.138046420913169e-01	6.948109183782460e-01	2.742945253412906e-01	4.601913524886523e-01	3.657794231607583e-01 
51576	5.420414185942447e-01	5.534003056803838e-01	7.669835009833645e-01	5.616658432334534e-01	5.233997884509732e-01	5.772814055026597e-01 
51577	4.274926344550847e-01	4.035534336869341e-01	3.301030468360367e-01	4.539223464400656e-01	4.469451292808929e-01	2.658905437668159e-01 
51578	2.733937245276425e-01	3.222048373272578e-01	1.790261945375562e-01	3.965280928912893e-01	3.117894369567621e-01	2.425775365421052e-01 
51579	2.375430152708686e-01	1.913856742658348e-01	2.238005035174939e-01	2.099197681833931e-01	1.677221775701901e-01	2.311132328122099e-01 
51580	2.760140403185161e-01	4.857340311291382e-01	1.718962987577268e-01	3.124304143375137e-01	3.084830777388894e-01	4.179140039964139e-01 
51581	5.105070890086476e-01	6.770471864635934e-01	3.816349037830333e-01	3.844295951855741e-01	5.328634092673610e-01	4.061988635621825e-01 
51582	3.401280611762399e-01	6.412695883772768e-01	5.087727414928989e-01	5.223907439788800e-01	4.662939759678124e-01	5.369188116848700e-01 
51583	5.672009138444717e-01	3.672790405698244e-01	6.916526014132033e-01	6.063869321359976e-01	6.436750268265414e-01	4.041806302505889e-01 
51584	3.892634658558078e-01	5.627996692993009e-01	3.658848974327943e-01	3.768987173680234e-01	4.809163023474528e-01	5.025732684574371e-01 
51585	4.636678065050654e-01	4.979199667506110e-01	5.075540499542198e-01	5.660711755706745e-01	4.324054318270990e-01	4.591857123623651e-01 
51586	4.872047867431129e-01	4.661298503572642e-01	5.566488870693076e-01	4.198535839814668e-01	4.894055682469684e-01	5.276940277955587e-01 
51587	5.441243462002804e-01	5.838675538597633e-01	3.730112220234608e-01	5.407662231124565e-01	7.307907494904823e-01	4.269501472651223e-01 
51588	5.242119403314360e-01	7.316044394460248e-01	6.061492766954041e-01	5.541678786279962e-01	6.186497381201714e-01	7.269166904946867e-01 
51589	6.181399444510969e-01	2.876767094691617e-01	4.521370800055681e-01	5.350581876622624e-01	6.697556769118549e-01	3.283488473334614e-01 
51590	4.422660013699518e-01	5.627723588841034e-01	4.917344764117457e-01	7.013096161368211e-01	5.850318660718443e-01	6.380610620247207e-01 
51591	3.097832887984192e-01	6.814399396690416e-01	3.225107929386000e-01	6.220765896059943e-01	5.830839483214700e-01	2.817358894253708e-01 
51592	4.080074247849487e-01	5.300825036076575e-01	6.900870876036838e-01	3.962091356228087e-01	5.363989462187403e-01	5.465168689649844e-01 
51593	4.876625952630504e-01	1.778996287998507e-01	4.935824129454157e-01	2.213272668759832e-01	3.008542588589463e-01	3.772313173920147e-01 
51594	3.838878809751823e-01	2.573629541071092e-01	5.152148987338321e-01	4.523865212717132e-01	3.348046191938437e-01	3.816027797211703e-01 
51595	4.268516194285198e-01	3.548605020112793e-01	5.731319945347917e-01	3.164157702043149e-01	4.363904208761649e-01	5.176369047362098e-01 
51596	3.026661440559241e-01	2.295310983770445e-01	3.783450548540007e-01	3.445282809626982e-01	3.809439200136934e-01	1.903223148150577e-01 
51597	6.961930657261861e-01	6.267279823547266e-01	4.443386358223484e-01	7.174192411624269e-01	4.666401146581883e-01	4.107875090669932e-01 
51598	7.538590826342290e-01	7.845990422064002e-01	6.742872178002955e-01	7.181790568729427e-01	8.239841572027025e-01	6.662775455681007e-01 
51599	3.796609257575105e-01	2.999163264965362e-01	3.713845260107683e-01	4.472888443179567e-01	3.475072964798436e-01	3.090876302688248e-01 
51600	3.154971986652929e-01	3.810605010963811e-01	4.199829297791577e-01	4.252405702169257e-01	2.262613233109185e-01	5.980640538537236e-01 
