66001	4.959908017308916e-01	2.681869605319039e-01	3.823179499757585e-01	3.470971669892103e-01	3.696412765862594e-01	6.274359461315768e-01 
66002	7.494098472510666e-01	5.244363524040209e-01	6.773059401271937e-01	6.740694781312349e-01	6.481343713755809e-01	6.384145593413028e-01 
66003	7.568437119107059e-01	4.564162050575692e-01	7.633493083559031e-01	5.739821276424895e-01	6.553540488006083e-01	5.173578900505267e-01 
66004	3.626183945037890e-01	4.721925894496331e-01	3.543578910827160e-01	4.757300061812633e-01	5.022214659653876e-01	3.826668950387580e-01 
66005	7.758443204950047e-01	8.797005976251495e-01	7.195389638306123e-01	7.805773032716157e-01	8.224454377867535e-01	8.058789786283700e-01 
66006	5.028108088510308e-01	2.672391813474063e-01	3.238100704302829e-01	4.948021843221458e-01	2.848170059572857e-01	2.386224050631548e-01 
66007	2.261353314069791e-01	1.591735465398117e-01	2.553604402013285e-01	2.276182671755031e-01	1.344083390433379e-01	1.906986607700130e-01 
66008	6.206941070701013e-01	6.019287276511804e-01	2.078922209163091e-01	6.894507115465220e-01	4.521179463945694e-01	4.114124159264193e-01 
66009	5.462145555845801e-01	3.313788404110332e-01	3.073431133029955e-01	6.939022502746812e-01	4.070406118619018e-01	4.150657012329212e-01 
66010	4.242482305972064e-01	2.616743804398500e-01	3.763394294257693e-01	2.975947986931534e-01	3.459952046752925e-01	3.361735763060815e-01 
66011	6.720182591807196e-01	6.134282130348175e-01	5.055714833671581e-01	6.158616957657608e-01	5.966198232368394e-01	6.124582221579943e-01 
66012	5.584755911112003e-01	4.339322763947773e-01	3.305997772079355e-01	4.684099580941812e-01	3.894442875463210e-01	2.862996432858916e-01 
66013	4.995433878280948e-01	3.705456914520250e-01	3.932767793433555e-01	3.804192046105014e-01	5.282012555975208e-01	3.439805410549102e-01 
66014	6.910444493214155e-01	7.650187582241584e-01	5.502957114333815e-01	6.882880944634824e-01	6.940572080076973e-01	6.237062604816977e-01 
66015	5.996859298538968e-01	4.602047133230644e-01	4.587682409768635e-01	4.968339453866183e-01	5.402384866010863e-01	4.630170324460122e-01 
66016	3.271715061292319e-01	2.761763026323500e-01	3.910371028284049e-01	3.418832796539036e-01	3.863002246801668e-01	4.311556538546216e-01 
66017	3.980505479728100e-01	5.711312155575071e-01	7.248021795378848e-01	3.763325568714783e-01	3.964350656999370e-01	6.456872840518889e-01 
66018	3.966572516136415e-01	5.315462270747604e-01	3.809842196611860e-01	3.146794223489671e-01	3.893518457707429e-01	3.110906663295029e-01 
66019	3.284385099538354e-01	4.551495044323146e-01	2.907055674961850e-01	2.374307460500156e-01	4.281782108365317e-01	3.280916097332411e-01 
66020	5.753164359921172e-01	7.385622550500811e-01	4.905659823931873e-01	7.781679234952500e-01	6.123568979105720e-01	4.562958886944463e-01 
66021	4.064659821036755e-01	4.013967446778001e-01	4.143253263993937e-01	2.947697323372845e-01	4.235280012721568e-01	3.394015906244893e-01 
66022	6.932784394463790e-01	6.232940739729171e-01	6.150258409874766e-01	6.661652432106251e-01	7.100727320662141e-01	5.173632495893660e-01 
66023	6.404134893446056e-01	3.348311360015347e-01	4.692219819036341e-01	2.911064186557193e-01	4.989306293567978e-01	3.059776567241554e-01 
66024	3.642093054838960e-01	4.256312610322051e-01	4.625311864174915e-01	2.262998074779008e-01	5.265724663906005e-01	5.543346971983129e-01 
66025	1.903265639439672e-01	2.590679389879449e-01	2.044533159758724e-01	2.319184504200004e-01	2.899568975457757e-01	2.337165679660126e-01 
66026	6.012711247002760e-01	6.615297552089087e-01	6.767688215048913e-01	6.468548731279503e-01	5.451410376767369e-01	6.558673730625451e-01 
66027	2.750126772992512e-01	3.158758840638197e-01	3.189847064121776e-01	3.068882392458445e-01	4.272782358042390e-01	4.091886070900144e-01 
66028	2.574224339082534e-01	2.610786099499570e-01	4.006033081800303e-01	3.332251502240280e-01	4.326649165500412e-01	4.070961534610910e-01 
66029	3.105972445260311e-01	4.625607934452513e-01	3.056251657082407e-01	5.175643970747622e-01	4.273300932284049e-01	3.222700551598203e-01 
66030	5.169059109508766e-01	3.316646138686306e-01	3.937145446777816e-01	3.582442029798813e-01	2.956355163807701e-01	2.813275019599562e-01 
66031	2.934014332482738e-01	2.554557594968241e-01	2.626473607144906e-01	2.838224155796222e-01	2.779098365282623e-01	3.853149395299366e-01 
66032	7.064997696962679e-01	6.708760518038102e-01	6.652103373579783e-01	7.338982333787476e-01	6.338906469639278e-01	7.228060420147376e-01 
66033	6.706649859686042e-01	4.567113139242228e-01	5.663194335248760e-01	5.879617714488132e-01	5.690270508365037e-01	2.359859487546094e-01 
66034	3.353999454553073e-01	3.310151414455523e-01	4.730825430638806e-01	3.634423611189567e-01	3.795839016735225e-01	3.216548569215203e-01 
66035	4.715282792284112e-01	3.395873006110162e-01	5.869612075338098e-01	4.223751576676545e-01	4.645875206236837e-01	5.552220718427228e-01 
66036	5.472387179997952e-01	4.872033341095071e-01	4.875259593868059e-01	5.411622376109037e-01	5.793116723158103e-01	6.070563770850593e-01 
66037	6.197266596433353e-01	4.790009639870271e-01	5.429264692609952e-01	6.832256430609740e-01	4.408953582152382e-01	5.166243070326201e-01 
66038	3.414536160759225e-01	5.039686878189676e-01	4.062929711168860e-01	3.979245650607624e-01	4.708448698763477e-01	3.326993952523582e-01 
66039	3.018880813273247e-01	2.437559030291602e-01	2.107028174468646e-01	2.821082719763069e-01	2.662443321267189e-01	1.280425445611992e-01 
66040	7.498244150763004e-01	3.009205927241809e-01	5.892989928533818e-01	5.687684576007219e-01	4.701206422443603e-01	3.887104800251393e-01 
66041	4.537841739059927e-01	3.357056474387317e-01	4.614608077988856e-01	4.754601356752782e-01	3.341573106841949e-01	4.200627118101953e-01 
66042	5.891466761262671e-01	2.854598128386696e-01	6.528981081001659e-01	2.543139860945431e-01	4.729597001651221e-01	4.550985663218549e-01 
66043	3.382173153084752e-01	5.445985465474950e-01	2.237562022266357e-01	4.838171771396694e-01	3.127692275044559e-01	2.857336322988934e-01 
66044	3.799197919500215e-01	5.783713002658504e-01	3.392730916663730e-01	5.056258843697100e-01	5.977890655453150e-01	6.287764315544226e-01 
66045	5.780950538801505e-01	3.563019638759380e-01	3.026567033465997e-01	5.709495346698022e-01	2.590558707202978e-01	5.267854025594044e-01 
66046	4.332419463166550e-01	3.712828441323767e-01	6.298055714758017e-01	5.495897103840953e-01	5.370932588090648e-01	6.659224821352568e-01 
66047	6.534763802588121e-01	5.424951512566807e-01	6.491942284370926e-01	4.511833599227529e-01	6.758609088911290e-01	6.786075883792798e-01 
66048	7.499402895101881e-01	5.718170609410217e-01	5.665353122875111e-01	7.612602268040294e-01	5.898677788642486e-01	6.506445228554333e-01 
66049	5.721714822116608e-01	3.523754444817545e-01	4.276038927387509e-01	5.547434347189635e-01	3.777002209520119e-01	3.482330483559931e-01 
66050	2.698014070038095e-01	4.361852743057483e-01	3.006315141759085e-01	4.184866701226345e-01	2.778374700278207e-01	3.688814965108199e-01 
66051	7.549849920545715e-01	7.345199020641311e-01	8.370569613680332e-01	6.784181160925837e-01	7.061553058326864e-01	7.085898330721543e-01 
66052	2.490845439433373e-01	3.813885423463390e-01	4.328699253872539e-01	3.999770718990537e-01	4.104559093591244e-01	3.310520059250853e-01 
66053	4.676191079779148e-01	6.566420707134529e-01	3.363509769854638e-01	5.626183404634824e-01	6.215462477866144e-01	5.115023678925439e-01 
66054	6.932616159344143e-01	8.036412393641444e-01	6.381561178875272e-01	6.028345554549759e-01	8.448941802747861e-01	5.958424592513885e-01 
66055	4.291957637681806e-01	4.867236328557727e-01	5.129436753182581e-01	4.633236169727681e-01	5.648795796719952e-01	3.324221009139825e-01 
66056	6.814087904867928e-01	6.979986654957666e-01	6.040657952474228e-01	5.984838865605840e-01	4.944648542192077e-01	5.888166648692745e-01 
66057	6.065661744873108e-01	6.118977486956468e-01	6.752807383015599e-01	7.081661580592358e-01	5.798490923302542e-01	7.088278328437525e-01 
66058	6.556440714956929e-01	3.489394514575636e-01	5.127762545581593e-01	6.759350673751487e-01	5.468685587932693e-01	5.333845182429445e-01 
66059	5.263359574027249e-01	2.798316097901163e-01	4.241052403565068e-01	3.072805478938265e-01	2.998906736071243e-01	3.729711378503875e-01 
66060	5.599600324246605e-01	6.642241246761734e-01	3.033115589388486e-01	6.054791298670090e-01	6.934038034850023e-01	3.403984366645054e-01 
66061	4.775699715666215e-01	5.957633511853043e-01	4.339217106560916e-01	5.838087978803085e-01	7.452307046286547e-01	5.235496082186607e-01 
66062	6.045664934993195e-01	6.294103449866200e-01	6.971309394951346e-01	5.114877201343236e-01	7.475492641843772e-01	4.968222565461661e-01 
66063	5.139698969171462e-01	6.367840694979748e-01	4.943744432120801e-01	3.423130332345310e-01	7.453741523096623e-01	4.081334874550772e-01 
66064	6.553860263722443e-01	5.738858179559826e-01	4.656793670124881e-01	6.139904012411055e-01	5.123741796646535e-01	3.188011252538527e-01 
66065	6.132837655530949e-01	3.485028005983514e-01	3.815333905565137e-01	5.901593572727752e-01	3.487233634555174e-01	4.564428196858962e-01 
66066	7.564306315809551e-01	5.223508791102831e-01	7.379755070639130e-01	5.259657163501128e-01	6.613054105683759e-01	6.383208667039544e-01 
66067	3.927024604478828e-01	4.560169177702611e-01	3.866140511961822e-01	5.364056350129819e-01	4.528380310990381e-01	5.908731606124377e-01 
66068	5.777385499364013e-01	2.420641395512613e-01	5.741202482277967e-01	4.405659912016037e-01	5.814096893656109e-01	3.076054834461154e-01 
66069	4.105050444071126e-01	5.109407558278891e-01	3.583764451582008e-01	5.047425599680788e-01	4.459610241101115e-01	5.324530301296737e-01 
66070	3.559840509295948e-01	4.698983785446110e-01	4.944724748196918e-01	3.801186158127897e-01	3.927554850001433e-01	4.909665643228073e-01 
66071	2.942348365113175e-01	3.847559991192422e-01	2.735295862371353e-01	3.948157592500341e-01	4.481724126361020e-01	5.200556406684858e-01 
66072	4.847573538232405e-01	4.525180585501902e-01	5.878495382133494e-01	6.496960924174255e-01	4.832694901475985e-01	5.183953630409130e-01 
66073	7.475464173621196e-01	7.443906060681389e-01	6.570928220611063e-01	6.250273345146992e-01	7.351809478926548e-01	5.639104207384014e-01 
66074	2.987103637093624e-01	3.816417028184949e-01	2.999577551476116e-01	3.717130666486338e-01	3.757932799692970e-01	3.548081335250906e-01 
66075	6.313574312074677e-01	3.918070007442227e-01	4.367909315724731e-01	6.736732869015447e-01	4.124667799099713e-01	3.689765371483175e-01 
66076	4.965946248620580e-01	5.052202725286320e-01	3.948785487781061e-01	5.614184929825285e-01	6.748539442006257e-01	4.522429615468810e-01 
66077	2.077935371207772e-01	3.190983780302305e-01	2.826538628518235e-01	1.439710900235261e-01	2.436637063985463e-01	2.715548398848659e-01 
66078	7.615216880082235e-01	8.415593148558275e-01	7.768838338532196e-01	8.102737326486074e-01	7.544345517312327e-01	7.935795679116079e-01 
66079	4.183749001603443e-01	3.595075156902713e-01	3.709879403631396e-01	4.351550312825802e-01	3.413072874415212e-01	4.184890808326545e-01 
66080	4.747340497004205e-01	5.181597768420100e-01	5.539247274612733e-01	1.993712803505571e-01	5.292076161330692e-01	2.591892643422611e-01 
66081	4.139997590461808e-01	4.334847359209674e-01	6.386670094523038e-01	4.473124320195491e-01	4.293910187617803e-01	4.722536918454139e-01 
66082	3.001144987631067e-01	6.722652724642841e-01	5.376320143636815e-01	6.531682090089787e-01	5.303458631828611e-01	5.471343450186227e-01 
66083	3.269806247546282e-01	4.092678123436123e-01	4.634613903573354e-01	4.695022895399525e-01	3.701079442347913e-01	4.602118274052918e-01 
66084	5.751858923861157e-01	6.005996170087728e-01	5.482897148428454e-01	5.279970719448723e-01	6.831574842903618e-01	6.915634190377142e-01 
66085	4.960324681986198e-01	3.077009450935317e-01	6.020806322627238e-01	5.212582736779791e-01	3.304227400378751e-01	5.493578317492129e-01 
66086	5.325763739728866e-01	4.705109860184084e-01	5.211841422073507e-01	4.860658910337438e-01	4.761123134497806e-01	3.145739054897181e-01 
66087	5.277071633740804e-01	4.359587206262757e-01	3.225336522538224e-01	3.704012436528151e-01	4.268540868423010e-01	3.606657719956671e-01 
66088	5.752395730895857e-01	2.355511888393816e-01	6.588828425807366e-01	6.407790194297961e-01	4.960297772176213e-01	6.733757029264997e-01 
66089	6.903342625623243e-01	5.161700360235429e-01	6.835538368423107e-01	5.491142783236029e-01	6.510776593662106e-01	5.567019849062251e-01 
66090	8.226284058790605e-01	7.944471544614613e-01	8.006315729685589e-01	8.689079926197928e-01	7.996519032985775e-01	8.305742052799803e-01 
66091	3.995278375136312e-01	5.014864674896515e-01	3.881007222022572e-01	6.151725229155545e-01	4.936402052129362e-01	3.709042105375122e-01 
66092	4.883809193791024e-01	3.648599427667455e-01	2.828727135428262e-01	6.032210911687552e-01	5.212991498360311e-01	4.044490355067180e-01 
66093	4.461259151197409e-01	5.432790042916811e-01	5.891754740888540e-01	2.379713817691933e-01	7.091862038919139e-01	3.519454917386399e-01 
66094	4.175879034208005e-01	3.758772431903572e-01	4.471622528245683e-01	2.495968714601463e-01	3.886375472623056e-01	3.250657901436515e-01 
66095	3.208020264138650e-01	2.371355658448655e-01	3.016042106893208e-01	3.446458160298077e-01	3.227334555063430e-01	3.927457489437672e-01 
66096	7.494777208994198e-01	3.500353748648552e-01	6.557641249057273e-01	4.916546336034641e-01	6.033386130551546e-01	4.132942479560305e-01 
66097	4.125989473571230e-01	3.444678472910686e-01	3.458766269688039e-01	4.471911945422583e-01	1.593640849578151e-01	3.854427967075245e-01 
66098	5.062406442841412e-01	5.257313429945498e-01	5.539709336718055e-01	5.319595837565997e-01	4.669389247170601e-01	5.077295087889067e-01 
66099	3.061334247445947e-01	3.018246642568475e-01	3.089735746026488e-01	2.945708896114083e-01	4.158543091547077e-01	2.875019868436518e-01 
66100	7.414175997860560e-01	7.302891466020611e-01	7.169651445662306e-01	6.713029382935769e-01	7.041827505960627e-01	7.226678154788017e-01 
66101	3.903638727911483e-01	1.262536405796845e-01	3.274005103226264e-01	1.008136440328139e-01	3.701474170780762e-01	2.022176489410230e-01 
66102	6.136912300057853e-01	6.213418363752086e-01	6.236825682748168e-01	6.800468277370866e-01	6.712877287607730e-01	6.677000821176775e-01 
66103	2.265251972146433e-01	4.304117053003662e-01	2.561086767578313e-01	4.607593446933317e-01	3.307596528269266e-01	3.322732604172163e-01 
66104	5.321354222666512e-01	6.426031435201165e-01	5.060370104751679e-01	6.420316910753170e-01	5.862773733594456e-01	4.284567617780652e-01 
66105	5.611303286679103e-01	5.263583823564169e-01	7.967609455898030e-01	5.561334930062689e-01	7.029448330435388e-01	6.099936457731243e-01 
66106	4.960309367999349e-01	3.110657814390581e-01	3.265485316665393e-01	4.026651116912225e-01	4.773967355548612e-01	3.953175933167256e-01 
66107	5.098809814637988e-01	6.366032096210330e-01	4.916183484694112e-01	7.473645245418310e-01	5.658348299641375e-01	7.765385056483129e-01 
66108	4.348502495254092e-01	6.974117178434707e-01	4.347227009927281e-01	4.182952999907544e-01	5.677348614961992e-01	5.299603435591264e-01 
66109	3.419486176517025e-01	7.502005210995045e-01	5.050609788022392e-01	4.734491293826357e-01	4.150831198531451e-01	4.665139727907129e-01 
66110	3.896115098829569e-01	5.278724797456192e-01	3.792097053709722e-01	5.713337009636481e-01	5.384040589827049e-01	3.654344911885879e-01 
66111	5.702611536306998e-01	7.692433690763387e-01	5.687657843351142e-01	5.994950521838831e-01	7.566448698866431e-01	6.845644179571253e-01 
66112	2.480981457880540e-01	2.360154935147960e-01	2.178683217364356e-01	2.139408769982246e-01	1.923885817642174e-01	1.891649707134829e-01 
66113	8.639711406505146e-02	3.343585589584941e-01	2.917860359322664e-01	2.433147110393301e-01	3.161624715807720e-01	3.732439018967105e-01 
66114	5.621675914021795e-01	2.277240495461507e-01	4.087609002449277e-01	4.944484282906113e-01	3.830616985036017e-01	2.723677969804889e-01 
66115	4.585406496487154e-01	4.247117753834184e-01	4.624651183841139e-01	5.696625004440909e-01	5.052946730065879e-01	5.362826154372666e-01 
66116	6.977231786229102e-01	5.665838999994032e-01	4.366751205079366e-01	4.017054366218421e-01	6.823971819806466e-01	2.639699674560395e-01 
66117	4.025392646664814e-01	5.618929929826199e-01	4.527845656213171e-01	4.484055746808640e-01	3.122028904329996e-01	4.993061403143230e-01 
66118	5.292777276959499e-01	5.977978744862297e-01	3.874637713865387e-01	7.721669082882671e-01	4.443029462265872e-01	4.864823764054651e-01 
66119	4.021767036207776e-01	4.721580464680795e-01	4.286073103116672e-01	7.155650409415100e-01	2.511210707736369e-01	4.468085076929548e-01 
66120	6.709064334057206e-01	6.629492524308345e-01	8.146473418926687e-01	6.635754437126262e-01	6.856514083980235e-01	6.359961233365310e-01 
66121	4.099610975332948e-01	3.720153959353611e-01	3.618431519036964e-01	3.383015313502052e-01	5.087551001888468e-01	3.992375091331787e-01 
66122	2.455935949701537e-01	3.135606172630848e-01	1.654001967173956e-01	3.545383602254120e-01	2.106832641868538e-01	3.253068739482914e-01 
66123	3.991191907817295e-01	3.018954632238602e-01	4.633634583850015e-01	3.179864384660979e-01	4.980122825883127e-01	3.146702687227568e-01 
66124	5.313118005840274e-01	6.988563407776810e-01	4.547445373364827e-01	6.943621967588375e-01	6.694476908176139e-01	4.579843851473723e-01 
66125	5.777636149089503e-01	4.459475659571082e-01	4.650285898669788e-01	5.490844180952659e-01	5.097373905859234e-01	4.567963974267490e-01 
66126	2.298643043661824e-01	1.712329617456020e-01	2.593555695089914e-01	2.000435641168216e-01	2.625600408671859e-01	2.124322742948466e-01 
66127	5.266106224786230e-01	4.122185416213168e-01	6.428503891062135e-01	5.512178072526468e-01	5.438869599997620e-01	4.814244679876851e-01 
66128	6.900163158134831e-01	2.910826631839526e-01	5.615103700447093e-01	5.363788351588525e-01	3.632291627020578e-01	2.596563475046394e-01 
66129	5.450869768590746e-01	7.185174265718723e-01	5.964948340677116e-01	7.711789694647485e-01	6.086073190894503e-01	7.889804199517131e-01 
66130	4.188639304224021e-01	7.076424097534683e-01	5.851036463326811e-01	5.938388988736745e-01	5.572519597024745e-01	4.835151715255537e-01 
66131	3.024032810943748e-01	4.517819465514634e-01	2.134394535225456e-01	3.820098609940385e-01	3.527090174076360e-01	2.436735404148713e-01 
66132	5.038494884511513e-01	4.202055422305203e-01	2.311079555287582e-01	4.087923587135318e-01	3.699532705656912e-01	4.307355284105499e-01 
66133	6.263922998582601e-01	6.016753473202177e-01	4.369511900214998e-01	7.807898719325369e-01	5.619154550677175e-01	4.655566816957745e-01 
66134	4.921625892502473e-01	2.845885485486168e-01	6.768193645561758e-01	3.332319331560995e-01	3.525352074256995e-01	5.791302528049533e-01 
66135	6.900215005209740e-01	4.639297120662842e-01	4.741952702995839e-01	6.955163494720216e-01	4.753100247359553e-01	2.767759921349512e-01 
66136	5.775859395545053e-01	3.163709448339768e-01	5.121517847606974e-01	3.866274146822882e-01	5.830816191195618e-01	3.620597841318789e-01 
66137	3.100742229477875e-01	3.072714943812259e-01	3.989101590854987e-01	2.219829449201561e-01	3.241170880300553e-01	4.636266358704626e-01 
66138	4.050122539688054e-01	3.853970283777609e-01	4.181310840036684e-01	5.654868354938112e-01	1.074704146254537e-01	5.795589710314899e-01 
66139	2.405942861609442e-01	1.896427175364025e-01	2.170221855403724e-01	2.920706802065617e-01	1.416946875843029e-01	2.814908032571842e-01 
66140	5.975938344925436e-01	6.480104509722774e-01	5.847256832594584e-01	5.135350353799620e-01	6.401516013544324e-01	5.493332068204788e-01 
66141	2.552029932073943e-01	7.464325425225001e-01	4.443382642094693e-01	4.249244891471313e-01	6.858322962972481e-01	4.783966651102857e-01 
66142	6.868715377358041e-01	6.622419782041346e-01	7.613964377478761e-01	6.547289655695585e-01	7.280027364793458e-01	6.442560427498305e-01 
66143	2.520897775222568e-01	2.007413835139033e-01	3.557030662830015e-01	3.302760913348471e-01	3.360576462074399e-01	3.956965964155108e-01 
66144	4.998013334087356e-01	3.219502105971642e-01	6.872417877880219e-01	4.843016257879126e-01	4.520461124851112e-01	4.626021409204025e-01 
66145	6.574350619899945e-01	6.542924503580587e-01	7.242931291611430e-01	6.245230058989516e-01	6.998415353321044e-01	6.336833951426142e-01 
66146	4.664235763741220e-01	6.569179745055247e-01	3.321249173091062e-01	4.917302864652917e-01	5.615647535648096e-01	6.038225938010857e-01 
66147	4.475129728662298e-01	7.555290495310318e-01	5.438052778359630e-01	6.116325252497141e-01	4.336689990968991e-01	7.792794313299490e-01 
66148	6.664053074685647e-01	3.671457755343864e-01	5.899279550160311e-01	6.313722451667627e-01	4.459444244454848e-01	5.069884157186046e-01 
66149	5.537882160646301e-01	6.581850508674971e-01	5.672329900389750e-01	4.951484358095086e-01	4.998396645159131e-01	5.948258432098038e-01 
66150	3.780900778221908e-01	6.464187915780373e-01	5.171643351770866e-01	4.724915591110519e-01	5.750990178156049e-01	4.107402660239393e-01 
66151	4.311615686462915e-01	4.304482095800597e-01	4.452008715967205e-01	3.682962978343660e-01	5.188729757108066e-01	3.311989829184400e-01 
66152	6.797006573382139e-01	6.829728231581096e-01	6.500295774644053e-01	7.103148451575162e-01	7.019938518625644e-01	6.464165128033413e-01 
66153	3.673264072006495e-01	4.003196122300841e-01	3.573993275935409e-01	4.266146634787447e-01	4.942224567258791e-01	3.238383667849777e-01 
66154	6.119434570660423e-01	4.121100322977139e-01	5.913566188326784e-01	5.142287530758589e-01	3.680350472852369e-01	5.282351939763714e-01 
66155	6.697114922094252e-01	8.458111258803069e-01	7.068023961586105e-01	7.253203425323940e-01	6.220071894502351e-01	8.202702786388563e-01 
66156	6.370904023258697e-01	3.499702768283275e-01	5.521692287505153e-01	5.969151391143719e-01	6.147678703273318e-01	4.152458752937399e-01 
66157	2.548539787772366e-01	4.263998022165820e-01	2.721483661941872e-01	4.291538634918629e-01	5.532650153715337e-01	5.242472302914127e-01 
66158	3.641220219598089e-01	5.698749347332662e-01	6.793684086935773e-01	4.376588191559741e-01	5.582238242990977e-01	5.765855128977783e-01 
66159	4.447700832322178e-01	5.018460797945061e-01	6.238637359563726e-01	4.768974493002323e-01	7.609635278446120e-01	3.699432004632135e-01 
66160	6.370620778967573e-01	5.410555059088915e-01	5.641807078236392e-01	6.907874238836567e-01	5.541897420467112e-01	5.026330343954397e-01 
66161	4.653929824669659e-01	4.517265878781479e-01	3.995077782892823e-01	3.396525349425842e-01	5.182933438333162e-01	4.254772771884934e-01 
66162	7.390033831527717e-01	6.271098912668871e-01	7.432745243222498e-01	5.927758452518881e-01	6.694311563698887e-01	6.711372987273582e-01 
66163	4.805715645698572e-01	4.928826026849253e-01	6.107619956801350e-01	5.847496765605878e-01	4.817892139754021e-01	6.152147893252924e-01 
66164	3.863124518855123e-01	6.046767796840242e-01	3.684369251749940e-01	4.067257002880284e-01	5.386879990632709e-01	3.523181767355140e-01 
66165	3.914445412072159e-01	6.913835318491641e-01	2.375982341682590e-01	4.948369844608705e-01	4.179856734344557e-01	4.342493038435702e-01 
66166	6.657691720903293e-01	5.841133983225779e-01	4.410802976945166e-01	5.567619563479407e-01	7.795534620905974e-01	4.869856048428237e-01 
66167	1.229519268428872e-01	2.507440379701317e-01	1.437061508871340e-01	1.950096509106484e-01	1.463557874794807e-01	2.262661718964564e-01 
66168	4.567389778696979e-01	5.704013434625490e-01	5.822499073462991e-01	4.496594957229460e-01	7.064552985726827e-01	4.640374653649690e-01 
66169	5.712955357253540e-01	5.537700235766412e-01	4.450636183893839e-01	1.467108323114061e-01	8.176075014448752e-01	3.470583559634920e-01 
66170	5.838462247942243e-01	6.485017875660202e-01	5.858780551563567e-01	5.697250380717405e-01	5.645860090597190e-01	6.904596950966791e-01 
66171	7.080275942061881e-01	5.514635526618470e-01	4.995589942067326e-01	5.013730865859536e-01	5.290070226187893e-01	4.536384877428747e-01 
66172	5.840379854330235e-01	4.876145354745583e-01	2.685912086524869e-01	5.761896891011844e-01	3.545683702780920e-01	3.568187101286973e-01 
66173	6.584289941581527e-01	5.210707691361283e-01	5.909976561738703e-01	5.313945776613838e-01	5.327069570999838e-01	7.531822797572183e-01 
66174	2.432993375779636e-01	4.142255757543279e-01	4.478930013723570e-01	3.081206415711532e-01	2.949615301288085e-01	4.724444905391226e-01 
66175	3.776693831433022e-01	4.246113845948095e-01	3.637940478395753e-01	3.883309243161250e-01	4.581538560496639e-01	4.076054024072662e-01 
66176	4.796197725219857e-01	6.667583207216075e-01	5.304491885251676e-01	2.433224176972175e-01	5.738051047420848e-01	4.097732971496276e-01 
66177	4.650978254180497e-01	5.223218910665159e-01	4.623576858657730e-01	5.394729331918552e-01	4.036797497542907e-01	4.860749155737268e-01 
66178	3.067436151293046e-01	2.885481473763203e-01	3.046471983238069e-01	3.535894456986050e-01	2.151518997049780e-01	3.526674565143491e-01 
66179	5.705840136555800e-01	5.835073001471901e-01	7.398488959720151e-01	5.511775670143482e-01	4.549925232426086e-01	6.696621472273178e-01 
66180	4.854051062182036e-01	4.550208270337063e-01	4.759154522079451e-01	4.191722671102682e-01	6.195501565442244e-01	3.900659009700058e-01 
66181	7.846876581699844e-01	5.597529444150866e-01	6.026751255509224e-01	6.943222696612572e-01	6.054753787881870e-01	6.557095978469258e-01 
66182	3.140378987405356e-01	5.830070351879231e-01	2.699288215495806e-01	3.943348078111521e-01	3.414336337746648e-01	4.193365083857691e-01 
66183	7.358033318056593e-01	6.076077443828480e-01	6.845484736939018e-01	5.833693699741009e-01	4.919063411469317e-01	5.101330367436006e-01 
66184	5.251331244817532e-01	5.870247672925254e-01	3.790001833509352e-01	6.184979479732620e-01	6.273283562228251e-01	4.164637088447460e-01 
66185	5.468541640268735e-01	3.791991933762388e-01	6.833155572756355e-01	5.685200047217157e-01	5.059187110058314e-01	5.002433143131924e-01 
66186	3.949319432590583e-01	6.815012721478089e-01	5.145084871491608e-01	4.897221658237533e-01	5.749305760071760e-01	4.226319161418778e-01 
66187	4.877199467474005e-01	6.346617620082662e-01	3.747082417886584e-01	4.667906467888395e-01	4.373089657809847e-01	4.475538992848452e-01 
66188	3.922784731329410e-01	2.044372989694869e-01	3.978336284514777e-01	4.691241383176982e-01	2.255129966842960e-01	3.506742140798809e-01 
66189	2.170952845457884e-01	2.318693212166060e-01	4.504545265982787e-01	2.661696706593340e-01	2.666829555999809e-01	3.008739094270946e-01 
66190	5.738953068924278e-01	3.539938925064474e-01	3.091102638056538e-01	6.737166486954849e-01	2.199013672054606e-01	6.118623559458611e-01 
66191	5.873471012533371e-01	7.199235852646272e-01	7.543614507322608e-01	6.655099849837802e-01	7.025339318508630e-01	7.401876454639458e-01 
66192	7.222577270561183e-01	5.482654365537321e-01	8.033923132020440e-01	6.774663872942339e-01	6.674642312289906e-01	6.297355975433088e-01 
66193	3.432030144928442e-01	5.237716991728707e-01	3.705537505726739e-01	4.494159572644245e-01	3.296484230328309e-01	6.446424631155717e-01 
66194	3.000656436786027e-01	4.821684762871344e-01	2.862219752146957e-01	4.721780884612443e-01	3.190161790739272e-01	5.977806348951541e-01 
66195	2.591159292093230e-01	1.840740150555529e-01	2.503384432483652e-01	2.809305008216431e-01	1.742595956010755e-01	2.185817891543153e-01 
66196	4.473237844647942e-01	3.897436124946239e-01	5.459747256360283e-01	4.630481666261324e-01	4.244973943525723e-01	3.938442058110347e-01 
66197	7.568640023676425e-01	3.033812661817199e-01	5.859604652865461e-01	4.070421051243840e-01	5.290741709071394e-01	3.451583231178463e-01 
66198	4.486477107784556e-01	4.386874295815237e-01	1.737562759633193e-01	5.974763037877471e-01	4.623579396218730e-01	3.114885979017052e-01 
66199	2.538740313479163e-01	5.856056730865603e-01	3.631857916938288e-01	4.963083302964043e-01	2.965572306561181e-01	3.669262398989989e-01 
66200	3.719381651003705e-01	4.457902956477346e-01	4.285317404853050e-01	3.971706235570757e-01	3.186788560400842e-01	4.103931701771708e-01 
