29401	3.965899734314673e-01	5.500293453640500e-01	4.138433889456634e-01	4.356779460439376e-01	3.771567120276693e-01	3.222991624712760e-01 
29402	6.287920090589149e-01	6.587136731888596e-01	5.994613103387092e-01	7.681091917799372e-01	6.540429429813461e-01	5.435662118668321e-01 
29403	7.430994751540214e-01	3.170028829992602e-01	7.209042213332576e-01	5.596729621383957e-01	5.372432385135613e-01	4.387568685983125e-01 
29404	6.037725346397269e-01	2.385042921796394e-01	6.450241594356050e-01	5.494422282239340e-01	5.811516682570101e-01	2.646702365131623e-01 
29405	5.437552400892056e-01	5.269528157424277e-01	3.381794034319682e-01	5.893709612873466e-01	4.958145101728510e-01	5.646255707414367e-01 
29406	4.334141796170737e-01	6.548229499919536e-01	3.712602898028255e-01	3.792800198613789e-01	6.946438457624095e-01	5.202766167672869e-01 
29407	4.890899511728111e-01	4.719756414183898e-01	4.328971696837212e-01	5.279985330102845e-01	3.209294689287128e-01	4.966250235866289e-01 
29408	7.359939378134209e-01	4.629019635403668e-01	5.241096604232527e-01	6.908811885845929e-01	4.228552732804949e-01	5.522232335168238e-01 
29409	4.518591787312440e-01	5.510742368272448e-01	3.862593044769078e-01	7.347839584842011e-01	5.290517018781538e-01	5.341109273038085e-01 
29410	6.652905076369352e-01	4.279837901092867e-01	6.143470514637810e-01	5.622145054629890e-01	5.929744471688665e-01	4.356337719443760e-01 
29411	5.454301209374322e-01	4.989694973934373e-01	1.977889517948873e-01	6.875258296880867e-01	4.424749936888080e-01	5.906947876591712e-01 
29412	3.721608339545812e-01	2.990678820679294e-01	4.775730192472031e-01	2.639449767740878e-01	4.988834563408464e-01	6.595109570499618e-01 
29413	3.107310595388150e-01	4.436260496613590e-01	2.353787172035527e-01	4.404337272876917e-01	3.496851577749213e-01	3.520712146732039e-01 
29414	7.029002938602666e-01	6.600695389457716e-01	6.653042240512808e-01	7.235017742958063e-01	5.447400020035753e-01	7.147149499198988e-01 
29415	5.306185247319746e-01	5.260338540435311e-01	6.616561814716597e-01	6.909220773822591e-01	5.953308559882121e-01	4.892659757935887e-01 
29416	2.972149173790657e-01	7.728024141385906e-01	4.070646144114065e-01	4.593778428587903e-01	6.950462618914434e-01	4.526709130207673e-01 
29417	6.954118085658803e-01	8.463876397386128e-01	6.450021225466148e-01	7.219720791444163e-01	7.596813855805180e-01	6.962000914112885e-01 
29418	3.911770782685031e-01	3.284790945631424e-01	5.603152640376993e-01	4.488843265794954e-01	4.110969796841534e-01	4.770442174031160e-01 
29419	6.385982362300493e-01	6.069347485075577e-01	5.782717331470699e-01	6.187703727899039e-01	6.082665633228683e-01	6.711323215277767e-01 
29420	4.461574414943560e-01	6.179488709054932e-01	5.188711820876668e-01	7.328861453800825e-01	4.756506987990058e-01	6.745188040761125e-01 
29421	2.259600921498345e-01	5.231494610711378e-01	4.228993088098377e-01	3.423550906344064e-01	4.275674932259296e-01	4.547309064345567e-01 
29422	4.317915115628232e-01	6.506689147254691e-01	2.846172207254865e-01	6.838962308669899e-01	4.139658706871779e-01	5.622435382903958e-01 
29423	3.995175514721508e-01	4.329714868753171e-01	6.360099500149587e-01	3.612420306573985e-01	6.653877855375138e-01	5.762919982107108e-01 
29424	5.126610726927501e-01	4.731156292594433e-01	5.776221464701937e-01	4.831286438541097e-01	4.402388773861841e-01	6.518247713761691e-01 
29425	3.317006692247518e-01	7.423301484442545e-01	3.653294868006022e-01	5.060313403271780e-01	3.926096716382566e-01	4.843508162422217e-01 
29426	4.912641462610202e-01	6.005649643178127e-01	5.069578338349492e-01	5.934725117501052e-01	5.433913770417702e-01	6.470473857764032e-01 
29427	5.999604426819662e-01	7.504467438356710e-01	6.265965290330866e-01	5.908374792353683e-01	4.677203307604297e-01	7.649729620625469e-01 
29428	5.797699757165793e-01	1.016520339306831e-01	4.447515565197237e-01	2.983982207010719e-01	3.254905318610311e-01	2.989211029360538e-01 
29429	5.911136493269770e-01	6.070096413266000e-01	7.000120697538371e-01	5.361196879659187e-01	6.597772071588099e-01	7.708104307414066e-01 
29430	5.141626952806415e-01	4.525822271609150e-01	6.368102332404820e-01	4.314497118461676e-01	7.025176705451924e-01	3.014406787673392e-01 
29431	3.929695194236522e-01	4.607295185878040e-01	4.885581167469367e-01	4.551733604239492e-01	4.970279616369525e-01	4.042739950652749e-01 
29432	6.761187186649588e-01	5.076519176969627e-01	8.948789334504356e-01	4.985501142844619e-01	6.287719331969052e-01	6.035036992836236e-01 
29433	5.132083186695258e-01	4.056340692839594e-01	4.590346796233173e-01	5.426297716891353e-01	3.478229564572162e-01	4.000058938198172e-01 
29434	5.699956593276545e-01	2.723189925757848e-01	3.755261233808714e-01	5.502719050599671e-01	4.386265348373022e-01	4.633739249162916e-01 
29435	4.288189085582817e-01	4.796886967822218e-01	2.658177526688638e-01	4.986456765323211e-01	4.820707133430215e-01	3.937388049480633e-01 
29436	3.301707144378278e-01	2.882205722533024e-01	3.561900118057279e-01	2.283730044160447e-01	4.499876445785985e-01	2.293864663462408e-01 
29437	5.805694154342610e-01	5.763561119358976e-01	3.039021285324516e-01	5.231850010049537e-01	5.615060777650621e-01	5.189472309673911e-01 
29438	6.767357549087067e-01	7.339527965760011e-01	8.110396596163856e-01	7.203833377940423e-01	7.263959584972151e-01	7.453559375012069e-01 
29439	5.668720842379287e-01	4.886414911300828e-01	7.116190867071195e-01	5.460210618644843e-01	5.000180437285706e-01	6.623899975758410e-01 
29440	4.473009078447037e-01	4.896063629085651e-01	5.600917388415780e-01	4.754696699976003e-01	5.572339820315630e-01	6.507702553834924e-01 
29441	1.830293905783106e-01	3.058471147204368e-01	2.684689984021689e-01	1.538891639244737e-01	3.009666435949073e-01	2.349926198448273e-01 
29442	2.117234750889695e-01	3.367133795920264e-01	1.677328547253791e-01	3.867056501382754e-01	1.230338687708495e-01	3.464552791940653e-01 
29443	3.576765756054550e-01	2.623928426372985e-01	3.483950721673512e-01	2.340213666691379e-01	3.187168227924377e-01	2.477423061852959e-01 
29444	3.508664418054583e-01	3.128811141420403e-01	4.227827179694226e-01	3.961286443076912e-01	4.355781061073109e-01	4.155359135907097e-01 
29445	3.994778117449407e-01	6.069454759242310e-01	5.491016824250825e-01	4.798456493550042e-01	4.473496530496999e-01	4.597524321604778e-01 
29446	2.012427013377379e-01	2.177245538542219e-01	2.150958843552694e-01	2.311780823725998e-01	2.391052426089869e-01	1.851832275219658e-01 
29447	7.115242831737447e-01	3.927105632766529e-01	6.427751844194782e-01	5.527734601474616e-01	5.592009733140719e-01	5.628807402141971e-01 
29448	5.115755012283483e-01	7.172873067656771e-01	6.004785243902921e-01	5.604216060996734e-01	7.981280239786648e-01	6.697234596880535e-01 
29449	4.910324488811242e-01	7.752243863980112e-01	4.349580672069255e-01	6.679327980219123e-01	5.641897678366559e-01	6.829425777683371e-01 
29450	4.903715003034558e-01	4.662605969669545e-01	6.614354016235835e-01	5.379931549815635e-01	4.238931169093607e-01	7.650730819387713e-01 
29451	5.151237435714872e-01	4.250361677364665e-01	4.560010554225640e-01	3.698293207014294e-01	5.553788680019995e-01	3.062994896255887e-01 
29452	6.722063078800108e-01	3.594524471166150e-01	3.288131240743841e-01	6.747504584342907e-01	4.422056633989500e-01	2.369562711916761e-01 
29453	5.547324865642436e-01	3.017632512826449e-01	3.871051441987250e-01	5.073529523334637e-01	3.613250769304554e-01	3.263846237148159e-01 
29454	2.317703034771789e-01	5.970720992046288e-01	2.394540714204367e-01	3.449010775171339e-01	3.648542780903416e-01	3.943036923065089e-01 
29455	5.708130918162941e-01	5.238168200167836e-01	5.298353557335785e-01	5.195368179996691e-01	4.741671985019921e-01	5.657096272107679e-01 
29456	2.355498245927029e-01	1.883949128165205e-01	2.261762948316063e-01	1.689257486061584e-01	1.823616870464981e-01	1.926955894679341e-01 
29457	5.673929208907431e-01	4.002948712230547e-01	4.606212038588365e-01	3.190678657440189e-01	6.781473990011533e-01	1.730357962100680e-01 
29458	3.951431541160099e-01	5.681882251794674e-01	6.842177516733527e-01	4.981484097733072e-01	6.347798971086086e-01	5.127024617398936e-01 
29459	7.696449302955068e-01	8.130315513631229e-01	7.602820842450118e-01	8.143184876097170e-01	7.225918884533405e-01	8.000168443766134e-01 
29460	5.234613912665131e-01	3.436634789421429e-01	5.654913465704823e-01	5.243153439474975e-01	3.546018676485557e-01	4.714386414465819e-01 
29461	4.092117298030944e-01	4.579570381069537e-01	3.446726538267295e-01	5.231640060450031e-01	4.757238269267179e-01	4.931942611291049e-01 
29462	3.011251435389337e-01	6.181565977001262e-01	5.995059639586955e-01	4.876684385104804e-01	4.181246151900938e-01	7.543617837081423e-01 
29463	2.301388838213081e-01	1.387282657307502e-01	3.166742950659782e-01	2.151191163764511e-01	1.346191808094878e-01	3.070739641378889e-01 
29464	8.747042498005420e-01	5.062253368443290e-01	5.985856276481909e-01	5.958146131144262e-01	5.993109959413465e-01	3.367187837588039e-01 
29465	4.297713704004556e-01	4.209389946154742e-01	3.927011088750708e-01	4.350630035040217e-01	5.055061732650110e-01	4.610134967622219e-01 
29466	6.207263460061849e-01	6.768283077396012e-01	4.359177478556418e-01	6.502502420918040e-01	6.660711515940143e-01	6.546010778067517e-01 
29467	5.808429103934643e-01	5.708904278115263e-01	6.953227178668473e-01	5.953533491006683e-01	5.115750766837323e-01	4.431882748218005e-01 
29468	5.925812020070478e-01	6.022191856699801e-01	4.719525543163898e-01	7.347653918354224e-01	6.655145924350836e-01	6.727352024570121e-01 
29469	7.368727973561167e-01	4.852921234620181e-01	5.659990693521756e-01	6.852008187115660e-01	6.827029766048270e-01	5.150691528613069e-01 
29470	4.491813474152694e-01	5.287804036737197e-01	4.775248297413621e-01	3.416005134507230e-01	6.735374242695147e-01	4.166283667795310e-01 
29471	4.352256237478597e-01	2.763904120747921e-01	5.468988196862117e-01	5.265650511635154e-01	3.484170100044390e-01	5.123840598501253e-01 
29472	7.555192252048536e-01	4.988151722247681e-01	5.283826782021012e-01	4.992011991997336e-01	6.276267769698205e-01	4.618281039916063e-01 
29473	5.694195843165307e-01	6.975986033239928e-01	5.846245059522176e-01	4.640118356132830e-01	5.934259747105819e-01	4.362102940067553e-01 
29474	6.223132491990453e-01	2.927020537726166e-01	4.237595175190528e-01	6.648886042214766e-01	5.036480940946129e-01	4.366488670298380e-01 
29475	3.706448006495688e-01	4.808593870625837e-01	3.316579200897623e-01	1.834977174841521e-01	3.197940631547901e-01	3.516307978449982e-01 
29476	3.083821453677295e-01	4.425391529717301e-01	3.101111020602634e-01	4.848300430135568e-01	3.293903216880820e-01	3.039778807467186e-01 
29477	7.164189887761789e-01	6.372493602053195e-01	4.807039601346683e-01	7.228980945142940e-01	6.649978415555042e-01	5.645638493729375e-01 
29478	5.391852151447423e-01	4.396744933607706e-01	4.774029529331356e-01	3.842076987538620e-01	4.350457242769075e-01	4.802192373185762e-01 
29479	7.865773818366142e-01	5.812857621266661e-01	5.507401585170199e-01	6.314335023980335e-01	8.706639097507277e-01	5.207240137148654e-01 
29480	6.705415153526875e-01	5.608373244415408e-01	6.649121121993877e-01	5.245181679332924e-01	6.546382901835717e-01	5.467388388356094e-01 
29481	5.523160500284627e-01	5.331970414675323e-01	3.834242464039253e-01	4.879730740017857e-01	4.427217300585046e-01	3.817938592781589e-01 
29482	5.835086864076411e-01	5.588670085982785e-01	3.587842126908602e-01	7.969691881034964e-01	3.639027664803010e-01	2.950552349232882e-01 
29483	5.163780777335722e-01	4.760869319940988e-01	3.374470227667486e-01	7.163202501578783e-01	2.149977494695626e-01	5.640556404725997e-01 
29484	2.072564402554863e-01	5.379593672120202e-01	3.588770759735989e-01	4.718221794744899e-01	4.438223437191864e-01	2.765913192621470e-01 
29485	3.980741213365575e-01	4.979273094379164e-01	5.340505412750867e-01	4.151033972661891e-01	2.608229125257346e-01	8.668232330470711e-01 
29486	3.910554452489584e-01	5.066503216335366e-01	2.733384679992242e-01	5.223278755882984e-01	1.864392659228059e-01	3.806242398603234e-01 
29487	6.664343623361211e-01	7.171938317747799e-01	7.170368531585710e-01	4.388315738664739e-01	7.075658538460587e-01	3.809080228999754e-01 
29488	4.011645632355315e-01	5.807116683772195e-01	3.377919109119498e-01	6.387856611116636e-01	5.519495629708482e-01	4.179038797762095e-01 
29489	3.337858651574380e-01	2.911023865366547e-01	5.477394213715271e-01	3.968277674711903e-01	1.729540527875741e-01	5.949445563849405e-01 
29490	4.194013589400195e-01	4.417475439433270e-01	3.449967200719249e-01	4.035328784849823e-01	3.849138289810747e-01	3.743123846887092e-01 
29491	7.993517596889814e-01	5.421144313165652e-01	7.330852423734495e-01	4.284584053435370e-01	7.562033290277409e-01	5.835198740254799e-01 
29492	6.978670319042504e-01	3.536304612059267e-01	6.136175015295374e-01	2.497543624936990e-01	5.547561525414404e-01	4.567144425660025e-01 
29493	4.748783397863857e-01	3.973444077463472e-01	3.323642688345652e-01	5.611878369343830e-01	3.283537436325160e-01	3.275995234476202e-01 
29494	1.461459415318359e-01	2.061949776612795e-01	1.425642837902222e-01	1.476490128123461e-01	2.017768995184927e-01	1.597585842801693e-01 
29495	5.498929145245604e-01	4.636668883021687e-01	6.713522962161531e-01	5.008588426521552e-01	5.854886459690363e-01	4.678014891069575e-01 
29496	5.490950046890521e-01	4.555024962311638e-01	3.271834255702435e-01	5.283694099206560e-01	3.024767423887802e-01	5.527427402653664e-01 
29497	3.920569696053773e-01	6.548118603239464e-01	3.898953607578622e-01	3.498594151254323e-01	5.129563182320085e-01	5.774457146050911e-01 
29498	4.051098037228971e-01	3.372580499852136e-01	3.431661436264761e-01	3.736872746036203e-01	2.837241998961368e-01	4.410676313862736e-01 
29499	3.272155985812943e-01	3.611459798324942e-01	3.499963281305640e-01	3.887883331874296e-01	3.917792630612525e-01	4.348095949159538e-01 
29500	1.176577363959243e-01	3.085012000336198e-01	1.941332019079198e-01	2.886759801559676e-01	3.123881120229797e-01	3.289772147002730e-01 
29501	2.619713409170724e-01	3.561461848392052e-01	4.434277612635839e-01	2.655469847534108e-01	3.575408891454591e-01	3.747103154230001e-01 
29502	3.028667320972048e-01	3.074776909512266e-01	3.089248635002164e-01	1.968504126590711e-01	2.505700426805597e-01	3.064078512036609e-01 
29503	4.620864730304061e-01	3.151271565140136e-01	2.654915740333833e-01	6.331698473870158e-01	3.315036434706529e-01	5.020791617528044e-01 
29504	4.550275087422728e-01	3.365970280726086e-01	6.651787218344470e-01	4.739739166526912e-01	4.544068240585914e-01	6.364407487788563e-01 
29505	8.009737702602577e-01	5.874231893573554e-01	5.780215551249628e-01	6.566925159272712e-01	7.623908587600533e-01	5.465595745985605e-01 
29506	4.887975144257754e-01	6.736415486195289e-01	4.825146324371067e-01	5.268699990624122e-01	7.082367651391821e-01	5.060966349967719e-01 
29507	3.592836460466369e-01	4.402494389431912e-01	2.609636765972899e-01	4.026250449943550e-01	4.246170866718648e-01	4.530207083493465e-01 
29508	4.323988502328980e-01	5.549720934773092e-01	4.064382935970399e-01	5.052161981120575e-01	4.449446862725093e-01	4.011630718649331e-01 
29509	3.218113169950016e-01	3.875619775568934e-01	5.423454725299608e-01	1.772808551518142e-01	5.103472559285307e-01	4.642521430507416e-01 
29510	6.420668725821763e-01	4.588770537060085e-01	3.579427463036950e-01	3.951365146525548e-01	2.069651138233369e-01	4.548588224004521e-01 
29511	6.730517234907654e-01	6.618345223159042e-01	5.649067058354946e-01	5.544419207585246e-01	5.490539593647095e-01	6.067339392252298e-01 
29512	3.023943112359203e-01	6.299377727975223e-01	5.647369651623204e-01	5.119436839219577e-01	5.339438275033086e-01	6.546179953448444e-01 
29513	5.959592344692981e-01	5.416683967513611e-01	4.455613944636304e-01	5.241327852316104e-01	5.352213259792744e-01	4.167715066309560e-01 
29514	6.050967914657683e-01	5.379571776042393e-01	5.063862320763478e-01	4.890940060727187e-01	5.338791878534512e-01	5.094730339792892e-01 
29515	6.087364666834214e-01	4.779276456949195e-01	3.247368159767134e-01	3.720751852142871e-01	4.928251772264027e-01	2.628375848913497e-01 
29516	5.884622138904143e-01	7.692436717715416e-01	6.316232060776721e-01	5.575899574968883e-01	5.982106755381666e-01	6.693410324035669e-01 
29517	4.641816706348151e-01	2.872353495201818e-01	4.144776859406074e-01	4.550461089925560e-01	2.453587831301571e-01	3.789645413879572e-01 
29518	6.416849810138483e-01	4.312923544504557e-01	6.430058792920179e-01	2.388015779358295e-01	5.976293346723205e-01	3.906158215848906e-01 
29519	6.089553808564365e-01	6.945902920545830e-01	6.425047956948697e-01	4.600898528656764e-01	6.968889471755786e-01	5.104414163754925e-01 
29520	3.482140308575423e-01	4.775410686665691e-01	2.170219222753700e-01	3.846863034865132e-01	4.339430419899115e-01	3.386896868199137e-01 
29521	5.133619242140893e-01	5.409223062827874e-01	5.637298131484864e-01	5.641690971927404e-01	5.013600314902795e-01	5.954530625612234e-01 
29522	3.168275906474866e-01	4.279551985177590e-01	3.348385757723109e-01	2.784436784358680e-01	3.720204192334062e-01	4.054630508389621e-01 
29523	7.162439390225319e-01	7.394159058215357e-01	5.795766832134239e-01	8.136358204037749e-01	6.489588817450941e-01	6.670982906748750e-01 
29524	5.954812537075597e-01	6.644176939585145e-01	6.837020291221169e-01	4.757196500856067e-01	5.585100047359131e-01	4.482390459304226e-01 
29525	7.383864701479339e-01	5.070593996828934e-01	5.946204535994001e-01	7.248144601778908e-01	6.651035563173049e-01	5.758089975080798e-01 
29526	3.726771669186367e-01	3.792669055885917e-01	3.992395137468090e-01	2.494626358431165e-01	5.067189474367250e-01	4.908535452836498e-01 
29527	4.795161702523764e-01	4.696057128058319e-01	5.319869615700428e-01	7.931523514006795e-01	5.426568895059470e-01	6.671023955766140e-01 
29528	6.544754596453187e-01	3.527751767835141e-01	4.144854195749363e-01	5.146884126811275e-01	4.203163477290384e-01	3.113842126191733e-01 
29529	5.119951523689460e-01	5.346351034839376e-01	6.070372931852963e-01	4.074263689418618e-01	6.773246603334850e-01	5.311225857407947e-01 
29530	3.501567491579728e-01	4.507091872851618e-01	3.311271853917146e-01	4.848876793602191e-01	4.232893229142921e-01	5.001196311215435e-01 
29531	6.127151444795627e-01	6.027842247883686e-01	5.623130905596161e-01	5.361243974470046e-01	6.664781149178266e-01	6.741818634872736e-01 
29532	5.904878171612915e-01	5.719884076883013e-01	5.197984788473280e-01	4.288308840499350e-01	5.217636111837836e-01	5.867992011798826e-01 
29533	6.054826373040377e-01	3.590235708553990e-01	8.321225788851351e-01	3.249619819740578e-01	6.096407570338483e-01	4.525859025698319e-01 
29534	4.936748775874649e-01	7.388374014388415e-01	6.434361123459473e-01	7.070654498941914e-01	4.271073711736641e-01	8.141587453946518e-01 
29535	4.264483152785374e-01	2.779372427030573e-01	1.438452432558953e-01	4.465391721289711e-01	3.345274583137270e-01	5.271577094191940e-01 
29536	4.217693946718318e-01	4.026774310985337e-01	4.107291695353686e-01	4.822452584192313e-01	3.400665060952813e-01	4.725786188412154e-01 
29537	7.152483835483400e-01	7.052578230389686e-01	7.482773888737564e-01	6.834268344922727e-01	8.758161130960276e-01	7.361108129637587e-01 
29538	2.938042149448826e-01	5.366132397564960e-01	5.403423822963112e-01	3.786412219223024e-01	2.441197440979017e-01	4.856600417059026e-01 
29539	3.488072657997367e-01	5.051491491776259e-01	2.759856074388711e-01	4.287475804241019e-01	3.785364872367126e-01	3.480387341071992e-01 
29540	4.485361567846041e-01	5.115698593512858e-01	4.029083128038377e-01	4.868086483943326e-01	4.445915583181397e-01	2.226114112280374e-01 
29541	5.064266846632008e-01	3.489679012900146e-01	4.400125783204124e-01	4.896850209258096e-01	6.954219871472754e-01	5.127033853188147e-01 
29542	3.120040065878228e-01	5.556334294099458e-01	4.551639540973198e-01	2.153655366830679e-01	5.354281906422529e-01	4.532061141421238e-01 
29543	3.546758129976508e-01	5.361067640976425e-01	3.097344093711351e-01	4.130169190279842e-01	3.400194646651805e-01	3.716360933204053e-01 
29544	4.615489013461089e-01	4.057234173224886e-01	5.399110087188981e-01	4.923405986613492e-01	5.017237109808461e-01	4.634588130492744e-01 
29545	6.190040613557966e-01	6.801178912577839e-01	6.874427626996522e-01	6.546556027768897e-01	5.693412456707312e-01	7.784949633829832e-01 
29546	2.398547085342023e-01	7.162014148575918e-01	4.842282414676831e-01	4.721988569458740e-01	4.437700193715266e-01	3.942922226973810e-01 
29547	4.570840322711531e-01	7.802492597006818e-01	7.206342221037223e-01	4.858585903075943e-01	5.634679181325356e-01	6.775659423341409e-01 
29548	3.157528840497699e-01	2.309260416355118e-01	4.873455066070772e-01	2.476901233471158e-01	2.662878564770932e-01	3.717824005684341e-01 
29549	4.652483633310234e-01	4.686363642833694e-01	4.223624943303854e-01	7.315803103967264e-01	4.099589409677961e-01	5.353524006930300e-01 
29550	6.900449968758694e-01	6.709903205157685e-01	6.620204593678736e-01	5.546425753956840e-01	7.542815614995533e-01	6.033130832469410e-01 
29551	2.557567021110503e-01	3.165748342633831e-01	3.040268919572907e-01	4.050334429334662e-01	2.778307625373519e-01	3.551834315210368e-01 
29552	5.231751149955389e-01	7.939974473113334e-01	5.922942113516156e-01	6.952985646600025e-01	7.338192798310226e-01	5.965893799414720e-01 
29553	2.597316440367179e-01	4.156729494611617e-01	2.301258970816493e-01	3.282367555038433e-01	2.787237573724439e-01	4.336786755722450e-01 
29554	5.348108610903486e-01	4.690853713731569e-01	3.600523964157740e-01	5.019963949194519e-01	6.858536320323984e-01	4.012829780426576e-01 
29555	5.957036254494528e-01	5.049968526046886e-01	8.232994812748515e-01	5.389557733717540e-01	6.701138428790333e-01	4.596847710147849e-01 
29556	4.955610045812525e-01	6.226614612269387e-01	2.512197752549633e-01	4.987042720214639e-01	5.574136328107260e-01	6.815399930609172e-01 
29557	4.983595439715700e-01	4.811333804771102e-01	6.685049902744125e-01	1.386025335258113e-01	5.888651725624265e-01	4.838893151752905e-01 
29558	4.437222372387699e-01	4.712706673231230e-01	5.910499868409276e-01	5.762327146620283e-01	5.131494030539679e-01	5.228741510889439e-01 
29559	4.178324455845767e-01	5.793986378000566e-01	3.384494495185417e-01	3.402012484281066e-01	6.564143390285295e-01	4.634420052306745e-01 
29560	5.790076440512686e-01	4.977136448062162e-01	5.549430159188018e-01	4.895962602775777e-01	4.515822966328629e-01	6.804108316579278e-01 
29561	4.896046108153433e-01	5.548285399343925e-01	5.241392455139552e-01	5.508332042356784e-01	3.599684317202153e-01	5.532908884646754e-01 
29562	7.993729101020560e-01	7.929689420180055e-01	8.022896147318210e-01	6.425949916624956e-01	7.271893740584460e-01	7.728126863086522e-01 
29563	5.175508572676265e-01	7.353927680568616e-01	5.840127736440800e-01	7.028534267396658e-01	6.264015728694752e-01	6.682013544615228e-01 
29564	5.358986036073032e-01	5.998091663861245e-01	6.000778938648815e-01	6.575634493962732e-01	3.083053449738489e-01	6.588127816881109e-01 
29565	7.097536690743621e-01	6.405434586986472e-01	6.981494198324829e-01	6.757423547519648e-01	7.122731186804028e-01	4.456286494295366e-01 
29566	6.944186153289275e-01	3.917859925425031e-01	5.582090090241443e-01	3.786920083462581e-01	4.866861404969376e-01	3.609915436532942e-01 
29567	4.759130108917364e-01	5.193009886038421e-01	4.855754280540261e-01	4.230247336350694e-01	4.481679669925651e-01	5.472699935782659e-01 
29568	5.245755499854412e-01	3.484680025450998e-01	5.741974272496203e-01	5.643855860424937e-01	3.446220395694934e-01	6.938550972136014e-01 
29569	3.187149557783636e-01	4.008261486118901e-01	5.395502561139298e-01	2.786286775416509e-01	4.906593841129994e-01	5.227962078179192e-01 
29570	4.037136856140021e-01	6.027776946990956e-01	4.354986659509314e-01	4.842505065332628e-01	5.229138105028248e-01	5.701710858403116e-01 
29571	5.478687489270845e-01	2.665023365884335e-01	4.645603125051255e-01	2.675415223321911e-01	5.143064497858705e-01	2.529969065474198e-01 
29572	4.937142934421035e-01	5.151022492360919e-01	7.730696150583208e-01	5.878961033872987e-01	4.348041872663846e-01	5.924590570277983e-01 
29573	3.540788019996303e-01	3.125503630732403e-01	4.658607234977165e-01	4.771150478802360e-01	4.736811748120810e-01	4.809676597461376e-01 
29574	6.301865403937161e-01	2.856981716348616e-01	6.384179804096377e-01	3.814316747165257e-01	6.431734853604721e-01	4.095139284679691e-01 
29575	5.065363857493197e-01	6.935117604133096e-01	3.708873034445133e-01	5.464380524812000e-01	4.488214721839229e-01	6.374086259743816e-01 
29576	5.775545986422908e-01	5.256757430678578e-01	5.389875830984097e-01	5.310121560686338e-01	5.790866293104842e-01	3.957973434137755e-01 
29577	5.162565088553892e-01	4.914536159298000e-01	5.430296804783630e-01	5.298969390307134e-01	4.258729872389597e-01	5.429080580495982e-01 
29578	7.290769093956662e-01	4.619424517483716e-01	6.458816821417360e-01	6.410648090588599e-01	5.784657927783615e-01	4.654703388877823e-01 
29579	5.587241185355429e-01	5.382946849684408e-01	7.565274751040592e-01	4.804209594454376e-01	5.290401775017211e-01	3.848735761085268e-01 
29580	2.089333479073113e-01	2.704979174160899e-01	1.967093207241802e-01	2.060603300844979e-01	1.296901221713314e-01	2.090411805112921e-01 
29581	2.525821874586270e-01	2.195609118319184e-01	2.018144425687582e-01	2.347438245530648e-01	2.469599256950616e-01	7.668007202683183e-02 
29582	4.912516774762555e-01	7.870369874299590e-01	5.845176670522869e-01	6.043649852068288e-01	7.009531228796829e-01	5.697551257498830e-01 
29583	4.355590064427551e-01	4.079165036337781e-01	3.066773542305964e-01	5.488375661212791e-01	6.326605315291799e-01	1.882669180038041e-01 
29584	4.725380070360088e-01	4.298319465761271e-01	6.068092364402693e-01	3.910806296112901e-01	4.879433766835221e-01	5.099377146182388e-01 
29585	5.619095054900130e-01	4.489677408069079e-01	3.979160812426580e-01	5.326376596874882e-01	7.163083340779074e-01	3.774514900921572e-01 
29586	4.187166739979058e-01	4.635455289467139e-01	3.659451590668916e-01	5.171682252036660e-01	2.667923067560422e-01	3.441494792152784e-01 
29587	5.375363383790833e-01	4.470026565608139e-01	4.158770867107053e-01	4.377447302991724e-01	5.583567385198687e-01	3.755832775465801e-01 
29588	4.611120936599868e-01	2.686247909404293e-01	3.746035124537028e-01	1.742470245458047e-01	4.167180757313436e-01	3.146567936644694e-01 
29589	5.249759190271253e-01	6.959979935243085e-01	4.031928994788423e-01	3.771634173309719e-01	5.568761752066866e-01	2.666396199755064e-01 
29590	6.166367069209937e-01	4.016999337898963e-01	6.602063598414917e-01	4.543308647084345e-01	3.193873161090630e-01	4.974633875921120e-01 
29591	6.780949238969268e-01	5.239976638495343e-01	5.559257001501094e-01	5.285558199982734e-01	6.478857796642488e-01	5.648627752690820e-01 
29592	4.627081716280719e-01	7.576647685654262e-01	2.325620985097575e-01	6.378349963001763e-01	4.123772086625622e-01	4.871144190809076e-01 
29593	4.885480514928391e-01	4.486714980128685e-01	4.204261989219471e-01	4.735848988595692e-01	2.107878060391700e-01	2.976880361824408e-01 
29594	4.118668482995053e-01	3.754695815104156e-01	3.645909158387108e-01	4.624094966980670e-01	2.990303267942645e-01	2.427171216373403e-01 
29595	6.700900834139285e-01	7.069536060690083e-01	7.398710096194434e-01	6.076995757521580e-01	5.791871737289764e-01	6.813328419408405e-01 
29596	3.201027003483281e-01	6.812242295704758e-01	4.905283686829636e-01	5.686465828221898e-01	4.559360718048073e-01	7.306961447381287e-01 
29597	3.668302688313623e-01	5.666807814662002e-01	4.016497595797050e-01	5.665369258731014e-01	4.355743708015462e-01	7.039675830372097e-01 
29598	3.643944698033588e-01	1.673216467141076e-01	3.034866361575171e-01	2.515758393833350e-01	3.600052676669841e-01	1.809183399552893e-01 
29599	3.566907226735345e-01	3.604097353325786e-01	5.384430340115642e-01	3.924019088662906e-01	3.710087548248235e-01	4.735304485290351e-01 
29600	6.021526071997129e-01	7.589757637309862e-01	5.819997636009773e-01	6.209602250357488e-01	6.110877116205375e-01	7.529205966419839e-01 
