77401	5.423521254975285e-01	4.186563974997938e-01	6.021059369488440e-01	3.750405329547414e-01	3.696426984587139e-01	7.793445489370286e-01 
77402	5.279925320284624e-01	6.008353309451415e-01	5.443067222608050e-01	6.782709743270033e-01	3.613396589145566e-01	6.559890729847382e-01 
77403	5.508340673687926e-01	3.696690039454452e-01	5.423333749738191e-01	5.350981532824168e-01	3.672761262617025e-01	5.371568715682056e-01 
77404	6.303321623884202e-01	6.696702643405943e-01	7.596992243674260e-01	8.024267014229425e-01	7.130960489078289e-01	7.307465059265708e-01 
77405	3.586082678659313e-01	3.208878864956923e-01	5.051742332150694e-01	2.626389420664471e-01	4.324300293773338e-01	4.228987858184469e-01 
77406	3.995895416799627e-01	4.583289826825108e-01	5.635157658673826e-01	5.848198224711816e-01	5.197983686399019e-01	6.824906298606892e-01 
77407	6.227131933500338e-01	6.612801649699087e-01	5.681813339006974e-01	7.689181527910156e-01	5.139405656397144e-01	5.258376283354060e-01 
77408	4.956889051852320e-01	3.744370203477838e-01	4.310525660149707e-01	5.814519760272002e-01	5.062904804141075e-01	4.280132770749120e-01 
77409	6.731968602260737e-01	4.404273735504439e-01	6.938396781651823e-01	6.102124788221670e-01	4.545913679765366e-01	6.617546537711270e-01 
77410	5.539390679943930e-01	5.315465482456870e-01	2.155550314714180e-01	4.377353470281468e-01	3.772614503643847e-01	2.837079286031166e-01 
77411	2.844203955186191e-01	2.805008059879917e-01	3.171305488711854e-01	3.949356817167228e-01	1.559943237290412e-01	3.701698874541217e-01 
77412	6.250492929287363e-01	5.967786265815076e-01	7.662242174220861e-01	4.625825622086679e-01	6.561464985657870e-01	5.873476773057842e-01 
77413	4.096943525891410e-01	4.050841509046446e-01	3.352251282962121e-01	4.655085797585249e-01	5.131793759201324e-01	3.958037876525878e-01 
77414	4.578011997675084e-01	6.011215672805474e-01	4.304003406614632e-01	5.895436803193365e-01	4.526118641425865e-01	4.105723263429476e-01 
77415	4.572120447192982e-01	6.855276557661172e-01	4.628227097327552e-01	4.746925212831962e-01	5.895704345447867e-01	3.290592620145323e-01 
77416	2.783016651789149e-01	2.694875080765122e-01	5.389657013226057e-01	1.757575709470701e-01	4.602718370363157e-01	4.133534032404794e-01 
77417	7.613984587298959e-01	7.143140068285232e-01	6.849253394464371e-01	7.539971612999020e-01	6.163908111239188e-01	6.562825248077225e-01 
77418	6.360743128671391e-01	6.990131848460943e-01	6.228267570691768e-01	7.318727589262877e-01	7.733982235804764e-01	6.486306428156396e-01 
77419	4.545235764638930e-01	5.731027389358043e-01	6.286905344023453e-01	5.041287372278855e-01	6.708360813813279e-01	6.283872661480395e-01 
77420	3.166913886159234e-01	7.475389814682871e-01	4.942534819972230e-01	4.938713061834012e-01	4.722908319676892e-01	5.031088613973191e-01 
77421	5.302855566733427e-01	8.857278468228895e-01	4.781097412424953e-01	8.140815674244886e-01	5.349706459657886e-01	8.172239176378664e-01 
77422	2.859013439498413e-01	7.813747263864419e-01	4.166992610405186e-01	6.360876513248586e-01	4.871622040930501e-01	3.901942692240855e-01 
77423	4.839536492212555e-01	7.511326231312905e-01	6.771645684535403e-01	5.354008356556137e-01	7.980851706410527e-01	4.860988705733787e-01 
77424	5.696060914950476e-01	5.751486770289059e-01	6.334883434588701e-01	6.467379478724335e-01	5.184818566320392e-01	8.228527168349626e-01 
77425	6.293542589958658e-01	5.738525026227840e-01	4.045063002591411e-01	6.326514163423194e-01	4.385017888771254e-01	5.234448054955327e-01 
77426	3.336123550009650e-01	3.265043070854957e-01	3.746885433138555e-01	3.155843008260233e-01	2.999192482319808e-01	3.219239295561535e-01 
77427	2.911935157940355e-01	5.572636848005584e-01	3.120437260506999e-01	4.131798764428040e-01	3.999926723683947e-01	5.172824009586163e-01 
77428	4.724026566227018e-01	4.513851640058442e-01	3.243047626467999e-01	2.397367334403350e-01	6.068283178439520e-01	4.145332351951019e-01 
77429	4.541888437553564e-01	4.225417659552960e-01	5.232856950017792e-01	3.409713060077339e-01	5.409134289170060e-01	5.024977334818679e-01 
77430	6.447702141902423e-01	5.923380995125158e-01	5.501111015188647e-01	5.644847489155767e-01	6.702958188801553e-01	5.610796910696820e-01 
77431	5.539796236529443e-01	2.635844595183654e-01	4.722640854977662e-01	3.892190039241913e-01	4.715537905385929e-01	3.213333248967366e-01 
77432	2.387904944562826e-01	5.677856037122304e-01	2.554222535246685e-01	3.816782774501647e-01	4.028262766602898e-01	2.721829325523660e-01 
77433	3.822124791171583e-01	6.886116984363428e-01	3.475018199947520e-01	5.772541915501148e-01	5.265574231435346e-01	4.016918296127483e-01 
77434	4.346357613120955e-01	6.063318055996787e-01	5.906019841091643e-01	5.411549519465659e-01	4.605163493698888e-01	6.747114950175482e-01 
77435	5.042846714806417e-01	1.269662243535621e-01	3.983709561550250e-01	5.095956089862002e-01	3.903429466381000e-01	5.728805001471998e-01 
77436	5.570335573821341e-01	3.749265580517043e-01	4.594229130867845e-01	5.380029345179518e-01	4.902501211039734e-01	4.244934367189440e-01 
77437	5.012874931810123e-01	5.138385855726972e-01	2.520806438013549e-01	6.115446901708281e-01	3.508099990780096e-01	3.484891818451583e-01 
77438	6.650786070603035e-01	5.812840024202425e-01	5.204716015618319e-01	7.027450664281811e-01	4.913007844245489e-01	5.198197038246918e-01 
77439	5.986555890300760e-01	4.723837754311129e-01	6.497735974019836e-01	5.837736522135490e-01	6.268432060818990e-01	5.193584037016004e-01 
77440	4.407896353009443e-01	4.401289946637537e-01	5.095317027427232e-01	4.518554629482641e-01	5.946528179494522e-01	4.275104721517700e-01 
77441	3.166892985934264e-01	3.544133804768114e-01	2.841136164587368e-01	1.848330342157803e-01	2.607875967624657e-01	3.685272944069146e-01 
77442	2.976524836073906e-01	2.584951325489515e-01	3.498980538480239e-01	2.923304154505227e-01	4.554110238825256e-01	3.692613255454989e-01 
77443	5.395005864985591e-01	4.254801299063521e-01	3.663638166092336e-01	6.017403582770010e-01	4.284003763690324e-01	2.349088035073402e-01 
77444	7.023005165676774e-01	7.332164978643618e-01	5.999598908829664e-01	7.890802888736643e-01	6.138896398975167e-01	8.148721249475450e-01 
77445	4.453613070992565e-01	4.155548871168825e-01	5.013832587567180e-01	2.352849010469871e-01	5.044435736271577e-01	4.586884161920529e-01 
77446	5.770043630987496e-01	4.692018424073698e-01	4.145444187317375e-01	5.309127588345219e-01	4.488308352162041e-01	4.013364766857386e-01 
77447	4.408923843605178e-01	5.036884507620649e-01	5.283463335514926e-01	4.458343268773842e-01	5.903404917192296e-01	5.802443927439107e-01 
77448	6.355396921632692e-01	5.932326158243462e-01	9.015529146551592e-01	5.369901433830432e-01	7.703430109572746e-01	5.930923600910880e-01 
77449	4.211397321807097e-01	4.077717359907051e-01	5.504207107065036e-01	3.013873286247382e-01	3.356893769153590e-01	5.342476626769855e-01 
77450	3.116148201316941e-01	2.972166765814738e-01	3.716216703213044e-01	3.148863640468520e-01	3.635349008653971e-01	2.695430658001191e-01 
77451	4.874113287287694e-01	5.565752241137378e-01	5.268466123390836e-01	6.693291002991859e-01	4.195368443701546e-01	5.693585133291903e-01 
77452	4.996719877672117e-01	2.805158957099846e-01	5.754331130289740e-01	2.962066848275361e-01	5.442121324296884e-01	3.206279636839460e-01 
77453	5.744615667144830e-01	6.045862041937320e-01	6.521450405392782e-01	7.523529661020834e-01	4.219753912123669e-01	7.347085760469123e-01 
77454	3.712588414051982e-01	6.313860550025365e-01	3.506864291050125e-01	6.930749382449876e-01	4.929526411486507e-01	5.174601889993855e-01 
77455	4.270350548814085e-01	7.712063304828458e-01	6.295279632886935e-01	6.259255228727298e-01	5.538881852098043e-01	5.380094778743985e-01 
77456	3.539453342195849e-01	4.795579953221021e-01	3.566919071613232e-01	5.548170399035040e-01	3.977023813413923e-01	5.103809355665252e-01 
77457	2.610239090835516e-01	3.173659619370197e-01	2.668914591758877e-01	3.633361402760505e-01	2.310939723274180e-01	2.805421028607164e-01 
77458	2.741798145712498e-01	3.804849131159062e-01	2.926742020488713e-01	3.299452994298908e-01	2.618120783802082e-01	2.901758727043807e-01 
77459	7.239701078458329e-01	3.051407823401893e-01	6.140383176564697e-01	4.143974469223726e-01	3.024519051410791e-01	4.498272906561679e-01 
77460	4.849258172700002e-01	5.779321145914380e-01	3.123914166709142e-01	6.985219736203208e-01	2.418803632509400e-01	6.457323125067560e-01 
77461	3.424168051039844e-01	5.890178469402760e-01	4.305692341891221e-01	4.852400209413355e-01	2.830470968992194e-01	6.211539344029329e-01 
77462	4.221006389557223e-01	5.265588745072929e-01	3.802019133763592e-01	6.227037173009249e-01	5.296216256165514e-01	4.652646529766142e-01 
77463	2.427422210373527e-01	2.655399554950206e-01	2.986265054664125e-01	3.498713363271806e-01	2.681013749036867e-01	2.809877984252439e-01 
77464	6.669564290289220e-01	6.172546136317434e-01	6.439234444598574e-01	6.947324345304051e-01	6.222933151260679e-01	6.078923783426384e-01 
77465	7.534615596732217e-01	4.336677719867749e-01	7.272832115161950e-01	5.738492121602385e-01	4.740148952942300e-01	5.586820633334144e-01 
77466	5.668319665174349e-01	4.563159551510454e-01	7.176549259296654e-01	4.861384413575048e-01	5.283226531217088e-01	7.327069961246208e-01 
77467	4.373228967552192e-01	4.819118057370006e-01	4.120301676238504e-01	2.770916380814588e-01	4.536615412101465e-01	3.238146777274057e-01 
77468	5.375650853379594e-01	3.554400631975224e-01	6.099362093287410e-01	5.374065261064300e-01	4.421182871616521e-01	4.272227611811342e-01 
77469	4.757708624208231e-01	3.113066839993554e-01	5.555358991972268e-01	3.178708867828279e-01	4.399850936229624e-01	3.724863929507312e-01 
77470	7.314327085017970e-01	6.518189230930947e-01	7.533809828651503e-01	7.927361006583068e-01	6.095571091852447e-01	6.788478023562978e-01 
77471	3.689995640048848e-01	5.449965158182852e-01	4.517740998953292e-01	4.084736861494354e-01	4.479206088214224e-01	4.116511852815339e-01 
77472	6.093274196636351e-01	7.897643804889304e-01	4.447099559839421e-01	7.763599521625393e-01	6.323820054243919e-01	6.440606863565399e-01 
77473	4.863400091281969e-01	5.373129356816500e-01	4.286325228082274e-01	6.574684909982643e-01	3.969821641050917e-01	7.801023306751838e-01 
77474	5.719650046720758e-01	6.489955159131398e-01	5.456878142060528e-01	7.419497482751505e-01	4.936420301905442e-01	6.283938661411579e-01 
77475	6.601624913203104e-01	7.510837035707415e-01	4.607418501743921e-01	6.552272089326143e-01	5.698228237738083e-01	6.253164654941856e-01 
77476	5.646759179022554e-01	6.278885151007347e-01	6.177251816661332e-01	5.410876026392261e-01	3.923540191201799e-01	6.506450104793942e-01 
77477	3.897782559265756e-01	7.498371457958320e-01	3.376536817019302e-01	5.894986706782634e-01	6.371931341472683e-01	4.740904876170222e-01 
77478	3.868136061085636e-01	4.520294359460313e-01	3.156148260191843e-01	6.693754066466306e-01	1.585695856102394e-01	4.580513639990039e-01 
77479	6.872390406789112e-01	6.616641976364374e-01	8.347512374170588e-01	6.427068050518354e-01	8.231008600123351e-01	6.875443039374806e-01 
77480	6.812927996872177e-01	6.288891115861883e-01	5.842987209459394e-01	6.205659785759120e-01	7.243745330717730e-01	4.939881015073069e-01 
77481	5.427778920485469e-01	3.181272712098982e-01	3.216457891326907e-01	5.699022063544781e-01	4.593771000932911e-01	1.647659211272563e-01 
77482	2.618157077309822e-01	3.740746407232417e-01	3.132470074653346e-01	3.058654886186193e-01	3.050002180745193e-01	4.197914508120660e-01 
77483	3.089479064114468e-01	5.800845098391805e-01	4.099155956762326e-01	5.154359425612918e-01	4.002479738687365e-01	6.172410703016205e-01 
77484	5.672509818966718e-01	3.743737629007686e-01	5.895083188002789e-01	4.682325968714308e-01	4.960216658909569e-01	2.598411305669974e-01 
77485	4.758116160314025e-01	5.360201654026966e-01	3.463566505391218e-01	6.170812200246947e-01	3.332670377857233e-01	4.854695706980271e-01 
77486	4.525973225880436e-01	6.133162359416996e-01	7.054885088021448e-01	4.726963535685350e-01	6.755634948479798e-01	6.031196777544605e-01 
77487	6.471144465920794e-01	6.638057840538143e-01	4.357111695979809e-01	7.164515030839994e-01	5.730820444682718e-01	5.426287937703528e-01 
77488	4.212893075018611e-01	5.451819339082972e-01	5.561327896683980e-01	6.216104926789074e-01	4.851006992581423e-01	5.623818548993249e-01 
77489	3.829586940516653e-01	6.253190494567773e-01	5.808719522136079e-01	5.395328049228212e-01	5.186826976544558e-01	5.807891858723345e-01 
77490	5.143586080419253e-01	5.128546240945681e-01	2.565401473868714e-01	5.803040147575014e-01	4.325038899100488e-01	5.157317069277272e-01 
77491	5.651321820267845e-01	5.497831863952721e-01	3.213676945652965e-01	7.593053632132313e-01	5.920744237008495e-01	2.414278358820283e-01 
77492	8.521301427160389e-01	7.532691976692616e-01	8.298184353389337e-01	8.221118339601089e-01	8.957868291052692e-01	7.619975793056318e-01 
77493	6.090416487487449e-01	4.174263008656465e-01	4.358472099733956e-01	3.941641272066402e-01	3.947800014266303e-01	4.460247586641671e-01 
77494	6.339974876099432e-01	6.725376108243133e-01	6.307135575979042e-01	7.717954918243035e-01	5.908217602446626e-01	5.586187088017558e-01 
77495	7.034848517096550e-01	5.807564556090515e-01	5.526293742857553e-01	6.515100568517078e-01	5.407591343226651e-01	7.444069750961845e-01 
77496	4.265066827629459e-01	3.640754113422336e-01	4.156210048244143e-01	2.613312372471653e-01	5.294821810988263e-01	3.928653359201982e-01 
77497	2.855777112726993e-01	4.670194689547931e-01	5.029045280899975e-01	3.836148810268581e-01	3.432585762068002e-01	7.025798603252376e-01 
77498	4.193902093972560e-01	1.971650793077087e-01	3.964111605741480e-01	2.647109626006925e-01	2.533143633133441e-01	3.586709813400555e-01 
77499	4.675517255380444e-01	5.680861646216206e-01	4.416404232792132e-01	5.622194066841075e-01	3.810044229251544e-01	6.528730871754406e-01 
77500	7.499782500682745e-01	8.205534908315849e-01	7.131975844034042e-01	7.847492380514991e-01	7.354549197487723e-01	6.481294103001880e-01 
77501	3.445456270930712e-01	2.616509071883825e-01	3.435495041723146e-01	4.377070317599048e-01	2.653161278813679e-01	4.558106792538454e-01 
77502	4.192869559564586e-01	2.824952001339555e-01	1.732407978300046e-01	3.406348211837051e-01	2.404753473637609e-01	2.682401071830697e-01 
77503	4.921044137196933e-01	3.986185453937144e-01	4.977871302528332e-01	5.508915390070306e-01	6.042900415876618e-01	4.185735062543994e-01 
77504	6.721470396999734e-01	5.943140655111985e-01	6.871773446617767e-01	5.691617443719639e-01	7.533579177152716e-01	5.656919340346014e-01 
77505	7.004093279259492e-01	7.455678067177613e-01	6.705242971040388e-01	5.292743103139317e-01	6.480305072338939e-01	6.470104595172953e-01 
77506	6.338805207568425e-01	6.132689828669898e-01	6.979631250435711e-01	6.669245943712007e-01	6.609156711391699e-01	4.975834041133025e-01 
77507	3.278700248684247e-01	5.283170296281010e-01	5.339303896321523e-01	4.494827921499187e-01	3.288684269564132e-01	6.950729933408737e-01 
77508	5.222960277227603e-01	7.607135122177703e-01	6.594021512756083e-01	5.499492574685995e-01	5.986844578545946e-01	7.152604721661545e-01 
77509	3.302205274041799e-01	4.719548479322450e-01	2.909768507184474e-01	3.762432496187637e-01	3.172105358803395e-01	4.090467272163323e-01 
77510	3.787982880983163e-01	5.388222743275788e-01	4.361287353896123e-01	5.497983776234334e-01	6.054363571126842e-01	5.780587178139616e-01 
77511	4.929708311616526e-01	7.022823133273344e-01	6.113100081377274e-01	4.973092044254540e-01	7.372782127270123e-01	6.355931367585762e-01 
77512	4.042762777078175e-01	4.437387919506515e-01	5.268626135778895e-01	4.852738607258049e-01	4.747893581486553e-01	3.200771432955126e-01 
77513	3.663128223976347e-01	5.191048055559591e-01	6.694790024374823e-01	4.216367649914634e-01	6.447599569510656e-01	6.386928514169843e-01 
77514	5.995773890727237e-01	6.557754159609420e-01	2.437977442647715e-01	8.053225005865554e-01	7.155152374455679e-01	4.620401981697062e-01 
77515	3.388025801844498e-01	5.295639673214306e-01	3.673207697506318e-01	4.354362225828796e-01	3.646879406610850e-01	5.048339784868068e-01 
77516	3.462141575029740e-01	3.108659083783206e-01	6.340802308870968e-01	3.393932607979165e-01	4.656992038290939e-01	6.332932201018906e-01 
77517	4.430528053766997e-01	5.858384845730885e-01	3.757570737878990e-01	3.986085742792220e-01	4.728911790404721e-01	3.426639744136928e-01 
77518	5.701871961126124e-01	7.123271727716016e-01	5.268322967711747e-01	6.873228539102517e-01	4.673519246863493e-01	6.940241790402464e-01 
77519	4.838731375390736e-01	3.759345056744006e-01	5.050100741036013e-01	5.346385124062218e-01	3.180838668326181e-01	6.342886535980088e-01 
77520	6.699756889610313e-01	4.748847972016334e-01	4.657683283058947e-01	2.879203757366438e-01	5.763798984679969e-01	2.661100038587116e-01 
77521	6.210331796364644e-01	6.152497394812729e-01	7.483621137575762e-01	6.146103402383363e-01	6.465991915042186e-01	8.001292044031201e-01 
77522	7.841449664613528e-01	6.749046502944211e-01	8.025280165862534e-01	4.899968264263025e-01	6.884253326990353e-01	4.963773323638906e-01 
77523	5.577874656499068e-01	6.053368370579961e-01	7.133833951651489e-01	5.462287352015622e-01	5.744177425484478e-01	7.419843813654466e-01 
77524	5.932772160909582e-01	8.106471327046398e-01	4.228132754662594e-01	7.017097102877217e-01	5.946142370473618e-01	6.415508655193255e-01 
77525	2.662958333533705e-01	7.032280089007537e-01	4.906273418015175e-01	3.455189783134545e-01	5.777063041051895e-01	5.376180485540285e-01 
77526	7.489401045880173e-01	6.256437784195279e-01	6.432978243653908e-01	6.786926673359274e-01	5.437864773025731e-01	5.363615152718568e-01 
77527	5.111190009396421e-01	1.225347741351006e-01	4.603182868862772e-01	2.412155361468603e-01	2.865152971170036e-01	4.472806005083438e-01 
77528	7.378678983431317e-01	4.606044158727848e-01	7.967564250183320e-01	5.074105300443996e-01	7.128924140919589e-01	6.517131376093963e-01 
77529	6.641682181497500e-01	2.854776034767268e-01	3.778944942960036e-01	6.730478398106535e-01	3.877309649280842e-01	4.775891192444617e-01 
77530	6.876829501012914e-02	1.165387307982476e-01	2.411940775627960e-01	7.365278528277180e-02	1.507044875739051e-01	1.388250885887743e-01 
77531	5.659119276475482e-01	6.018051161082383e-01	6.024155656272665e-01	6.301398996189709e-01	6.140453823979188e-01	5.652693826353041e-01 
77532	6.097828443111371e-01	3.479122907213516e-01	5.542092670357570e-01	4.523526302829380e-01	6.131895367134199e-01	2.218335653372768e-01 
77533	4.292329544782725e-01	3.649734355512412e-01	5.506983144367851e-01	5.134897836428373e-01	3.129698322912925e-01	4.778617656504148e-01 
77534	8.055314145913952e-01	6.207436124416581e-01	7.729232931850143e-01	5.853580407920489e-01	6.888296032603652e-01	7.640467615676392e-01 
77535	6.889193587800244e-01	6.339076924194305e-01	5.695434123094075e-01	8.247129933066266e-01	6.268442196013395e-01	6.452535999889519e-01 
77536	6.324934574804151e-01	4.221084659792609e-01	7.546697561637166e-01	5.129183747970900e-01	5.726178123810254e-01	5.622758266511760e-01 
77537	6.520524255594552e-01	6.030356135513182e-01	8.244719056047694e-01	6.053962717775696e-01	7.540935764381351e-01	6.843026336961013e-01 
77538	2.730371298125513e-01	2.394668171146909e-01	2.124098777065780e-01	2.946271863287210e-01	2.193654099181056e-01	2.031498077319288e-01 
77539	5.174958407191386e-01	3.823401780923802e-01	6.463644948904003e-01	4.113439165328610e-01	5.557526575901041e-01	5.698106849627329e-01 
77540	5.019259519968036e-01	3.693403612196660e-01	5.486800308654325e-01	3.871287283555801e-01	5.419052381327341e-01	5.999187596726219e-01 
77541	2.838185133860144e-01	3.898400717111696e-01	4.722619186956863e-01	5.787250141697995e-01	3.726960026636523e-01	4.743031117856328e-01 
77542	7.365444421304299e-01	5.760186180572588e-01	5.679142688888108e-01	6.361972815256628e-01	7.159806460566822e-01	5.585591404210319e-01 
77543	4.620298427631384e-01	6.774272328405329e-01	3.335431124517010e-01	4.551475945993164e-01	4.428671382514711e-01	4.562035836359616e-01 
77544	7.059449170770962e-01	4.977825148893924e-01	5.616320733714917e-01	5.623340936306529e-01	6.538775729333942e-01	6.023880562634016e-01 
77545	3.655527482541238e-01	4.387027336948962e-01	5.648752247753805e-01	4.078465458154556e-01	3.691913963087887e-01	5.333620512051567e-01 
77546	6.139541488848609e-01	5.738406257260675e-01	6.555548025235147e-01	2.566660050234764e-01	4.334566950702534e-01	4.935206081802809e-01 
77547	5.470083198224465e-01	4.826579032230164e-01	6.540241925119906e-01	2.876475285529006e-01	8.165144746656955e-01	4.454302167866692e-01 
77548	4.560400704206158e-01	6.180756171412987e-01	6.121419845307503e-01	7.287288796122081e-01	4.689101668812193e-01	5.217944913176821e-01 
77549	7.092879308889763e-01	6.836110429054773e-01	6.963812804945542e-01	7.905574319382433e-01	7.347896989280439e-01	6.631278367916873e-01 
77550	4.217890502787368e-01	3.562611257534264e-01	3.812477747060088e-01	4.184405519018302e-01	2.607965993583939e-01	4.413198593371953e-01 
77551	8.212737358572830e-01	5.861760690977386e-01	7.223842566433296e-01	7.255020819069270e-01	7.863836319795636e-01	6.799530237306577e-01 
77552	4.919298800628173e-01	7.360838365282546e-01	3.894703366561312e-01	5.913330802373911e-01	4.804171172990356e-01	8.002911062399619e-01 
77553	4.217741192607541e-01	3.865723531994726e-01	5.843364493690046e-01	4.959319812941480e-01	2.219598939762153e-01	5.687299040271929e-01 
77554	6.713128845402037e-01	4.612881783230282e-01	5.198693949220675e-01	5.920637847278925e-01	3.681320443800489e-01	4.288602924241757e-01 
77555	3.386336323322338e-01	4.108983285541027e-01	5.137340915332085e-01	2.627659344245272e-01	5.620466699943585e-01	3.753636685037559e-01 
77556	5.492075336087187e-01	3.928638040205157e-01	6.891286378747097e-01	3.502949001027065e-01	4.393498262566348e-01	5.394462125196355e-01 
77557	5.895901103354383e-01	3.442773187292231e-01	4.323159619247358e-01	2.564776452781148e-01	5.243652730465554e-01	3.662320382127110e-01 
77558	3.409516132839003e-01	6.230019838551356e-01	4.597045926403075e-01	4.743042164860094e-01	5.981206387501274e-01	5.871733472973406e-01 
77559	2.258609746642629e-01	2.509257781642273e-01	1.523036685577826e-01	3.996911392955008e-01	2.214511587326639e-01	2.281361452030448e-01 
77560	2.550807131793759e-01	5.306804825811164e-01	3.177686138960164e-01	2.943079550766929e-01	4.231450856447280e-01	3.971884272727819e-01 
77561	5.066240052330728e-01	4.535945877230775e-01	5.346014278855643e-01	6.498877172783339e-01	5.908945087726913e-01	5.162855007768000e-01 
77562	3.521672216828979e-01	2.349382342727740e-01	5.396833380715407e-01	3.742891414217294e-01	4.042157920034836e-01	4.571158052521557e-01 
77563	4.493731026496856e-01	5.786090783010320e-01	5.307397916811385e-01	7.502500580851080e-01	5.931595333684024e-01	5.682722424401043e-01 
77564	6.040095682294757e-01	6.852367658595990e-01	5.169789466108263e-01	6.085720769100799e-01	5.599921860758936e-01	5.297223931167809e-01 
77565	6.066650871999877e-01	3.242832334800165e-01	8.390474608241891e-01	4.403157530093728e-01	6.401443341017765e-01	6.077011363865217e-01 
77566	7.308512530155216e-01	5.389598286988575e-01	6.833442013354341e-01	5.710907825370684e-01	6.293496946430595e-01	5.702216006945311e-01 
77567	7.137858782982756e-01	4.327101727214206e-01	7.134980326938901e-01	6.825264908718051e-01	6.061660252830674e-01	5.646932939156637e-01 
77568	5.315209019289112e-01	4.303266254262290e-01	7.381014223388666e-01	3.318579441900014e-01	4.940018305965636e-01	6.214662219162612e-01 
77569	7.292548501580634e-01	4.490895464525884e-01	3.897331778703650e-01	3.725895577446597e-01	6.269895737478570e-01	2.990000201905842e-01 
77570	6.190890942844779e-01	3.623225363848835e-01	4.496066082388822e-01	5.248221254668168e-01	5.115066579940132e-01	6.359466903955758e-01 
77571	7.000416690634431e-01	5.075308236673250e-01	7.767340878754603e-01	4.763243496541593e-01	8.526238372950010e-01	5.236762435425506e-01 
77572	3.641336677815434e-01	5.244047187737308e-01	4.345666786898645e-01	5.088525939345421e-01	2.159970178398579e-01	4.021555915034982e-01 
77573	5.699869318163292e-01	2.307820946661583e-01	7.775017522301912e-01	4.393317326118185e-01	4.188233596253787e-01	5.901419937599224e-01 
77574	3.792398052868892e-01	2.792964384068408e-01	2.551060169156564e-01	2.773992776678242e-01	3.462302411120066e-01	2.417522207874880e-01 
77575	2.157818035268800e-01	3.651727360128117e-01	2.412138384066251e-01	4.231301253204878e-01	1.544223834726336e-01	3.175698954985884e-01 
77576	6.032039485296790e-01	2.639000783850353e-01	6.471150604885797e-01	3.975387145649170e-01	2.838675823673631e-01	5.514786596189925e-01 
77577	4.941455090505935e-01	4.941317563833127e-01	4.970772222212477e-01	6.339344041833969e-01	4.332693121027763e-01	5.619051296181111e-01 
77578	4.417395928773152e-01	3.659914238322015e-01	2.167707271906629e-01	3.103975360618895e-01	3.342852961363488e-01	3.331394360108114e-01 
77579	1.904273278121131e-01	3.232530551754750e-01	2.607173952714267e-01	2.913003275002202e-01	3.279263480394821e-01	3.761817169301813e-01 
77580	1.459054866558739e-01	5.083221839258931e-01	3.991572678243739e-01	2.830093925292340e-01	4.934818666765167e-01	3.945656330271105e-01 
77581	7.259362192291510e-01	5.534029238325163e-01	5.352552994098752e-01	7.774958541155115e-01	5.766718494994538e-01	7.119192708090507e-01 
77582	5.392228191758534e-01	5.996047914124077e-01	4.317985479520411e-01	6.233633921967370e-01	4.846446144394435e-01	4.693663993186190e-01 
77583	5.820347131049706e-01	4.631408442068796e-01	7.539639058960286e-01	5.236183549356607e-01	4.630726071629371e-01	7.060594577553436e-01 
77584	4.641421291144518e-01	4.211624309754166e-01	5.570633793583075e-01	4.707976013504231e-01	6.480802209592160e-01	3.050122023476502e-01 
77585	6.267054939692045e-01	4.033227623839042e-01	4.947435031998886e-01	4.624479512953158e-01	4.390645291770794e-01	4.513940313006945e-01 
77586	2.218979239091260e-01	3.190719080639038e-01	3.957395663413887e-01	2.065658762158696e-01	2.271067314060819e-01	2.420957825848292e-01 
77587	3.891144841668244e-01	5.239658526440679e-01	4.803027385554732e-01	4.464796204085174e-01	4.678610961029723e-01	4.318092505360409e-01 
77588	6.194350464924443e-01	5.435130895294333e-01	6.143680551794393e-01	7.236133725126087e-01	4.952244058288741e-01	7.190569980217887e-01 
77589	5.597294243182647e-01	8.725129776493422e-01	2.769122650526110e-01	4.336284946955831e-01	6.531257436055438e-01	5.337864867665472e-01 
77590	7.336807240957061e-01	3.599267677573856e-01	4.975393131430604e-01	7.013218386025919e-01	3.117276100392947e-01	3.717552912912345e-01 
77591	4.508889790766659e-01	3.081442393858084e-01	4.164989261108774e-01	5.065022220338438e-01	5.235651732157856e-01	2.474233832428451e-01 
77592	5.886457386251474e-01	5.071070840071756e-01	5.596803949523523e-01	5.845292295794329e-01	6.742785110414375e-01	4.353371398855539e-01 
77593	5.328945821855894e-01	6.891388203301986e-01	5.123216073930068e-01	7.316473707601051e-01	2.355332234989292e-01	6.770133049871472e-01 
77594	4.426814840742293e-01	6.811028877152041e-01	5.801649978243164e-01	4.352451164618757e-01	7.247299236049434e-01	6.886451922615506e-01 
77595	6.194282189801019e-01	5.921362140399806e-01	6.320975108630913e-01	4.790154739805433e-01	5.816280952266043e-01	6.101221718623828e-01 
77596	4.450663109132098e-01	4.376292940734430e-01	4.607544198302619e-01	2.410906729111493e-01	5.431978969270782e-01	2.693395480311755e-01 
77597	4.966206382001722e-01	4.015528798103541e-01	7.081591352262452e-01	4.875950064183282e-01	5.592271477308394e-01	5.384997179348769e-01 
77598	4.174418408984487e-01	5.719348695964475e-01	3.468047866571096e-01	4.285084414182281e-01	7.675256452174479e-01	4.346980515737522e-01 
77599	4.329413493542000e-01	5.108099673752410e-01	3.938959280603204e-01	5.163445975893750e-01	5.166664828400190e-01	3.114765897760782e-01 
77600	3.243638794335630e-01	3.280078683305693e-01	3.531180105682089e-01	3.184040652309573e-01	4.925822746079483e-01	3.276955547456520e-01 
