32201	2.760228185207093e-01	4.278558789608037e-01	1.949337445039306e-01	1.803829362976678e-01	5.078704802304885e-01	2.624760085681940e-01 
32202	5.583488179826066e-01	4.859026992004685e-01	2.673942318285908e-01	5.815015001944437e-01	4.034622678571426e-01	4.468741840724704e-01 
32203	4.013592574204566e-01	6.302004526014362e-01	5.671437490727924e-01	6.172563397510548e-01	4.898697812651802e-01	5.377260961945398e-01 
32204	4.052278395896889e-01	5.784957027601761e-01	3.147410669038349e-01	4.737181715835559e-01	4.918017005794307e-01	4.521953237932574e-01 
32205	2.902517544870171e-01	5.873776599964019e-01	3.800380695340108e-01	6.411627531506877e-01	4.050186653011945e-01	7.624969522239418e-01 
32206	4.780160633807010e-01	6.145305422902011e-01	3.145835160207495e-01	5.699155874451092e-01	4.882112601409618e-01	3.934516521248785e-01 
32207	2.236981382495610e-01	6.542231788636071e-02	2.190866251823123e-01	1.815703521832906e-01	1.406854649156229e-01	2.014076753567722e-01 
32208	3.974091374378785e-01	5.376038687545818e-01	3.142187310180394e-01	4.341963903052655e-01	3.788088395158419e-01	4.244756998891109e-01 
32209	5.594885814735219e-01	5.882528256108680e-01	5.285165697155317e-01	4.042579129843591e-01	4.024856690062301e-01	4.735913656165172e-01 
32210	4.410429112832883e-01	3.613276128078877e-01	2.707731725270830e-01	4.715147686928164e-01	3.574665784315967e-01	2.915386437927326e-01 
32211	2.872011442580700e-01	4.007250508316781e-01	4.343134016965855e-01	2.575322557567543e-01	5.653044857424769e-01	4.530634199353739e-01 
32212	7.467784269678995e-01	5.065323614019828e-01	8.067043267319555e-01	6.316703661127951e-01	7.562408574451396e-01	5.211043051391183e-01 
32213	4.957063539516579e-01	4.583747698586733e-01	4.410021036295702e-01	5.759767262268012e-01	7.212985255952086e-01	6.001690246739547e-01 
32214	6.181252792415624e-01	6.257553454383815e-01	6.299667373713717e-01	5.890083662385717e-01	6.247144700045477e-01	5.425792647249685e-01 
32215	5.680119163826625e-01	5.201081969907919e-01	5.999413048567166e-01	6.056201345171235e-01	5.267890167139713e-01	5.514147657847821e-01 
32216	6.368172218347788e-01	5.766260220809292e-01	7.512081901906034e-01	6.835729885439539e-01	6.336077424035198e-01	5.411107227623008e-01 
32217	5.833073950601575e-01	5.949747323897041e-01	5.067154344885232e-01	5.045704413381612e-01	4.738025336813159e-01	6.260402638499736e-01 
32218	3.527854771420478e-01	3.350260588934718e-01	5.801408679091242e-01	3.488770902072492e-01	4.876724219589364e-01	6.683215120528585e-01 
32219	6.656311441867273e-01	3.878357914463090e-01	7.842287612139975e-01	6.115740563930767e-01	5.242272574231026e-01	5.397260551047929e-01 
32220	5.197981055768577e-01	6.934993551884947e-01	2.572694052393757e-01	5.972399829590611e-01	5.513679999775083e-01	3.698441682545061e-01 
32221	3.472708066003816e-01	1.988140608931656e-01	2.543681543830240e-01	3.513937821655406e-01	2.908254259973715e-01	2.393181879299254e-01 
32222	4.125811629396073e-01	6.614648948450347e-01	5.164864240476794e-01	4.046187151234098e-01	6.230168515189469e-01	5.073529096832863e-01 
32223	3.874927709276708e-01	2.930757303885179e-01	3.847522062846775e-01	1.828636723306653e-01	5.110726304174915e-01	4.249213793456016e-01 
32224	2.151085539030974e-01	1.899653740215715e-01	2.530068700697669e-01	1.453975512978752e-01	2.620663694860250e-01	2.097860316215527e-01 
32225	6.670282181409148e-01	5.707756239159667e-01	5.966089253200290e-01	5.484673038459966e-01	7.868146531768360e-01	5.249479417197072e-01 
32226	5.085963469703023e-01	4.815439932107132e-01	5.746338693293223e-01	3.986278410799830e-01	6.055647361765758e-01	4.826638867215329e-01 
32227	4.896328436686720e-01	5.198177970877313e-01	4.581541948757410e-01	4.333493929100349e-01	4.411922467389680e-01	3.872176650177057e-01 
32228	6.829611660955786e-01	6.096828104501819e-01	7.465540533081254e-01	6.939114654727930e-01	6.463285713056021e-01	7.404810151077623e-01 
32229	3.868273736040250e-01	6.435629923693924e-01	5.531486627207446e-01	5.350807674432914e-01	2.339708175862991e-01	7.843655169601148e-01 
32230	4.337497819928953e-01	3.555037195947943e-01	6.555064006707561e-01	3.207705578670086e-01	3.449350296860767e-01	4.440265058148269e-01 
32231	3.077000246907220e-01	3.794943297618369e-01	2.762030760932764e-01	2.335736262493318e-01	2.878747061029934e-01	3.271573098311751e-01 
32232	2.428362155067157e-01	1.840804994277670e-01	3.533623515848673e-01	4.358642141113497e-01	3.116666401990581e-01	3.980970711874900e-01 
32233	6.790937643744994e-01	2.814551569383574e-01	5.869717234887024e-01	4.674898480218719e-01	3.204858606755384e-01	3.011163931963724e-01 
32234	6.818870915048026e-01	5.035737602288527e-01	5.767767424506370e-01	3.545659838855309e-01	7.230967215111174e-01	4.275263189184738e-01 
32235	2.389617568519535e-01	5.420710261103511e-01	2.943318004439749e-01	3.947381560886606e-01	3.730851331338678e-01	5.687051549319276e-01 
32236	6.021909366412008e-01	6.958453007254679e-01	4.510398063128242e-01	7.275948794333645e-01	5.801185511344651e-01	6.211188358037106e-01 
32237	5.077518275347659e-01	7.223687656778733e-01	5.077351044187883e-01	7.973754749066311e-01	5.510529230322003e-01	6.703534812838944e-01 
32238	6.234298467634947e-01	6.444064900514850e-01	5.851061589510043e-01	6.842441332410776e-01	6.034857307504280e-01	6.250859435931669e-01 
32239	5.646145896406065e-01	5.101452510792679e-01	6.580946465782169e-01	4.576786649756230e-01	4.648879159240462e-01	6.221048272066485e-01 
32240	7.714672633428216e-01	5.225401191482618e-01	2.576826193701980e-01	6.515850756183079e-01	4.567256381023128e-01	3.671734499031402e-01 
32241	2.177932294748485e-01	2.834897376320269e-01	3.473338998274189e-01	2.632024782789462e-01	3.190192417212269e-01	2.106817570851769e-01 
32242	5.049992848912634e-01	7.951825874561664e-01	2.855127357234772e-01	5.679573423139445e-01	6.722464305921315e-01	3.848376847584685e-01 
32243	5.844409670921399e-01	7.056700822564207e-01	5.846182794178514e-01	4.351028064235401e-01	6.624232383083388e-01	4.142043651634585e-01 
32244	3.485193170386365e-01	4.402801913378410e-01	6.262951553531674e-01	4.291611263652122e-01	4.964783368420204e-01	7.783774287470669e-01 
32245	4.377656003533823e-01	7.827877742355277e-01	7.024401938681397e-01	6.327076204876276e-01	6.608390518899008e-01	7.610608691588805e-01 
32246	6.779056793167395e-01	7.239035124034852e-01	6.510413332679750e-01	6.922209940695301e-01	7.078808343762872e-01	7.016062214187768e-01 
32247	6.704602304887566e-01	3.094438044368692e-01	6.569188546775290e-01	3.993225853646758e-01	5.311196593190984e-01	2.853195093995333e-01 
32248	5.119811847448358e-01	4.849400166691424e-01	6.012704529365767e-01	6.062725462718538e-01	5.362090219060355e-01	6.120832778799610e-01 
32249	3.883559111203089e-01	4.136820600401259e-01	4.444279492689559e-01	5.107628865660150e-01	3.118003508423909e-01	5.218239300413869e-01 
32250	4.921540060719048e-01	4.889723834140051e-01	4.968787688994717e-01	6.404123156073385e-01	4.336705214303129e-01	4.032797303643565e-01 
32251	4.212280831866356e-01	4.911598566890256e-01	5.369017513335888e-01	4.804509088215829e-01	5.260711330850121e-01	4.974314326049887e-01 
32252	5.710921511087920e-01	5.919951010509340e-01	5.934781909443416e-01	7.332986534194273e-01	4.485751174598483e-01	6.873903726016296e-01 
32253	6.033301763725063e-01	4.450218173353495e-01	3.798289482978384e-01	6.857315073429420e-01	3.219095189595951e-01	5.553363899747179e-01 
32254	4.102798564886305e-01	4.410040674326818e-01	4.241599210035428e-01	3.816768218605583e-01	2.824086567632099e-01	5.291507422605110e-01 
32255	6.700945777253549e-01	6.581197031733208e-01	4.818200337209201e-01	4.923651795206904e-01	7.139738417879556e-01	4.168318394870009e-01 
32256	3.863510931740907e-01	5.163690963280982e-01	3.681709269640793e-01	3.427569511076612e-01	3.977227947843346e-01	4.959563494330724e-01 
32257	3.875361506182537e-01	6.923003285679509e-01	2.877169473230893e-01	7.900879377405111e-01	4.819598888092545e-01	6.330034980028695e-01 
32258	5.644255627237075e-01	6.020112270677225e-01	4.238914998484200e-01	5.598632436537909e-01	5.917050678186817e-01	5.442551578817241e-01 
32259	2.932244287268315e-01	3.048528209690913e-01	4.900315245849288e-01	4.376581320082259e-01	1.854911307314662e-01	3.963714689470053e-01 
32260	4.038522528535054e-01	2.456321093165861e-01	3.149937450586844e-01	2.015929978629585e-01	3.734135687318543e-01	2.780866415401923e-01 
32261	3.799489472199086e-01	5.528577096841256e-01	4.734562805595299e-01	5.886640502258854e-01	3.819681759774753e-01	8.061139523973709e-01 
32262	6.454271398683502e-01	6.774866244304698e-01	7.753093023048052e-01	5.727620169344262e-01	6.529104854326806e-01	6.772751975696852e-01 
32263	5.478537067267782e-01	6.878666572580174e-01	5.024212078826673e-01	6.287644876837575e-01	4.873377149342326e-01	4.727379201043733e-01 
32264	5.188365629354539e-01	5.354993183955934e-01	3.877271410346561e-01	5.574439907148591e-01	3.588783416809214e-01	7.147764405422822e-01 
32265	6.909218366906091e-01	5.229289264549618e-01	8.479120079664477e-01	7.248491236088249e-01	5.790839923339046e-01	7.761689622658015e-01 
32266	2.725887627019734e-01	6.749878139158476e-01	2.945337326700120e-01	5.209449270500258e-01	4.345219858370929e-01	3.760939486025362e-01 
32267	4.458261065240194e-01	1.701348100840009e-01	6.063297222914696e-01	3.606999638843430e-01	4.414918774302101e-01	4.228394313366991e-01 
32268	5.875587745698365e-01	2.942374289423126e-01	6.483460385596391e-01	3.646430743979068e-01	4.494068079414968e-01	5.224909744799446e-01 
32269	6.546950221398720e-01	6.993921012323517e-01	7.280399547756005e-01	6.739213056451068e-01	7.207593912466674e-01	6.087841395981577e-01 
32270	2.818198006946652e-01	2.385614620695055e-01	5.327890269542397e-01	3.490256563696143e-01	4.669549337299678e-01	5.227740715900312e-01 
32271	6.911703219983332e-01	4.593949650639226e-01	4.396820937573594e-01	4.329329951891479e-01	4.625258858917032e-01	3.639203746277698e-01 
32272	4.324763613285091e-01	5.317411038926372e-01	7.029994544027667e-01	5.278689049313030e-01	3.830660656460170e-01	8.530826760287370e-01 
32273	2.690792073880475e-01	2.733320166178260e-01	3.075603007151488e-01	2.753057952386760e-01	3.419986791729424e-01	4.271434674291925e-01 
32274	3.915661274244029e-01	4.827852168280786e-01	4.619391529004124e-01	5.711710713327973e-01	5.283670617063454e-01	5.690029632939002e-01 
32275	5.184509316091760e-01	3.671177852724561e-01	5.969520209578629e-01	4.397257418715658e-01	5.179787506844759e-01	5.920058723170233e-01 
32276	3.166336569308524e-01	4.130533013752068e-01	3.487959436804947e-01	2.998517920195560e-01	2.449972063662825e-01	1.540774006633698e-01 
32277	3.219238027395470e-01	6.279270897860836e-01	3.079957128815690e-01	6.207077150741871e-01	3.366752210534812e-01	6.089720035956874e-01 
32278	2.529215470117915e-01	2.137192322603232e-01	3.242119623669052e-01	2.275844025588029e-01	3.488225697559728e-01	3.068180337497706e-01 
32279	5.085875505055468e-01	5.394473400699280e-01	4.583151423712107e-01	7.432168337568513e-01	6.387150470975324e-01	5.026413037856021e-01 
32280	4.546741838770094e-01	5.840421031723571e-01	4.338039891352891e-01	2.629165075240560e-01	7.088514153711762e-01	4.638087984103106e-01 
32281	6.800016522753964e-01	7.007193257956885e-01	6.124469049399803e-01	7.458906375228154e-01	7.515825854007135e-01	5.830608201411205e-01 
32282	7.003348047015651e-01	4.725478017754847e-01	6.920814442813613e-01	6.608537778463690e-01	5.677162417418729e-01	6.538478253162759e-01 
32283	3.432812667166230e-01	5.938564986279860e-01	3.371197827606279e-01	6.947865180352202e-01	3.776515237391516e-01	6.056830006894682e-01 
32284	5.150927803047249e-01	3.647166168118535e-01	3.549081684454882e-01	5.596579482183580e-01	3.723903283605642e-01	3.281750317906112e-01 
32285	5.171068534670035e-01	3.705530471196314e-01	4.140402573943864e-01	2.309491537804498e-01	4.776138711233586e-01	3.076229332463261e-01 
32286	4.722994163943556e-01	4.126439050010861e-01	5.976293450019288e-01	3.709481741009652e-01	4.048557887270456e-01	4.920652827544034e-01 
32287	6.493898198204444e-01	4.506888591023004e-01	6.240936015248153e-01	4.001349843270137e-01	6.001560440303543e-01	3.979805833138000e-01 
32288	4.708093958860944e-01	4.467894130027104e-01	5.047028433543895e-01	5.667965618736771e-01	5.206494473394848e-01	5.481794846589504e-01 
32289	1.652351319841684e-01	6.671505684597014e-01	3.096833685376923e-01	3.327207590875759e-01	5.897963567924478e-01	6.885957973432824e-01 
32290	5.355590864376771e-01	5.814822511979709e-01	7.295355372545576e-01	4.555491249157972e-01	7.683782599232939e-01	3.923010526130883e-01 
32291	6.253151683358373e-01	4.976875202630922e-01	5.660139106546709e-01	6.901882622871680e-01	5.848953133487018e-01	6.989035532129586e-01 
32292	6.402993504252696e-01	5.719235036892828e-01	5.471161986881263e-01	5.001542110663788e-01	6.250194524757552e-01	4.019582143462836e-01 
32293	8.408434113355980e-01	7.092643866054862e-01	6.647178547764581e-01	6.783058035165476e-01	6.869254441266610e-01	5.492120849410964e-01 
32294	6.844905868958702e-01	8.149617814250810e-01	7.219593820125094e-01	8.459980323400779e-01	7.500762173123334e-01	7.781698304028564e-01 
32295	6.251120765285356e-01	5.308157172277896e-01	5.023313471141182e-01	6.125469396274404e-01	6.076367582997917e-01	5.447286103863562e-01 
32296	6.940662189236438e-01	6.012093419055399e-01	4.943298185093489e-01	6.132404813966229e-01	7.435808954002386e-01	5.160969315246123e-01 
32297	4.244661069859159e-01	5.732781793264787e-01	3.538306257625948e-01	5.735400647452147e-01	4.331040664601460e-01	4.460883415106459e-01 
32298	1.867919318073071e-01	1.818810241131683e-01	2.236379163777582e-01	1.526561861285479e-01	1.867851659690001e-01	1.610928556021665e-01 
32299	4.041829187080049e-01	2.475396116651021e-01	3.971389274452358e-01	4.752866705099733e-01	2.784010770668647e-01	3.802755851677065e-01 
32300	4.998664641948429e-01	6.757793998083187e-01	3.100705498463173e-01	5.999612329903128e-01	6.420688904019688e-01	4.212816527736016e-01 
32301	2.376539987818227e-01	3.876022077497311e-01	4.000516165919470e-01	4.625827317406861e-01	3.671192187448375e-01	4.261357763668442e-01 
32302	6.138594200954174e-01	3.916989696233297e-01	4.708968686089117e-01	3.918190096973487e-01	4.786549153987540e-01	4.110343760538114e-01 
32303	4.075595304187143e-01	3.724134536884864e-01	2.952469464470402e-01	4.943865067317337e-01	2.455358890411753e-01	2.618791752014251e-01 
32304	3.871816964301705e-01	6.671046262862694e-01	4.697581248580422e-01	7.533639486209334e-01	5.862881334157362e-01	6.765836423104548e-01 
32305	5.413396485981770e-01	2.765599080884206e-01	5.185971671920825e-01	4.055916696134416e-01	4.014365831053963e-01	2.855813680711921e-01 
32306	7.112410383375460e-01	4.900605105179771e-01	3.708817976716021e-01	5.580535790008578e-01	5.345984919847389e-01	4.238188263815041e-01 
32307	7.574832615382042e-01	6.496924459623317e-01	6.515899219019547e-01	7.354360376381772e-01	7.042719721474043e-01	6.149348439639292e-01 
32308	4.747514002197797e-01	6.894965032501038e-01	4.686713111252563e-01	7.069639802727905e-01	5.345056659617103e-01	6.211193613105026e-01 
32309	7.794168585362065e-01	6.018766555839541e-01	7.383617283877792e-01	7.518144942140552e-01	6.682029182320954e-01	5.571522476664603e-01 
32310	7.229304378084671e-01	7.035373797707704e-01	7.436678091915736e-01	7.814913755247910e-01	6.200348348829872e-01	7.780613004337369e-01 
32311	5.435561071548012e-01	2.560280151527516e-01	4.335639561393667e-01	4.237306310006715e-01	3.704888271053948e-01	5.227799337900099e-01 
32312	6.408837734391641e-01	6.946290365460719e-01	3.845590367228400e-01	6.618446733046710e-01	5.483528183879057e-01	3.921069818880392e-01 
32313	6.860358817534054e-01	5.964179060468155e-01	7.392565345386498e-01	6.657327697771294e-01	5.510778344338894e-01	6.491956098079772e-01 
32314	2.867758194762471e-01	2.056852675742021e-01	2.698038283907592e-01	1.745037181149409e-01	2.476269794675227e-01	2.260105864513360e-01 
32315	5.342381220275597e-01	4.949878225858400e-01	7.554856215274364e-01	6.456392347270059e-01	3.943039231177098e-01	7.866489200882517e-01 
32316	3.699539672678888e-01	4.861014856025801e-01	4.345225676388602e-01	3.925735005450101e-01	5.885622371345456e-01	3.970947871085031e-01 
32317	7.826716374753365e-01	5.066684656154579e-01	6.903444089838909e-01	5.179506505310276e-01	5.214643027641251e-01	5.503717083494186e-01 
32318	6.258460606796330e-01	6.178661040976082e-01	7.715066216771078e-01	5.266194378521740e-01	7.217608331705003e-01	7.250145531392156e-01 
32319	3.753449281780588e-01	4.422828801213713e-01	3.251944396518028e-01	5.928973620940194e-01	4.088777930197297e-01	3.974029607682897e-01 
32320	5.120067044940272e-01	4.486018153025799e-01	5.439399591727297e-01	5.775096773115185e-01	3.701508929300679e-01	5.610021494120023e-01 
32321	4.123256663239547e-01	4.010616279875941e-01	1.579320145042009e-01	4.356437701124395e-01	4.046499272559200e-01	2.340775904064964e-01 
32322	5.860051794079156e-01	5.415590991226167e-01	3.293109559385183e-01	5.256283887156064e-01	3.912469649054275e-01	4.493406519616263e-01 
32323	7.786486536463901e-01	4.676640754482759e-01	8.511327651439063e-01	7.491260078774660e-01	6.574912822556189e-01	6.972562895146361e-01 
32324	5.180187797494642e-01	5.106685567320777e-01	3.387866493411838e-01	4.432735394577043e-01	4.488791393487065e-01	5.311035350500044e-01 
32325	4.807411000165399e-01	4.854078139285788e-01	3.778061528108728e-01	5.754216010584601e-01	4.898491099327817e-01	3.058318256692920e-01 
32326	3.664766556616524e-01	3.236929793521485e-01	2.785053287318188e-01	3.786261269093423e-01	2.944750950710751e-01	3.244019320438164e-01 
32327	7.101057260665197e-01	6.898605228322032e-01	7.148606723211952e-01	6.881208554627573e-01	7.088566121093287e-01	6.273122430935758e-01 
32328	5.441091865660578e-01	4.532166070502985e-01	6.031405237070715e-01	5.409754618625346e-01	7.721326799347148e-01	5.898831134249266e-01 
32329	5.399771756990247e-01	6.617079775046049e-01	6.008905139373033e-01	4.834456361492198e-01	7.157896410032342e-01	5.483129635884593e-01 
32330	5.493980830251255e-01	6.064459299149866e-01	3.949734192597686e-01	6.274036077499328e-01	4.269217543968650e-01	4.530628838081315e-01 
32331	5.324724595123502e-01	3.000299343297854e-01	4.994481721328996e-01	3.958123858414446e-01	3.357231396824712e-01	4.110019682464461e-01 
32332	5.729213983395967e-01	5.791497707002432e-01	7.517620681620901e-01	6.448183170104922e-01	7.021577384402327e-01	7.211500127957833e-01 
32333	7.549368628727016e-01	6.014279379572129e-01	5.898751427674729e-01	7.152570575800596e-01	5.912965347224036e-01	5.497248555242500e-01 
32334	3.776661114904830e-01	4.128039266515672e-01	4.487278839463385e-01	4.792154146465415e-01	4.012453912154856e-01	5.066511570533327e-01 
32335	4.962037806977544e-01	6.472380580554934e-01	4.947905516246966e-01	5.735472316417276e-01	7.026960346358697e-01	7.123822874692363e-01 
32336	3.685842537409446e-01	4.005987147283488e-01	2.816732764060057e-01	4.979505165943297e-01	4.168052036176872e-01	3.546289466238033e-01 
32337	6.383553056928838e-01	6.367267445735562e-01	7.486096572665243e-01	5.204376111882993e-01	5.195608345368048e-01	7.177155027729878e-01 
32338	4.820269370621978e-01	4.500997292909371e-01	5.288293496388792e-01	2.815187974716604e-01	4.279699261770982e-01	4.837167465072055e-01 
32339	7.242264974230416e-01	7.910427246843974e-01	6.899383356581579e-01	8.240666513776054e-01	7.014879799011464e-01	7.143606040141082e-01 
32340	3.363028983619773e-01	3.752789055356454e-01	2.999821791133704e-01	5.605208326927800e-01	3.487760841790575e-01	5.224875551007706e-01 
32341	6.590392905961433e-01	6.910880375178545e-01	8.131909123199001e-01	6.829708657362625e-01	7.306514042810844e-01	6.730431565955109e-01 
32342	6.706998819673777e-01	7.402242569008445e-01	7.749897795422043e-01	7.234326326029200e-01	7.740882065449350e-01	7.202428523788347e-01 
32343	4.339505615209325e-01	3.626031858066272e-01	3.904112825379323e-01	3.491839854298543e-01	4.943736489821424e-01	2.712849201040840e-01 
32344	4.789011198006203e-01	5.276255708785836e-01	5.210096626487400e-01	6.894454215036784e-01	3.320259656600468e-01	5.496047994901083e-01 
32345	5.004004427087643e-01	7.494916919376110e-01	4.645817310401777e-01	4.139214606553814e-01	7.441332911077332e-01	4.595928597016786e-01 
32346	3.742476512280165e-01	5.641646435811940e-01	6.341127120485819e-01	5.417118648469375e-01	6.866005193526711e-01	6.002563710316750e-01 
32347	3.457668504534440e-01	3.429232309858825e-01	2.811339451621593e-01	3.689631558869528e-01	2.020250082644579e-01	4.082679402400634e-01 
32348	4.645771439597298e-01	4.164334229984671e-01	3.886833149164399e-01	3.956430528093408e-01	4.029193411274066e-01	2.509521763496486e-01 
32349	6.770629516466274e-01	7.981618207389970e-01	6.019490327468073e-01	7.273403034367232e-01	5.570838450287183e-01	5.155641261373951e-01 
32350	5.394167741801960e-01	4.041453555521518e-01	5.165097732475830e-01	4.277068138651975e-01	5.238437859149346e-01	7.228557697070802e-01 
32351	3.653429498244180e-01	3.358473505008637e-01	4.277305891961022e-01	3.622996886960078e-01	5.363044826511478e-01	3.770835070308370e-01 
32352	5.885561740772228e-01	4.080229085511775e-01	5.313705698257140e-01	5.555470366480380e-01	4.174383097247062e-01	6.080262281081563e-01 
32353	2.164465968038871e-01	4.965313156021737e-01	5.185636519862161e-01	3.335482755802390e-01	4.991833486736604e-01	5.018355548119287e-01 
32354	2.467225839041392e-01	7.946129704674513e-01	5.695007169019097e-01	5.637198348112752e-01	6.057096798150297e-01	4.519739304289865e-01 
32355	7.992326142588833e-01	8.387244750547399e-01	7.663678005978117e-01	8.762536187370968e-01	7.304677477804087e-01	8.182210758219022e-01 
32356	6.923816441803828e-01	7.064084504418755e-01	5.975541999381835e-01	6.161439989264922e-01	5.954299326172540e-01	7.218543008202050e-01 
32357	3.916783041795634e-01	5.505735159936460e-01	5.620889849181641e-01	3.811527116761586e-01	7.913420982218290e-01	6.295307924657548e-01 
32358	4.123284170102089e-01	4.442086417438627e-01	4.269824754547537e-01	6.577253433430257e-01	4.984378739789164e-01	4.648678613289167e-01 
32359	5.600912329916165e-01	4.559362586334108e-01	4.039516238646700e-01	4.983666746028714e-01	3.882962414574749e-01	4.388307054537602e-01 
32360	7.485737936768282e-01	4.801369902649052e-01	7.601307131828549e-01	5.198870563582727e-01	5.974556728192069e-01	5.776541470664628e-01 
32361	6.363513636753826e-01	7.030041519431822e-01	8.636690762621999e-01	6.349322338282809e-01	7.522445539901208e-01	6.358122216980036e-01 
32362	4.842426944363191e-01	7.159139863135922e-01	4.624570182521253e-01	5.284719317606914e-01	4.186618960939980e-01	6.881521930753438e-01 
32363	7.063901034762592e-01	5.854884341943409e-01	6.583214962808108e-01	7.152899673990956e-01	5.516072767763162e-01	7.164292331463035e-01 
32364	2.901391898841355e-01	5.469586798337163e-01	3.812069169779231e-01	4.333163416743426e-01	3.259099837970576e-01	4.992496034533337e-01 
32365	3.474502936874665e-01	5.191931242552777e-01	3.772606533138565e-01	4.466258601379331e-01	4.121955548212998e-01	5.423201125877410e-01 
32366	2.940912200640099e-01	4.496698960198702e-01	3.935975024890166e-01	3.946664735222783e-01	4.255092845783577e-01	2.838298314889331e-01 
32367	4.586109449835138e-01	6.925488123340875e-01	6.146689965488139e-01	5.564791202847146e-01	5.681346637447994e-01	6.636036573624789e-01 
32368	4.779578873332389e-01	6.672364667791910e-01	5.205688556753121e-01	4.847944379926555e-01	6.982534903611708e-01	4.688410167202187e-01 
32369	7.276551111934453e-01	5.300112596058371e-01	5.948806986904269e-01	4.726376514368458e-01	5.192524819069111e-01	5.869735579861717e-01 
32370	5.652162988654562e-01	4.996623577954039e-01	5.072571371747502e-01	4.217353485038619e-01	3.495561315506612e-01	5.335896056707665e-01 
32371	6.907962755857402e-01	7.131107349356254e-01	4.946781896796800e-01	6.271654815913323e-01	5.004499761080934e-01	4.999926533168597e-01 
32372	5.883266875182489e-01	6.780864232033506e-01	5.340807716510638e-01	6.047904952633624e-01	6.096000156042044e-01	5.775290217709805e-01 
32373	5.091769182601891e-01	4.814862121474986e-01	5.596118777743293e-01	4.590739118018187e-01	5.016679046896264e-01	2.256799987040242e-01 
32374	3.053370612419303e-01	3.068107455592572e-01	3.502478306473601e-01	3.173736909987994e-01	3.315211056976143e-01	2.415018530318825e-01 
32375	5.881033980311103e-01	6.200281526653806e-01	6.955032071148332e-01	4.716720305520581e-01	6.542708072184584e-01	5.720322820089991e-01 
32376	5.237233817680017e-01	5.654112186905549e-01	6.315104107975769e-01	4.996728920805582e-01	5.747510446845223e-01	7.093610365857891e-01 
32377	3.734643551116701e-01	3.174605213090446e-01	2.795237596969588e-01	4.046611670877686e-01	3.590745913774256e-01	3.531151279359176e-01 
32378	6.365776238800264e-01	7.904278723393503e-01	5.823665460107124e-01	7.654831220647103e-01	6.929715796580076e-01	6.986678044454946e-01 
32379	6.422074207237731e-01	6.424547437730261e-01	7.295008486084156e-01	6.985014117940558e-01	7.224176484808621e-01	6.972106401857556e-01 
32380	5.419874918564906e-01	5.876467997077590e-01	3.375511412695431e-01	8.011749282733328e-01	5.150995361182205e-01	3.671368523479462e-01 
32381	6.226670630659767e-01	5.170300328072717e-01	2.787074998641463e-01	7.579126857109981e-01	3.818154390485450e-01	3.560899823127755e-01 
32382	4.696000762324551e-01	3.883593395525543e-01	2.015963889948552e-01	6.595775747289094e-01	4.232362868281187e-01	3.252540971329113e-01 
32383	6.449640959821463e-01	5.928166590159536e-01	7.746105071658314e-01	6.083385653110636e-01	6.379256419370294e-01	5.041564822824325e-01 
32384	6.511430654340783e-01	5.662558430936599e-01	6.671044440449774e-01	7.164782109637339e-01	5.446183626316872e-01	7.299001800266185e-01 
32385	3.078102727954117e-01	4.353906581434364e-01	4.248751999309329e-01	4.387538463634367e-01	3.004326176309641e-01	4.545909405914015e-01 
32386	7.364050109321615e-01	5.856480792867129e-01	4.958576015193666e-01	7.332410930773798e-01	5.287113324505964e-01	5.476241326983921e-01 
32387	6.870967418709912e-01	8.141284345763407e-01	7.092114095882431e-01	8.588492756797661e-01	7.110177461348652e-01	7.125969716157663e-01 
32388	8.394574097107969e-01	8.449597160050335e-01	9.046109292668435e-01	8.508165466073682e-01	9.229140691527241e-01	8.781523195331009e-01 
32389	3.796926415657907e-01	6.215472811295544e-01	5.669795494742973e-01	4.437175662631919e-01	6.044737326972980e-01	5.773829332277010e-01 
32390	5.708770221999614e-01	3.917876710951794e-01	3.154161593229982e-01	3.594853522421492e-01	4.251664755755689e-01	5.487411055621976e-01 
32391	4.623885275144087e-01	7.368963276386618e-01	4.970395858581414e-01	6.421097029484313e-01	6.140759852799720e-01	6.279945496861196e-01 
32392	4.609599257708075e-01	4.381669678393275e-01	3.636162749313198e-01	3.795246853457375e-01	3.755761919867778e-01	3.788194044810492e-01 
32393	2.574021085328500e-01	4.471094272887737e-01	4.918317039815312e-01	4.791616831427341e-01	2.438808972531581e-01	4.459237615972702e-01 
32394	7.235184170279338e-01	4.242204737106674e-01	6.038149329261858e-01	7.560602792146058e-01	2.370904200131548e-01	5.215020816600040e-01 
32395	5.059615436842946e-01	4.891527755280304e-01	3.767130346165451e-01	6.642493467397066e-01	4.623832617355695e-01	2.644862362798749e-01 
32396	2.150724796096945e-01	3.405331723535738e-01	1.498307109277280e-01	2.994552700326004e-01	2.440252996210548e-01	3.008417045696640e-01 
32397	4.253744352380208e-01	6.068842649967190e-01	6.239136702097022e-01	5.400812315612866e-01	5.458661725350864e-01	4.523234257989551e-01 
32398	4.947229688962686e-01	3.284164037372430e-01	4.949764769977403e-01	4.468160580228395e-01	3.497438582660648e-01	4.565230782310424e-01 
32399	4.351775849074068e-01	3.359355622931194e-01	3.373100957358225e-01	5.391496756520862e-01	4.011034957800254e-01	5.693379681177781e-01 
32400	5.576991599878371e-01	6.847546366873583e-01	4.898116637883118e-01	5.933691377630367e-01	3.076263376270144e-01	3.886547425571931e-01 
