551	3.641371525709771e-01	1.986021727469148e-01	7.812195402426515e-01	6.431788021192902e-01	8.811855106580490e-01 
552	3.619502528355079e-01	6.146477423364746e-01	3.243934195292166e-01	6.951730053376579e-01	4.137185883353004e-01 
553	4.723009318046551e-01	5.655992263212648e-01	3.828914962948743e-01	7.818791910111381e-01	3.737415669610109e-01 
554	7.833531480359196e-02	9.452987294127903e-01	2.535821152160815e-01	6.187443699424428e-01	3.690248354550530e-01 
555	7.291344140370586e-01	2.181025934648573e-01	4.604351300615007e-01	8.851048922004662e-01	1.123627193631572e-01 
556	3.586938264805618e-01	8.163668191285365e-01	5.092967537900761e-01	3.974898985757127e-01	6.232124181717352e-01 
557	3.206191191634990e-01	9.248234563573351e-01	9.132321064776017e-03	8.132566390852862e-01	6.177669700958233e-01 
558	9.751649976396122e-01	4.853493569551958e-01	1.771677880714790e-01	3.765016283402579e-01	8.234878608650251e-01 
559	8.736648107599658e-01	5.143449274149094e-01	1.606355739698467e-01	5.586557047278211e-01	4.777146190656929e-01 
560	7.715741411889296e-01	2.079701020130990e-01	5.651810381583446e-01	4.959500819311337e-01	5.807325535538161e-01 
561	7.247578156017292e-02	9.860815163164651e-01	1.494238635492362e-01	6.629450942203361e-01	9.296442988847686e-01 
562	3.976892780923640e-01	4.050095556312987e-01	7.174538517626791e-01	2.243060018945149e-01	7.557055324377635e-01 
563	4.312687847021143e-01	7.287868810247400e-03	3.780450989279617e-01	7.961229034436220e-01	6.782610910651831e-01 
564	3.921143922773538e-01	9.852388104309946e-01	3.583737852017327e-01	4.866600827508962e-01	5.900274068115640e-01 
565	6.920269227530309e-01	8.715094025697931e-01	8.965787219361578e-01	5.622081678320290e-03	4.873029095867574e-01 
566	8.000463848705579e-01	3.434706978371034e-01	3.011540231132045e-01	7.301465589888624e-01	4.520079564651116e-01 
567	3.877169505339920e-01	3.604080109122572e-01	1.469706430110500e-01	7.735924709483116e-01	6.482923891841622e-01 
568	6.292988314976153e-01	7.917343006304067e-01	5.303757848359725e-01	4.275803059978204e-01	3.439484126955336e-01 
569	1.899506410481739e-01	1.135713546498992e-01	8.228685633105119e-01	8.221970947786598e-01	8.590844924623198e-01 
570	9.831799699237257e-01	4.468697140353185e-01	8.929869223002557e-01	1.688054583685926e-01	3.581797203691974e-01 
571	4.008515223000432e-01	8.937603178151804e-01	1.563279087317596e-01	9.620370250725194e-01	2.014201572522549e-01 
572	8.425915772511328e-01	7.969575786953415e-02	9.770623332899839e-01	7.524254144220601e-01	2.440063759011016e-01 
573	7.380470946872566e-01	1.388085227179142e-01	4.467762092633193e-01	6.539744423528873e-01	6.932036512950963e-01 
574	4.031145938729327e-01	4.081299777632921e-01	4.303730562997304e-02	4.744435730990460e-01	5.978288319128369e-01 
575	8.356953351022663e-01	3.467792981527669e-01	9.782952259654993e-01	3.801134918012393e-01	2.944751161650407e-01 
576	3.172979901087249e-01	9.862877892915811e-01	6.518285319180205e-01	1.066402002841541e-01	6.805093848767114e-01 
577	9.325397836164592e-01	1.220823952803167e-01	8.468748452217756e-01	3.768386919542333e-01	2.288381379345266e-01 
578	8.462680648602794e-01	2.271177632938093e-01	5.232771296390670e-01	8.806317654202839e-01	3.442680929371538e-01 
579	2.873730268438978e-01	2.811877702069952e-01	8.021929721304007e-01	2.990148852786821e-01	5.456189585126132e-01 
580	4.551154081629051e-01	8.554136937440326e-01	1.668316806193715e-01	2.898732266881719e-01	3.396429519848732e-01 
581	1.807339157642595e-01	5.801163318940978e-01	3.630945157028575e-01	6.089339214664090e-01	7.331462191445555e-01 
582	9.666073762351319e-01	7.759086671769631e-01	2.595372728898403e-01	4.906308148723137e-01	1.822603447824519e-01 
583	1.119233670764003e-01	4.632402228793608e-01	5.610492287029039e-01	9.697515953029324e-01	4.522506863060942e-01 
584	5.151710442123028e-01	6.242878808714699e-01	4.287870039263126e-01	1.740968477866012e-01	5.635499885961230e-01 
585	6.801327866397033e-03	7.301514947779379e-01	5.096231400563700e-01	7.579439261365115e-01	7.173366564185465e-01 
586	7.244784282383812e-01	1.971620259549637e-01	7.949747404922938e-01	4.717946720534457e-01	2.198663921084105e-01 
587	5.348437451909602e-01	7.570768622999067e-01	5.799947708106451e-01	1.180746363717942e-01	8.221937491681020e-01 
588	6.485239930134584e-01	4.626416926396081e-01	8.119062257333948e-02	3.836368172843988e-01	7.910294428842566e-01 
589	6.478063983024474e-01	7.749051545559584e-01	3.752067305331925e-01	6.447697662703838e-02	5.728026562017086e-01 
590	9.438222786265054e-01	2.509261411061852e-01	3.931932217456452e-01	2.260361251630715e-01	4.443427984068817e-01 
591	3.383388235362187e-01	8.600733504111655e-01	1.294724260338882e-01	9.651152484373864e-01	1.851015783454695e-01 
592	7.392198858646963e-01	9.015533570404023e-01	3.588610169451502e-01	3.721981870014882e-01	9.484211612263382e-02 
593	8.002158073625705e-01	1.676190833022892e-01	7.545238113523385e-01	5.977830039613641e-02	9.126140344382158e-01 
594	9.232484166228433e-02	2.496867834069291e-01	3.450941809177435e-01	8.520068945183232e-01	7.898216375140743e-01 
595	2.152681228745527e-01	4.068272211972904e-01	7.268527556156537e-01	3.701308547098702e-01	9.015884240187625e-01 
596	3.884482009391255e-01	3.195400062313903e-01	9.967910371039146e-01	7.394282142456173e-01	3.800806107811711e-02 
597	7.497469432246420e-01	7.942355120105560e-01	3.465095508120901e-01	4.792445895753797e-01	1.824265558630979e-01 
598	8.214331105091722e-01	6.271095618777841e-01	7.791010946523395e-01	3.918148212323398e-01	3.099145292473052e-01 
599	1.088799165114971e-01	8.571226185668767e-01	4.458194803742261e-01	2.038941326360276e-01	9.346347105901118e-01 
600	8.206735018669689e-01	4.143501839818884e-01	6.502668167598271e-01	3.735825417543313e-01	2.253072609573725e-01 
