151	1.617747592561761e-02	8.451228779019428e-01	8.524111643677630e-01	6.007626445967530e-01	3.214775446436729e-01 
152	6.679601588602924e-01	5.268301868470526e-01	8.480000974833966e-01	2.502103020670872e-01	2.562278864235747e-01 
153	7.323565849719367e-02	5.143821805316872e-01	8.898127222851909e-01	6.114109347627549e-01	5.310327618061718e-01 
154	8.213307838054983e-01	9.589568874607594e-01	7.367469560060403e-01	3.439594448283126e-01	3.599422389454870e-01 
155	4.391530437577297e-02	2.386319917806573e-02	5.076203031966557e-03	4.872541630115612e-01	2.928855597474079e-01 
156	7.082624503915489e-01	8.201462094765838e-01	5.074095514171801e-01	4.674708747619162e-01	7.825788207271038e-02 
157	1.909835483836865e-01	4.836483506875338e-01	9.233807599746533e-01	4.339471228578813e-02	8.441099528428679e-02 
158	2.448583041526649e-01	7.113548716117418e-01	6.112411821313394e-01	9.285840117040016e-02	9.615651736788290e-01 
159	8.674690690205754e-01	1.660940601332551e-01	4.759473537448549e-01	7.572817908401051e-01	7.775049948960100e-01 
160	6.980115085365305e-03	5.786125741799421e-01	7.364618818911081e-01	7.437270710914056e-01	9.225720190082547e-01 
161	9.640412037093385e-02	7.876423759328399e-01	9.464352181863204e-01	1.014803234029004e-01	2.748965384787398e-01 
162	2.393207779337283e-01	8.097427737944493e-01	9.504274795532354e-02	7.467303293509084e-01	2.772136480907042e-01 
163	1.733006300280339e-01	9.377138777345949e-01	7.608619992438993e-01	9.668138953702589e-02	9.811085900203831e-01 
164	8.452729945281861e-01	3.415396936896908e-01	6.924634611664635e-01	4.565141761938641e-01	4.343980953257522e-01 
165	6.540286343796312e-01	3.239832447487783e-01	6.004921554590074e-01	1.299759876588248e-01	8.126503512322206e-02 
166	3.779971498893561e-01	1.369561027441901e-01	6.598776097688254e-01	1.144590313148028e-01	8.806831743012570e-01 
167	5.824496283114188e-01	2.108631521513980e-01	6.683255497684356e-01	5.288848464977391e-01	3.123434755542984e-01 
168	9.432220882471753e-01	7.682056244314674e-01	1.220862493487477e-01	3.826483573683763e-02	5.149359533167146e-01 
169	3.992998974394518e-01	2.115654657648716e-01	4.526498305856482e-01	1.601618962176898e-01	3.082468553018974e-01 
170	4.337584201403700e-01	5.434890280214553e-03	6.497865494572495e-01	1.262218813068335e-01	4.619490669397400e-01 
171	8.418464431734041e-02	7.802505156864648e-01	7.859323116885183e-01	6.846767997763478e-01	9.102265038109508e-01 
172	8.671973472774016e-01	6.267394920004250e-02	4.718260608947957e-02	5.270749565805658e-01	1.771329805148453e-01 
173	9.278657803907365e-01	1.095245844263232e-01	3.879961326662433e-01	5.961913296935109e-01	6.384094309240623e-01 
174	7.003396086862029e-01	5.394134179406862e-01	4.066150548898685e-01	8.224258580349506e-01	5.776782536775238e-01 
175	9.215510082065831e-01	2.217257550087412e-01	7.892437199080566e-01	3.742008383265700e-01	3.818876516920923e-01 
176	9.749057474429280e-02	8.079592589326013e-01	3.873225419723068e-01	7.472771242015422e-01	9.341811402394349e-01 
177	8.492716089120468e-01	8.314617685188826e-01	7.144316554602383e-01	6.352039206005651e-01	5.161385678295691e-01 
178	6.246581588055278e-01	5.024012674123055e-01	5.788125170296117e-01	6.718407653606686e-01	2.947622352720994e-02 
179	7.559454980101182e-01	5.997065452857440e-01	1.390008079535332e-01	1.439416302107003e-01	1.958978749792547e-01 
180	7.774102393432568e-01	8.442812388969032e-01	7.353112929199409e-01	1.840252937674640e-01	6.667070964661925e-01 
181	3.129895461318035e-01	1.055763019740471e-01	8.884328519405950e-01	1.022332655741988e-01	4.797771403006171e-01 
182	2.703205031670260e-01	1.997238407841529e-01	2.877363987675572e-01	6.576430451393328e-01	9.470009649856952e-01 
183	2.219175385413307e-01	5.069146540513796e-01	7.784627335045778e-01	9.363491944672303e-01	1.421185741862834e-01 
184	2.946013008684857e-01	5.610073528070968e-01	6.445198415985889e-01	8.734138183637586e-01	2.328481177021042e-01 
185	6.739960651257988e-01	6.293593159082156e-01	8.325546634535094e-01	8.129968730793320e-01	7.733009461189159e-01 
186	2.845253796710285e-02	5.904071119569275e-01	6.175821850158191e-01	7.637638308870438e-01	7.744324061900528e-01 
187	2.842892810163504e-01	7.675337655318593e-02	8.800087081640999e-01	1.727221324912841e-01	1.789866425930460e-01 
188	3.597858479990558e-01	4.430426356583101e-01	3.787104833771989e-01	6.475222472322743e-01	1.006856807976429e-01 
189	3.257114478972328e-01	8.694397857736050e-01	6.076003348490225e-01	1.041741809361494e-01	8.057889797751741e-01 
190	7.497189090353059e-01	3.987754822702964e-01	3.667963325822709e-01	3.942387501682335e-01	2.721893001683938e-01 
191	5.996444502843751e-01	6.823481482837107e-02	9.015486160766094e-01	4.321991132722232e-01	8.812316879077031e-01 
192	6.748495617298640e-01	4.606516512393261e-01	4.716387998646306e-01	2.924317462800218e-01	2.244154816607085e-01 
193	2.460712055890221e-01	5.767210277620335e-01	3.011688586795557e-01	1.260799132874608e-01	7.494431602533176e-01 
194	4.801555012726018e-01	4.858657612865165e-01	1.924857959116277e-01	8.588659846498007e-01	1.333880080531295e-01 
195	2.931714767092706e-01	1.845774320813722e-01	2.827793826734551e-03	9.007718115582931e-01	2.887516134831829e-01 
196	8.086167736019086e-01	6.504907201279377e-01	6.875270957534794e-01	1.754131057185182e-01	4.472946983050996e-02 
197	9.597163959218731e-01	7.750575564685546e-01	1.129642846588810e-01	8.612650115328212e-01	2.072566692751165e-01 
198	9.941959725665841e-01	5.361145727970239e-01	6.679083209801039e-01	4.658347719655534e-01	8.285463195427071e-01 
199	8.923238026408123e-01	7.119059775545755e-01	4.052673468390793e-01	1.934926608547068e-01	8.379858908420363e-01 
200	1.547105066267357e-01	6.736481621273086e-01	3.238516521285529e-01	3.471963025383634e-01	5.325141463114480e-01 
