true 118
933 0.603451100875592 0.5517563763661568 0.5582404648123293 0.4178488253680501 0.5770337621839952
940 0.5387225861031099 0.6663993957169844 0.5166148149153158 0.6060253619886642 0.5950352212552297
969 0.4784509492387943 0.5268981985371854 0.5373971466153723 0.502575324965937 0.6710354766089929
886 0.3002775111231848 0.5159742137935226 0.4401142918670153 0.480706165492341 0.5986164489305419
947 0.6074106960706978 0.6518480944972673 0.4822271590188376 0.5120646685262213 0.6018802726256747
977 0.6582358641342283 0.6107037080728133 0.5630063806168542 0.4774928732005194 0.5983241614718056
952 0.2733111760218655 0.6231829922352556 0.379821572998046 0.5284673524372683 0.606626514587576
861 0.4162965159660875 0.6762077709265926 0.4016692716698409 0.6120819333144258 0.5957057887623188
954 0.5911101462788803 0.456624527147121 0.5910229204993024 0.2871624219517759 0.6724417363975355
906 0.543938145221423 0.5367787743785157 0.5689094032601394 0.6603609630285059 0.607941828381407

