true 96
759 0.4089668366888935 0.289323157716939 0.4948037850582114 0.3809998901875712 0.4336040690590353
782 0.3320367753199051 0.2466523542400081 0.3843432469289267 0.4384625239105192 0.2742826502363966
397 0.3633982684500286 0.2845835120478731 0.410053203275207 0.3844870273399112 0.2689141752040718
549 0.4924341884475671 0.2660345401934475 0.4190529992604838 0.3825731712043878 0.4876496726133132
622 0.5113243846136771 0.3397574279761779 0.6323146118567408 0.4452771477571937 0.4833655160733747
652 0.4593645036943667 0.3150094568669001 0.5261972502966292 0.4113454762606328 0.3550672623056971
354 0.5616986773955878 0.2423829789024782 0.4787490353749416 0.3522547143446549 0.529632898354133
632 0.5735809530236188 0.3077333873851717 0.4958896419954276 0.4352209739408786 0.450075061192872

