true 18
149 0.723313164121042 0.7309182091969316 0.7284724275108557 0.7688196005387697 0.7776604958823523
353 0.7483692261029774 0.6983768696303447 0.8010705922290058 0.6952166676184521 0.7044459935367039
28 0.8370335958146143 0.6623150599010186 0.8202083777500847 0.7269247821551751 0.8614372946008576
366 0.8202597410819562 0.6622411623675161 0.8330216372575451 0.7437924791052454 0.8439041556676801
364 0.799630508200066 0.8187155331177166 0.8181963853268481 0.7838129981257934 0.7385824148153691
147 0.8793742372382035 0.7753133420140044 0.8110736122622709 0.7099429057914104 0.8085206654543187
4 0.8800494063213352 0.7860664975631186 0.8484399595297388 0.8361855632029231 0.8599854171621985
199 0.858174983481641 0.8038898712650403 0.8069814136189251 0.7793827288782598 0.7206983755803144
1 0.7830947482525046 0.6539615526366881 0.8403835194774587 0.726457356210725 0.7238600825678893
227 0.7756413871604234 0.6264792690313473 0.8130688187548214 0.7897286000802847 0.6938616684632953
258 0.8269894107317508 0.7333885118318261 0.803889009492686 0.6804262556832512 0.7210403116970012

