true 48
583 0.5795872276397153 0.4611318051071315 0.6097649312122485 0.3959642354767002 0.4690071371142017
509 0.5473559605896258 0.4141898090258044 0.345426941142428 0.4013785569821812 0.4389819873662333
773 0.4282889178084552 0.4129231951954152 0.5800428691832239 0.3577395392446802 0.4918826728195678
469 0.5591611558684926 0.4110658336288728 0.4946732995836949 0.4603986642682003 0.5361826152691758
712 0.5918374974416407 0.4513353214900115 0.4089950753881442 0.4311981161810081 0.494962404309239
586 0.4844783323040471 0.4586569207568676 0.6348101969183209 0.4672843877062957 0.5538255981019151
437 0.671449455184543 0.5001611898270104 0.7042389533865545 0.3577423416735001 0.406252215165398
361 0.5728945612539785 0.4093495740460573 0.5281362990072095 0.4536272889704855 0.5109596630513352
458 0.3023053309004104 0.4951465561812193 0.6584841053873078 0.3437200831246023 0.5594662381327447

