true 77
172 0.5428449572085411 0.7003094169204329 0.649060044338852 0.5723856108933968 0.7539065570127969
679 0.3781297739529411 0.6098005997672197 0.6340588522314452 0.480573414918843 0.65353706692863
654 0.3592702878636893 0.6045298669582921 0.5744143377233097 0.4947102436159626 0.6602625717279412
213 0.5456355279991973 0.6296340520761143 0.6055761413472341 0.3226269564960423 0.691874892893438
661 0.6842256244265978 0.5345934921316547 0.6559960341300788 0.5160559925849587 0.7446645621587893
226 0.4234817980872221 0.6843453870244124 0.5898475520702333 0.5231443236709559 0.7702578243999371
502 0.4915501424359002 0.631495765213103 0.6412746450214767 0.4571459387176606 0.6835975367897655
222 0.2511096280315945 0.6661516238919942 0.6347816638710821 0.3520018715077882 0.6465005351970328

