true 40
232 0.3603644614088053 0.4530659996864462 0.3769881708391382 0.4431497756849233 0.4041914468565428
724 0.4053549817949603 0.4635753753923977 0.734698289677077 0.4261211569888962 0.8346927378132041
320 0.5444223848717878 0.4593678008968116 0.7264482020185299 0.3708667534312721 0.7297796473538672
373 0.5343286268689074 0.4582355044231005 0.5626005493368641 0.5073854998476889 0.5057906945308103
844 0.5946710453374502 0.4555197519801442 0.6333025222423001 0.3780990925048784 0.6074928273070173
805 0.3837093339152849 0.4537289448191379 0.3589812119631073 0.4929410624452754 0.4180261896257181
767 0.4801385796088322 0.43380759432007 0.668304279562479 0.4651279747413957 0.7906024004054027
571 0.5731852901937177 0.4390533624364362 0.7344414913345566 0.3879714173145028 0.6681522451238814
357 0.337178759199474 0.4474841901626398 0.4188389885913411 0.501998916432962 0.4067291806765698
376 0.5007161682332277 0.4464822726044369 0.4394672819650695 0.3820039891030831 0.5351367109795999
347 0.5076667403826696 0.4524433891169983 0.40032042864261 0.4800866713157207 0.3161382065309862
355 0.5661474427659536 0.447798220010632 0.4037896075594721 0.3681988704253904 0.5972158995890104

