true 97
605 0.5246742400510973 0.6771531855800771 0.448202336983249 0.5147302086171882 0.5991772206961645
703 0.5706977291329922 0.6465888350328948 0.4673761397924798 0.5764293152480051 0.4976336904287988
727 0.5074982535393502 0.6343362230652354 0.6208738627613 0.5666994157134806 0.50507718570398
545 0.5889209382297741 0.6630464439212442 0.5566245499198239 0.5384655478485436 0.595498763909371
650 0.5878661687477931 0.6485272446356308 0.5781445709310249 0.6116429802390743 0.4967339068908972
853 0.5962189589870723 0.5209996170127582 0.6653786393369048 0.5117265713213934 0.6803644792683963
822 0.5696799272926301 0.6487933250737906 0.5893001632751129 0.5231440297802928 0.6364737828663023
848 0.6291113227586379 0.5461340137015989 0.5011837749228742 0.5852707440854459 0.5086998001056309

