true 66
536 0.4785043226087274 0.591808112914481 0.5445212221556159 0.5780230256251709 0.2926333377522627
489 0.5149280021919649 0.5688656930698159 0.498875464910002 0.529898697911695 0.4303677924993831
432 0.5675616705234188 0.5986547551787751 0.514153499857725 0.5391212979272657 0.3157989313905351
241 0.6276702976246673 0.3777851554566112 0.466406052020398 0.537660544237363 0.3180472627638529
483 0.6260469767740089 0.6465066997228357 0.5557524493320167 0.5148496378393075 0.4515577515588927
554 0.6408602901115821 0.4605055756389257 0.411163945538027 0.6138136313131736 0.2723968198427675
401 0.5025683084622202 0.4002314269624709 0.4125155388826349 0.5388110314683299 0.2861838746631711
456 0.6021155146420789 0.5908911488296902 0.4766067528271573 0.6044428669129179 0.417443768988553
391 0.5935217888770064 0.5549407911620624 0.3867555391681931 0.6060653625813461 0.3787963845052471
352 0.6246148069724321 0.4040313111102958 0.3492369249956859 0.671940272056728 0.3812894774085122

