true 74
435 0.6202437693952058 0.6299076146138981 0.6100607340915769 0.5885174650359928 0.775263503223718
254 0.6063913283200164 0.5760691233662981 0.5969902476808999 0.4835282384307589 0.5013740100314814
237 0.5167746522430543 0.508626901882798 0.6334743370372078 0.4424930712434959 0.5028218237782758
797 0.4722561104419114 0.497887852236771 0.4856966332634572 0.2169423784840528 0.5252547659748178
441 0.7210630045659014 0.6282120812106164 0.6309654366184052 0.4792228940772078 0.6570313276668911
150 0.5061411373211452 0.6142733090900548 0.655880894759925 0.4870023805591741 0.6543544488708403
972 0.4910622328770798 0.7014501006876347 0.6199659012720826 0.4793634458049868 0.4143088356233577
417 0.5474954968221156 0.6509157682717349 0.6199102418179253 0.3353396321327653 0.4993096586418175
971 0.4973798334475882 0.6865971737593621 0.51114983394448 0.2463309098735857 0.4464052453538335
538 0.4852208268229221 0.6053104784924281 0.6115113641244629 0.223040604358985 0.7955129887905766

