false 81
59
0.5626490835428929 0.4253353652803783 0.4525057749977224 0.4972882864247565 0.4005957134106212 
0.6275924130505932 0.56128001867837 0.6411492593436061 0.5937278936540822 0.5514877324145061 
66
0.4785043226087274 0.3777851554566112 0.3492369249956859 0.5148496378393075 0.2723968198427675 
0.6408602901115821 0.6465066997228357 0.5557524493320167 0.671940272056728 0.4515577515588927 
45
0.2945576617562677 0.4638601959509228 0.3787906218790711 0.3788203988236419 0.4162846750546553 
0.5093291858028901 0.6962295081027255 0.5142900579203599 0.6735723340904463 0.5226769367860529 
51
0.3234177248528872 0.6118951916202563 0.2056847582499599 0.5587639536956795 0.2611554956306408 
0.6827929367305301 0.7207607103352547 0.4534423863333376 0.6926290541800784 0.7115767044923471 
80
0.3362503497750858 0.4156159187585572 0.414298755620312 0.5449552042005605 0.4072214935020902 
0.5094006269295799 0.499327358924098 0.6908687713743058 0.6936197449787717 0.5676382135912008 
64
0.286558070886306 0.3788086670122282 0.2557010140792529 0.3528395817612409 0.304248705775404 
0.5011165135174256 0.5174913781775572 0.4768561036286076 0.4816620436918108 0.5240346678974114 
79
0.3083485256043695 0.4114074058678258 0.4580383545730369 0.2784024123529463 0.3849676885567923 
0.4874564603935908 0.6080578466585642 0.5645327333781321 0.4712478597977339 0.5161621133788953 
67
0.2683573263008909 0.4193288370898303 0.2664828314107644 0.2108490407763813 0.4576237541038358 
0.5334776204798789 0.6973404711851983 0.3432808535038473 0.6429044604943898 0.523767590060955 

