true 63
585 0.7083684099136002 0.4135354947430177 0.5016845414913328 0.7798792795103646 0.527174921978107
506 0.7352992940263455 0.5237766228429941 0.6571561903686937 0.7722631384467786 0.6811753607056077
402 0.7534979053716202 0.5659967346824759 0.7074268113196133 0.8236675323208887 0.6391890341586852
747 0.6279446067668035 0.6637938518716245 0.4649985263523816 0.8001272974264286 0.6554963223478234
463 0.7392914465819101 0.6768243270142235 0.7373641570699768 0.8030121201394655 0.5288776885431306
984 0.6902455317908247 0.621713818741332 0.6256691402482337 0.8268869655844988 0.6063247002586643
709 0.6685438123887788 0.5812741237544325 0.6229177377780127 0.8449823103761686 0.6390452353295832
425 0.7659017200425369 0.7014309224367414 0.5360371768473395 0.8118387918546128 0.3647685153221221
832 0.6854805211392838 0.5881287292856047 0.4534418331531707 0.7945477291387089 0.5504301027145961
749 0.7211606441374605 0.6319902949924847 0.5204156786843057 0.8010854410869275 0.6540637951106311
279 0.6690866931944597 0.4900692623360131 0.6256552803947645 0.765581056606066 0.4657012842688179
265 0.705628073634496 0.7222941942801249 0.545697616067524 0.7736907862054271 0.5616083322582706

