true 85
6 0.3913290946493513 0.3315108612723484 0.3876236080032582 0.4034505464143043 0.362728025506534
68 0.3960602474934211 0.4481770917990412 0.3966790982493599 0.3359345833357325 0.4166483610527793
577 0.3826299711643143 0.2708077164428593 0.4116209756677116 0.2483548366767771 0.3292495507905351
102 0.381326711588037 0.3861535404831871 0.5648855949921354 0.4309077975104752 0.4559033287444634
64 0.3834866674346172 0.3511131488936716 0.5395331689534355 0.3422140276739485 0.4755584827046627
734 0.3797558361815733 0.8248090288170661 0.5000250725832904 0.7701117791760331 0.5817424341296733
520 0.4187083152395368 0.3159414448292394 0.6477857854968588 0.2968707124943882 0.4069027229762828
604 0.3814625034888882 0.2636465762195094 0.3973169064641252 0.2510746915898744 0.391724877764266
14 0.3836066948715929 0.3919986374557841 0.3662614241731352 0.2485952273258942 0.2866888242980011

