26201	3.706432851857541e-01	7.476812667447555e-01	4.088741856480527e-01	4.937419727928913e-01	4.216728267853076e-02	7.254771169534165e-01 
26202	3.833269733324512e-01	9.625220828968496e-01	1.757780804355007e-01	4.201789279803747e-01	3.590176781992622e-01	9.034097647600088e-01 
26203	9.546887875624339e-01	7.101758933893476e-03	3.338574954647254e-01	3.716158837954813e-01	7.173455993283744e-01	5.470409039160062e-01 
26204	1.971064257328301e-01	5.404603469223725e-01	6.692540186430697e-01	1.973547724815204e-01	5.312157366785275e-01	6.126026070827136e-01 
26205	7.967879861199559e-01	1.662010103850365e-01	2.624963175125532e-01	9.167478975575527e-01	7.584858620685242e-01	2.287214951534076e-01 
26206	2.421013434225114e-01	7.554856392492015e-01	4.389489314058803e-01	3.092853863213392e-01	6.021696712519067e-01	5.582520699288854e-01 
26207	5.939506781038868e-01	1.919997906884460e-01	6.343698557530300e-01	8.270901707748328e-01	6.967545365339037e-01	1.309420802421078e-01 
26208	6.428931229735193e-01	6.441499466095932e-01	5.608589608629189e-01	5.587025504010567e-01	3.640195012558316e-01	3.199137025603599e-01 
26209	2.236936075799164e-01	6.438211116465948e-01	7.846322267534730e-01	3.680379980478168e-01	6.575582441004338e-01	3.556374831751955e-01 
26210	6.371582738167827e-01	5.564501893170630e-01	3.018560084858122e-01	4.948855729699470e-01	1.139768902848626e-01	5.539712641478599e-01 
26211	1.141663940341230e-01	4.391808433124652e-01	2.989278243696534e-01	7.008967842217468e-01	6.606614410860856e-01	6.736004193570208e-01 
26212	3.253818509777168e-02	1.849564216170755e-01	8.658200772101432e-01	3.345035540221497e-01	3.990570759646336e-01	9.748601178691418e-01 
26213	9.449980401146572e-01	4.818763467072334e-01	2.709458886331010e-01	4.766433201404121e-01	1.205994886989541e-01	7.386263308036655e-01 
26214	2.994825563829862e-02	5.110185256423794e-01	6.915092228064745e-01	8.359723142441567e-01	5.652047201196569e-01	4.683391503165605e-01 
26215	6.751810379904274e-01	9.192916132739926e-01	1.859394586036560e-01	5.611451875890484e-01	2.979328685931203e-01	6.593349904982001e-01 
26216	4.403987070974720e-01	3.720314887399579e-01	7.216637481542395e-01	1.606340368331384e-01	7.862164411351937e-01	2.271876025256779e-01 
26217	2.155768931808170e-01	7.566238252817192e-01	1.434643927452035e-01	9.295937532962935e-01	6.176718857182586e-01	2.780619286150899e-01 
26218	3.852474365594319e-01	7.951048169208557e-01	5.571124450054443e-01	2.548217066548023e-01	4.745953090245151e-01	3.672536020700274e-01 
26219	1.473678757514427e-01	8.558849882020196e-01	5.759632300568146e-01	8.553907665565497e-02	8.875112567481623e-01	3.652452977636669e-01 
26220	5.619642345014422e-01	2.273185445971731e-01	6.367435209804715e-01	7.677366673098828e-01	5.272479912769782e-01	2.182817291120845e-01 
26221	4.695605001817675e-01	2.100733272704832e-01	9.845203365849449e-01	5.323308314853979e-01	7.687984605209391e-02	9.063565918290846e-01 
26222	8.537894403275748e-01	5.209981825447052e-01	4.435157323782343e-01	4.950468383303850e-01	3.321584552363658e-01	2.160387483350452e-01 
26223	7.872861956498014e-01	1.205660609113085e-02	4.786579529425800e-01	8.166255325445703e-01	1.552340836213811e-01	9.059225487165828e-01 
26224	2.476151468522615e-01	9.150420365205377e-01	3.732733779220313e-01	8.754393254390851e-01	4.507009377916760e-01	1.303407898665532e-01 
26225	8.148587248132979e-01	8.526264318967620e-01	4.306576632216819e-01	1.433940949459523e-01	3.489104384864600e-01	1.412966554646126e-01 
26226	4.188221758665936e-01	7.918312704060138e-01	6.879511353049858e-01	2.086289111527749e-01	2.196640670537061e-01	8.869569444826116e-01 
26227	6.195819802453510e-01	5.453570913861345e-01	6.936653391770488e-01	3.042097725765414e-01	5.960236201698732e-01	4.724782336795827e-01 
26228	8.740233044116793e-01	2.093190332351496e-01	7.265465432579890e-01	3.932478946790403e-01	1.158346744464965e-01	5.079036137125639e-01 
26229	5.994426310128175e-01	8.686562652733001e-01	8.090135445642543e-02	7.543393863475605e-01	6.027991817000272e-01	3.820238645972323e-01 
26230	1.414267770212552e-02	7.349188865910228e-01	2.706196862804354e-01	8.033712193602849e-01	3.601351090741177e-01	5.525044450998927e-01 
26231	1.149678634465888e-01	4.895847983737616e-01	7.905193600961553e-01	2.951412385210593e-01	5.550001827694457e-01	9.381746291772259e-01 
26232	9.363588672859849e-01	2.380836069542085e-01	7.001186720536375e-01	2.177957149077738e-01	5.480932478971806e-01	6.310701894676610e-01 
26233	6.005841077731244e-01	9.381731370513025e-01	6.865188366625483e-01	2.020258274746723e-01	6.568372452587617e-01	3.834239025007391e-01 
26234	8.507831876982046e-01	1.254452592049815e-03	5.256055412285502e-01	6.650609583342669e-01	3.682094396557581e-01	8.951231134448561e-01 
26235	3.280534608021363e-01	7.774519547913545e-01	1.949717310393505e-01	4.625179092331873e-01	4.936836376712586e-01	4.139832850821945e-01 
26236	2.768889168761027e-01	1.416402648225839e-01	8.514344655542947e-01	4.628504280312687e-01	8.584300714609321e-01	1.819943867913674e-01 
26237	8.704864930100444e-01	2.602421748044961e-01	1.027738681264364e-01	3.234251950448966e-01	8.662321933499673e-01	2.845173718908534e-01 
26238	9.196291891105440e-02	6.657440993240817e-01	5.503500339796774e-01	8.152650575913101e-01	1.585241721838810e-01	4.537119132757308e-01 
26239	1.258639113814341e-01	5.614639281958496e-01	7.550726260728058e-01	2.456241130044478e-01	6.569431532201384e-01	5.298882425233449e-01 
26240	5.561130683664873e-01	6.438870756052901e-01	7.706509408104369e-01	1.930495421806503e-01	7.437683167951077e-01	3.424089667209431e-01 
26241	8.705681353238031e-01	1.972892672418834e-01	5.772007463870070e-01	5.222680262512269e-01	6.477522590550561e-01	1.445194009230483e-01 
26242	7.170310468221897e-02	3.865839752666250e-01	9.352113373502983e-01	8.458864352797797e-01	1.290744053282056e-02	6.125392320756530e-01 
26243	3.576265685221234e-01	2.396222289077670e-01	8.475432627150403e-01	2.779706422679081e-01	2.725166765440960e-01	7.368437476598235e-01 
26244	3.873457622280745e-01	1.464038147632268e-02	9.279197180122358e-01	9.080276884818832e-01	2.973567841076719e-01	9.110337516019740e-01 
26245	7.575525806050141e-01	6.734901288531139e-01	4.696569069181763e-01	3.797392631143826e-02	5.403557687033242e-01	2.884365854051200e-01 
26246	7.347896918128256e-01	3.693504928524119e-01	1.254448346793761e-01	9.420156234875375e-01	3.885027998835554e-01	2.986057010424437e-01 
26247	3.576922953570285e-01	7.302096128524297e-01	7.369341427140241e-01	2.259040244469185e-01	6.088164200225823e-01	5.720917854658463e-01 
26248	3.805803729794225e-01	9.104833113447455e-01	8.430943012991865e-01	4.829355660269685e-01	1.408328310712124e-01	7.141462980954840e-01 
26249	7.710553687104427e-02	6.606133288917260e-01	4.531856941857033e-01	6.482935308938290e-01	1.978707094533993e-01	9.398296438115187e-01 
26250	2.574424055494043e-01	5.961560068599747e-01	6.219039410726870e-01	3.499469786503544e-01	8.144054176161596e-01	8.509677046959363e-01 
26251	3.566065416036668e-01	1.459836465028770e-01	5.213688338990717e-01	5.284977989084174e-01	7.515546791694706e-01	3.531158218038514e-01 
26252	1.171088339174559e-01	4.194121217124211e-01	6.600452567412011e-01	6.333067999365839e-01	3.901120328783214e-01	6.569718757111193e-01 
26253	1.773693293462926e-01	5.191809453624985e-01	9.838123677441333e-01	4.380534910817796e-01	7.281093080066537e-01	3.459836665384766e-01 
26254	3.152110724075410e-01	7.425852599736155e-01	8.683234309200180e-01	3.199931693211204e-01	6.527989212519917e-01	1.781509230559072e-01 
26255	4.984848685287360e-01	6.297692384687832e-01	9.133679001421923e-01	7.129882624552053e-02	6.421923916758296e-01	1.467984907537409e-01 
26256	3.816317384105637e-01	5.890795123016197e-01	7.900287382783908e-01	5.195430407149128e-01	5.856880638527630e-01	7.204723771708066e-02 
26257	5.392370202227272e-01	5.999124748931102e-01	4.559774372784149e-01	8.600582626964948e-03	7.304344619121715e-01	8.213633975981360e-01 
26258	3.026025615847663e-01	8.573697210830067e-01	3.831546843750280e-01	1.723703297329684e-01	7.063504061672841e-01	3.122187239199401e-01 
26259	3.909279130499059e-01	5.070894072878942e-01	4.562075442364100e-02	2.624393326165955e-01	3.054934085178499e-01	9.240947229579235e-01 
26260	2.638207741254340e-01	1.941219167839847e-01	4.497784937249123e-01	7.554987748376096e-03	6.093884033857827e-01	8.086409576635888e-01 
26261	7.765167561570019e-02	7.300431201893562e-01	7.487091202448866e-01	1.719538027822802e-01	7.714500785846401e-01	6.242245169255982e-01 
26262	3.234220512455882e-01	6.340471728336031e-01	9.750517237377184e-01	4.981469376565858e-01	2.622144567672960e-01	6.505188201057549e-01 
26263	6.978193287147084e-01	3.222529229673152e-01	8.807741264834889e-01	3.606058818560047e-01	4.148830621926557e-01	9.155139687108356e-01 
26264	1.291467874493064e-01	3.498034836176795e-01	5.409897555841527e-01	8.877633877180892e-01	1.950728277029966e-01	9.608705919518394e-01 
26265	3.110314949504268e-01	1.364597564448005e-01	7.826998247070796e-01	8.768254660335173e-01	3.270098033620640e-01	9.133716389022233e-01 
26266	1.128157303374536e-01	5.525711690111631e-01	6.606316953906614e-01	4.373374735042296e-02	7.975398382024169e-01	6.265984133017715e-01 
26267	5.675221534556327e-01	5.797377304451163e-01	7.405500998992999e-01	7.173188274525700e-01	3.072840978980454e-01	2.141788474989268e-01 
26268	4.289769952255649e-01	6.407624381275367e-01	4.077066237422818e-01	7.311093032151967e-01	1.317178156381625e-01	4.643199820311930e-01 
26269	4.861132160761236e-01	7.588533900152638e-01	8.588603911166527e-01	5.684048208066761e-02	2.899150805595917e-01	4.758586092285050e-01 
26270	5.989781104981876e-01	8.277122551142770e-01	4.096925198582998e-01	3.350160923965437e-01	7.123356396667933e-01	2.226690444072643e-01 
26271	5.131962257313528e-01	5.181777370886567e-01	3.190635586385659e-02	5.113317387620889e-01	8.543939656157569e-01	2.882793192047390e-01 
26272	2.775810476619657e-01	6.797966768483390e-01	6.092657427954851e-01	5.912043626280502e-01	4.481443851288263e-01	4.060530004090027e-01 
26273	4.064785264456605e-01	4.571083262305526e-01	6.818299811274657e-01	3.189564929670945e-01	4.570697515681185e-01	8.106196281204505e-01 
26274	3.887324321469228e-01	4.588705655704601e-01	3.367572011495550e-01	3.584613482882509e-01	7.996340399365288e-01	5.882779642637025e-01 
26275	2.737935848028800e-01	9.072443949217097e-01	3.319174470106901e-01	7.838797090414049e-01	7.377797147551458e-01	1.328303452685360e-01 
26276	4.270597390340497e-01	3.652174241600616e-01	6.562951478273394e-01	4.194636865686628e-01	5.713106972173753e-01	7.428599208501527e-01 
26277	9.603481347225861e-01	2.551935284243954e-01	4.933804491410546e-01	2.628279391428415e-01	5.147001866463693e-01	9.107742064216318e-01 
26278	1.574901363548429e-01	9.185008952020772e-01	1.138712142115721e-01	6.662092495054742e-01	5.045081322907902e-01	5.755229830689996e-01 
26279	3.873830007900465e-01	5.696495514856654e-01	7.822076402000200e-01	1.028192937730485e-01	8.130249268720966e-01	5.539364880985866e-01 
26280	5.549427704852633e-01	3.391762127812188e-01	4.088716069859242e-01	1.066382197827794e-01	3.735946826285393e-01	4.386585657471253e-01 
26281	5.481423072051046e-01	5.915239139849449e-01	1.064585888551497e-01	1.544483262114995e-01	7.966469489599362e-01	4.504812020286039e-01 
26282	8.917575199305610e-01	7.238088629496670e-01	4.125019681454243e-01	1.946963383787979e-01	2.362818586284492e-01	4.543352283499594e-01 
26283	4.855549128506031e-01	7.830902558548973e-01	3.563427924560664e-02	6.862963454224347e-01	3.192013575620133e-01	4.571250143268942e-01 
26284	4.741138931698965e-01	1.502142806010150e-01	4.929099158285338e-01	3.712315872258183e-01	8.377089732437247e-01	6.286509481048970e-01 
26285	4.951286026628878e-01	5.004086310491853e-01	6.794528137367897e-01	1.610474155460985e-01	8.888440202266299e-01	4.773705240785602e-01 
26286	4.779371091753832e-01	6.297487138887202e-01	6.359715442409630e-02	7.012525022431346e-01	4.114140846544238e-01	9.930671525196533e-01 
26287	7.002266273408821e-01	6.377581986827062e-01	9.355676270406752e-01	1.574385753645225e-01	3.251981224400300e-01	5.359567500447657e-01 
26288	9.085986733282868e-01	6.860331212256661e-01	4.284681595745533e-01	7.449291206024483e-02	4.105894779412236e-01	3.110077219771969e-01 
26289	3.984796531976924e-01	1.974094318736521e-01	5.889143816388945e-01	4.804557462140865e-01	6.949320917038964e-01	7.361489210768817e-01 
26290	2.687748756182040e-02	9.073555231556708e-01	3.657953259903012e-01	6.212415127259767e-01	5.292323881196886e-01	2.724756716934573e-01 
26291	4.691738794959788e-01	7.370677444352971e-01	4.582955599343587e-01	5.159224751607656e-01	2.073543427798310e-01	4.424552750941112e-01 
26292	7.091810728486663e-01	9.907179788711137e-01	2.435502150245438e-01	9.292869230068945e-01	3.627502338957195e-02	1.895280165039230e-01 
26293	7.199787351137175e-01	5.890867034333290e-01	1.799828074338846e-01	2.540338196433259e-01	1.720445999012410e-01	6.044239114060896e-01 
26294	2.761069120388216e-01	7.699381870941417e-01	3.799448449752256e-01	4.605067488047020e-01	7.131660619755691e-01	5.857274446160483e-01 
26295	4.972377859338216e-01	6.732926450984408e-01	3.178469533288556e-01	4.107903669004843e-01	2.540282042187442e-01	6.355168169620132e-01 
26296	4.000986689517601e-01	8.559200513684292e-01	5.843732968639445e-01	2.779018202933017e-01	7.729410781739613e-01	4.111225200650855e-01 
26297	6.847887078613313e-01	8.071063931004135e-02	8.040128773584708e-01	2.650902999821770e-01	3.427346821267392e-01	8.015615854133689e-01 
26298	4.222332263716663e-01	2.175537127975549e-01	6.046288053682790e-01	6.333710053960174e-01	8.100512841323085e-01	1.542213202748589e-01 
26299	1.102655108827937e-01	5.667828523515703e-01	6.816177145384378e-01	2.436826672957539e-01	9.714577861424024e-01	2.061244147544709e-01 
26300	1.156241905596606e-02	5.634600590822892e-01	3.664200160395007e-01	3.756451033757567e-01	5.649588903485638e-01	5.859845874004495e-01 
26301	3.883458777097251e-01	3.733867052530377e-01	7.065831156689911e-01	8.906109663465634e-01	3.134236462311659e-01	1.240696633450422e-01 
26302	9.908666888319665e-01	2.038905869143078e-01	6.975189305654558e-01	5.753480604509519e-01	6.320783785836924e-01	1.430067084492309e-01 
26303	2.107032555221487e-01	2.440559856962631e-01	2.806844422395490e-01	9.076094695014123e-01	9.611353777093196e-01	3.043391017654743e-01 
26304	7.431373908708166e-02	6.436500202987590e-01	7.138015668647653e-01	1.919866630073915e-01	4.242726804961620e-01	7.457194999074969e-01 
26305	3.966133490800114e-01	7.653082925707509e-01	1.037067839483793e-01	2.267291771298485e-01	9.098080315809906e-01	1.916895689794905e-01 
26306	3.315441715823390e-01	7.495793990837601e-02	9.962828518887097e-01	8.836707565819391e-01	2.616168229860413e-01	8.051999299581822e-01 
26307	8.423792151845049e-01	6.622060845809201e-01	8.930961401301762e-01	3.911000978980472e-01	2.990827410913496e-01	1.518415786981865e-01 
26308	9.741623345982600e-01	3.375779862035586e-01	3.026931697357523e-01	8.724211284369422e-01	1.999392700729202e-01	5.652879518346823e-01 
26309	2.641310591491279e-01	5.451342297873374e-01	7.001140425029077e-01	4.622556513493992e-01	3.474463139508515e-01	4.617848821915169e-01 
26310	9.659286709822320e-01	7.814117588687814e-01	4.450197075300932e-01	2.907796630873563e-01	5.182253608931313e-01	2.934964338056546e-01 
26311	4.662097773551005e-01	9.270015078517624e-01	6.840571903165511e-01	1.346766099544367e-01	4.201973578412584e-01	1.698581814148680e-01 
26312	1.926383094057961e-01	2.520053408773110e-02	5.582258029669309e-01	5.455104937269684e-01	5.622152106089308e-01	4.463156360363334e-01 
26313	2.555278859051429e-01	5.601530469200952e-02	3.794282089571308e-01	7.624198643422389e-01	7.542057731491428e-01	4.208320085655963e-01 
26314	9.019799206586776e-01	5.615236513056034e-01	2.197807150746988e-01	5.908768203974090e-01	2.750658105216963e-02	8.916474812590417e-01 
26315	8.923838029002802e-01	3.304554140122050e-01	4.034399846154302e-02	6.743282801122745e-01	6.938665427120259e-01	4.453950879813839e-01 
26316	6.265245132099998e-01	8.069661113898577e-01	8.718152052227561e-01	1.712781122627721e-01	3.984852067647278e-01	3.840929302313673e-01 
26317	3.014580424142989e-01	1.717618073705753e-01	8.953452711045151e-01	9.789962434475892e-01	6.560011457325998e-02	5.004283831083945e-01 
26318	9.135139800005829e-01	4.705879843632842e-01	6.860577874768718e-01	1.061355276758974e-01	2.996084413109588e-01	7.025330118736339e-01 
26319	8.120998200450986e-01	1.529017226314590e-01	7.998179512597378e-01	2.030657502583182e-01	4.251922978052724e-01	2.864730754349202e-01 
26320	4.564975591273929e-01	2.507508523073559e-01	6.780632235144324e-01	7.140528822783463e-01	2.100014877584105e-01	7.585172245108970e-01 
26321	8.800108476512224e-01	2.041741853858168e-01	4.064787223978483e-01	4.717098056553857e-01	4.422173252949902e-01	5.638886853476528e-01 
26322	2.152014226912156e-01	3.984951598491608e-01	1.761619313859214e-02	4.334570944405701e-01	9.227001313719718e-01	8.979154059392546e-01 
26323	8.100877927433950e-02	7.162897250378967e-01	7.181293748111978e-02	6.589228924370008e-01	7.277727289779768e-01	4.413755756869834e-01 
26324	3.636188762327213e-01	7.847006120640387e-01	7.983483371418170e-01	1.094678832503707e-01	1.222027329238891e-01	5.655489799429279e-01 
26325	7.515010539518272e-01	6.011053442150516e-01	9.550154236585163e-01	6.554191377684655e-01	6.391776424194320e-01	5.686731057433486e-02 
26326	7.959888056244184e-01	2.021587352125555e-01	7.279252024786883e-01	5.636446276555326e-01	5.795191217316215e-01	3.460098402067451e-01 
26327	4.537437992906891e-01	8.315275169242298e-01	3.499552307019890e-01	2.606290226952879e-02	8.238329205118101e-01	7.136901672896072e-01 
26328	7.558186187258049e-01	6.219425085362991e-01	2.819739492730174e-01	8.750884480757439e-01	7.772385972787024e-01	1.546627442812054e-01 
26329	1.862732499102661e-01	5.485408833567729e-01	5.534868588279978e-01	1.689172556679020e-01	8.850630181801040e-01	2.058653801999625e-01 
26330	4.914575885442767e-01	1.956837423610238e-01	9.862589705264931e-01	2.216845309568264e-01	4.208577928515934e-01	3.312679289317038e-01 
26331	7.077986776016423e-01	6.251021529174882e-01	1.182711594110203e-01	9.508224112955938e-01	4.118834359815731e-01	3.089393767176696e-02 
26332	1.507286235778832e-01	8.426102902106052e-01	3.523327625383059e-01	7.676539678491791e-01	7.957594753711247e-01	1.797839392541671e-01 
26333	9.923009934801543e-01	3.494988166021962e-01	1.155798457237178e-01	9.817887493190758e-01	4.001921346231856e-01	1.432053792972929e-01 
26334	6.158207625098822e-02	9.778653474300955e-01	1.060536618117346e-01	5.993905100967264e-01	7.360898285126972e-01	4.083668959271307e-01 
26335	5.052456305557668e-02	8.552745091884162e-01	3.617267308055423e-01	5.838057926781980e-01	9.859157049764049e-01	1.253395667850560e-01 
26336	9.582154376519542e-02	7.164164103251597e-01	3.062665816333384e-01	6.261855457299516e-01	4.690382122410945e-01	8.598269780628198e-01 
26337	1.576984304773006e-01	8.667864625040798e-01	3.852753389899510e-01	5.821123655780200e-01	4.456843878977065e-01	9.971302723833154e-01 
26338	2.433724368068950e-01	8.170294319085747e-01	1.520178369320254e-01	8.075425240424241e-01	9.296656155121595e-01	7.965791285919346e-01 
26339	3.385178409125589e-02	2.785344457364711e-01	7.141275640816744e-01	4.500109175524838e-01	9.217175593420751e-01	8.893188709829327e-01 
26340	7.499066148998159e-01	5.518385185709441e-01	4.811193412284733e-01	5.365696387184878e-01	1.077597421557613e-02	4.949542313013274e-01 
26341	5.138311191280176e-02	7.299377603769138e-01	7.334422806732744e-01	4.360189917782387e-02	9.720318840340754e-01	5.941230044651995e-01 
26342	8.401869079261478e-01	1.613444517204405e-01	9.162234137683275e-01	4.926400225455019e-02	2.202318621875318e-01	5.111678351289343e-01 
26343	2.365055301168632e-01	8.232974840911379e-01	4.465157291016809e-01	5.061593417159249e-02	2.420766793894035e-01	3.468098871874378e-01 
26344	3.724730354320854e-01	5.874593566275254e-01	1.568578996795024e-01	4.201913523211703e-01	5.476238895104326e-01	8.392477705145374e-01 
26345	9.380645228885481e-01	3.217555731913557e-02	4.671795992527153e-01	1.275396716973071e-01	5.998391087317266e-01	5.630774379939473e-01 
26346	5.539809712468917e-01	4.437083878921753e-01	5.196919101278528e-01	8.355362278001024e-01	6.336938351017674e-01	1.532669823504552e-01 
26347	7.534092811071955e-01	4.760316894497836e-01	3.232669291742026e-01	1.362194215793457e-01	5.394162084991577e-02	5.435287306968996e-01 
26348	1.553380308824390e-01	5.648348074412282e-01	4.606776792529801e-01	2.712345298194543e-01	9.718824849470805e-01	6.005500897460717e-01 
26349	2.192800382047336e-01	7.015524784395226e-01	1.802102362460860e-01	7.825531192241182e-01	9.195221579096873e-01	3.174227067407729e-01 
26350	7.005031676715709e-01	6.324507180343597e-02	8.526495337909419e-01	1.845987480632852e-01	6.621221030684682e-01	7.504739971995694e-01 
26351	6.190924355659810e-01	2.993721270231234e-01	2.104745937268833e-01	9.056141438050362e-01	5.778487098169993e-01	9.426700352741556e-01 
26352	1.794585913161931e-01	2.364148176701374e-01	6.581368259533273e-01	5.536595227722731e-01	6.607873037374822e-01	5.238404590401573e-01 
26353	8.856162772027647e-01	1.379759872100575e-01	5.459122263295805e-01	1.372450667223821e-01	2.073424281114953e-01	6.222186419150779e-01 
26354	5.691732112790449e-01	7.457934635363810e-01	4.681157028279431e-02	4.131144985542665e-01	6.705744292668703e-01	5.376597079066654e-01 
26355	6.716112419402636e-01	7.214961478792864e-01	4.835570333848271e-01	2.694681629428214e-01	9.689696383914673e-01	1.395156009632207e-01 
26356	9.881964721118146e-01	8.339337078915454e-02	2.163540061316549e-01	7.159772885920961e-01	4.003030208247591e-01	7.192853399211032e-01 
26357	4.282208725730017e-01	4.162261501134687e-01	7.729686830256495e-01	9.475020352604708e-01	4.557498809148902e-02	4.989690790984109e-01 
26358	8.179167342970610e-01	9.287298096776043e-01	6.089353002618151e-01	4.175097047288328e-01	2.038447403603340e-01	1.287577688419585e-01 
26359	6.714787528338649e-01	4.419645023018798e-01	3.055871659492604e-01	7.667816592015210e-01	1.756359497983867e-02	4.986960904982851e-01 
26360	5.527458564272231e-02	8.142192718809050e-01	7.148758586612878e-01	1.687783961164203e-01	8.385503726224892e-01	8.264948172717848e-01 
26361	4.737624747164994e-01	8.028092456360123e-01	8.709972514702964e-01	2.132477474595070e-01	3.206489886375449e-01	5.955463535368295e-01 
26362	2.762633995061170e-01	2.988458616921455e-01	4.469362397037411e-01	6.380541362090415e-01	6.988389003114707e-01	5.650910449550215e-01 
26363	3.075934968383602e-01	9.735549019071621e-02	9.578245530991736e-01	7.770315393762859e-01	1.159969554906505e-01	8.562708978237521e-01 
26364	6.858235134041294e-01	2.305871440342505e-01	9.443243670872747e-01	5.248758299021694e-02	5.721501152935140e-01	7.533991902928705e-01 
26365	7.778927575617507e-01	4.020532536699891e-01	8.146612788331400e-01	6.713913079575079e-02	3.792405773292438e-01	4.631747979721058e-01 
26366	3.952683812943042e-01	3.763185841965502e-01	7.415857471608585e-01	8.541672947534550e-01	4.776533072282716e-01	5.124609804539126e-01 
26367	3.864094020845202e-01	3.966814590739172e-01	8.542470032096884e-01	3.882516711541898e-01	3.533048159908914e-01	5.318012594787965e-01 
26368	8.283432647683209e-02	1.827022328638984e-01	4.559952681499203e-01	8.522822229445500e-01	4.763793563035967e-04	9.716222468371338e-01 
26369	2.290697138455328e-01	2.629259624404034e-01	8.500198391371763e-01	4.258704312939645e-01	3.428773082712224e-01	6.698224540538888e-01 
26370	6.019251531837002e-01	6.082362301256703e-01	3.965108373191328e-01	1.803273149374492e-01	7.788665563465051e-01	4.722634964615391e-01 
26371	8.833832273295632e-01	4.451930808850710e-01	5.723659684087464e-01	6.103027071642720e-01	5.364390150701033e-01	1.616773218340619e-01 
26372	4.374245227218929e-01	7.347350140025002e-01	2.673971646212236e-02	9.159973879016056e-01	5.930402102557819e-01	4.050397561096301e-01 
26373	1.253131135755836e-01	2.134403493591570e-01	7.240609535565043e-01	4.315099925772209e-01	9.756345075868027e-01	4.218098709326170e-01 
26374	2.327181626039507e-01	8.440931297414533e-01	5.150353184331797e-01	3.789583997504709e-02	9.951525951977468e-01	5.425889230196789e-01 
26375	2.078910292811841e-01	1.910339271905113e-01	7.187121030831742e-01	5.920039232329062e-01	5.383884645146344e-01	3.584049422303359e-01 
26376	3.101433645967607e-01	7.900736507458191e-01	3.689885687879239e-01	3.917829587819563e-01	6.979628569997858e-01	8.048740379864202e-01 
26377	9.604090273573185e-02	8.532089018438317e-01	3.202140989292808e-01	5.047267881933856e-01	9.484165027476790e-01	1.236045918603779e-01 
26378	3.966861048917361e-01	1.604164829396066e-01	6.453062111153154e-01	4.317018951686383e-01	4.309699447652689e-01	5.148224277805987e-01 
26379	8.677510587553240e-01	5.066388906879429e-01	5.694501596567354e-01	7.805793813083923e-01	6.996178882051747e-01	1.418858472502319e-01 
26380	6.228218488445478e-01	1.591293764054161e-01	3.961549646886564e-01	5.619001882400230e-01	6.581322554606804e-01	6.166400638815326e-01 
26381	5.876822182241892e-01	2.832574758557659e-01	7.018429305550504e-01	5.502025860358507e-01	1.629732019885510e-01	7.140479155610751e-01 
26382	9.775825699863454e-01	5.262707834593636e-01	3.026780550513837e-01	3.622769365682083e-01	5.498137209052337e-01	2.508483108798920e-03 
26383	5.647442844376137e-01	6.533494835341973e-01	3.485127441090441e-02	8.969587839118375e-01	2.303747187426681e-01	3.511886409617975e-01 
26384	1.009330929647378e-01	9.915914660954308e-01	3.012256803700009e-01	2.817586431978050e-01	3.609884467698806e-01	7.542939777314794e-01 
26385	5.796340203076021e-01	2.177924827304959e-01	8.370894490055454e-01	7.359815146098780e-01	6.146633906557273e-01	4.235165961726590e-01 
26386	8.559033525382768e-01	1.192729314157137e-01	8.874062826692958e-01	3.216870272948955e-02	9.275138002166139e-01	5.744854892487194e-01 
26387	4.963400307862119e-01	9.361532470093955e-01	3.082183843388479e-01	4.106838985857858e-01	3.332597272044040e-01	1.322090691569997e-01 
26388	4.830215390511617e-01	8.925140977121065e-01	2.183871174485903e-01	4.228676827529467e-01	2.097861257639945e-01	4.450951073977759e-01 
26389	1.424790603312167e-01	8.364776643870273e-01	3.774967645890157e-01	9.271024711688688e-01	5.159071611082650e-01	2.673411523156258e-01 
26390	7.537881787396501e-01	1.341400320283473e-02	2.607304378137101e-01	5.504867359914809e-01	4.893640903571367e-01	4.934830851601865e-01 
26391	3.011237905132340e-01	2.747456228107958e-01	6.534778114922977e-01	9.698742323231199e-01	4.731357065702160e-01	3.246724964421561e-01 
26392	1.509429439428258e-01	2.394165043091303e-01	6.144195807138489e-01	2.995992142856450e-01	5.409594765802426e-01	8.707602167688002e-01 
26393	5.536676933377782e-01	7.012483916132755e-01	1.178060023092221e-01	9.960389979236479e-01	2.497473215124454e-01	8.007929041694453e-01 
26394	3.443017121941793e-01	6.636967072998810e-01	7.920150118533223e-01	4.322624769711706e-01	3.666813955895193e-02	1.111562411935204e-01 
26395	8.607900956580148e-01	1.364444809041313e-01	5.498169290197318e-01	5.662501327055940e-01	3.977818167092576e-01	6.630439166004340e-01 
26396	2.236517979177250e-01	3.819007956886528e-01	7.096043185733668e-01	9.112631208648528e-01	4.172196622652677e-01	6.309324218392997e-01 
26397	5.909645982130159e-01	1.477460394731823e-01	5.053361365112822e-01	7.774844870261098e-01	7.050457159874784e-01	6.456710841964041e-01 
26398	6.522854006971242e-01	1.022963601631638e-01	7.486441631113709e-01	9.545949188684455e-01	1.481838092718012e-01	4.007199114349109e-01 
26399	4.775354917723388e-01	3.941667095170014e-01	4.629819327566379e-01	3.759514387478140e-01	8.057705051444383e-01	9.127645366028921e-01 
26400	7.577852067531217e-01	5.283370495834323e-01	2.960077143432097e-01	8.785078180349523e-01	1.216021536677975e-01	4.143290971488035e-01 
