88401	6.687738575276100e-01	2.887320055814405e-01	3.180282537638331e-01	7.819920442229624e-01	6.421650804256183e-01	3.410874871651712e-01 
88402	4.049494638804686e-01	6.466617885373414e-01	5.583982890258519e-01	4.380935923374587e-01	9.099776008893289e-01	4.702653600205209e-02 
88403	3.805565513444893e-01	5.049155171880115e-01	7.170836646768856e-01	4.452228535433934e-01	7.051146796533750e-01	6.064666143212628e-01 
88404	5.058486630736676e-01	5.458434878467271e-01	6.804421286647960e-02	7.788469171044103e-01	1.879202258367593e-01	9.612436381190151e-01 
88405	5.792470225229955e-01	2.140020045784664e-01	9.503121240122975e-01	3.090917350076965e-01	6.853536304702053e-01	2.344831323597842e-01 
88406	3.370321112807825e-01	7.942677781908413e-01	9.730571714573524e-01	5.507601490500996e-02	5.829728777320714e-02	5.985043059553452e-01 
88407	7.632092292719901e-01	2.932719740655891e-01	8.057689095504861e-01	4.339820760492897e-01	6.127718679414772e-01	1.324385209840200e-01 
88408	6.777903167583327e-01	2.946683901892960e-01	4.570656254142097e-01	6.573507431657032e-01	7.411573639085511e-01	1.741134166017113e-01 
88409	8.889419148583623e-01	7.780137626901829e-01	4.265136795913316e-01	2.764666639047767e-01	3.604871589953365e-01	8.016228213794572e-01 
88410	7.449389865177075e-02	4.463959295249686e-01	5.688770917630253e-01	2.893127347222842e-01	8.373512371153216e-01	5.677546301252324e-01 
88411	6.797522972122875e-01	3.973099294748561e-02	2.682523209451795e-01	6.716374777046106e-01	1.833089261712968e-01	6.580736062562412e-01 
88412	4.059475535685225e-01	5.078843291836206e-01	7.301635426139343e-01	2.271258255096616e-01	5.894760491966994e-01	4.124079129679571e-01 
88413	9.379795659358368e-01	6.775244972405632e-01	1.928734668573684e-01	4.868378988481737e-01	4.464936571231474e-01	5.348019871197429e-01 
88414	5.246117214866952e-01	1.928209896669115e-01	6.936626941905164e-01	6.323216162539522e-01	8.608059636347184e-01	5.818032732013877e-01 
88415	8.106157879884087e-01	3.813960159271895e-02	6.976775845787366e-01	4.235607136807627e-01	4.461169227594107e-01	6.966002054232336e-01 
88416	7.310299684254078e-01	4.759251263092937e-01	2.648798013071296e-01	8.274626251892740e-01	5.069449687590266e-01	4.435771989744195e-01 
88417	8.361536642098633e-01	6.106041856318593e-01	2.077891484707134e-01	7.823419320008107e-01	1.570118296627443e-02	4.918794844673161e-01 
88418	1.249777245514746e-01	1.043927232595167e-01	8.076158087715400e-01	4.987952121250557e-01	7.044240181826540e-01	8.627848894551023e-01 
88419	4.139711306201267e-01	5.948628424360158e-02	8.972398756941181e-01	4.161950783966826e-01	2.794813435817522e-01	8.818142148058264e-01 
88420	7.626692279417414e-01	3.174549622994930e-01	6.164558352701650e-01	2.455352183318495e-01	7.519847188137050e-01	2.541291935206439e-01 
88421	2.284042016128505e-01	3.989374866509967e-01	6.294947905343121e-01	8.530685358984175e-01	1.252471418456413e-02	5.078755946964872e-01 
88422	2.832823786840660e-01	8.661142445470393e-01	2.136957816420521e-02	3.548354127161990e-01	8.708409423045365e-01	8.423567161494977e-01 
88423	5.095131990169850e-01	5.869996395208633e-01	6.001205738415391e-01	2.665302110348957e-01	8.623182847343056e-01	4.479847268921024e-01 
88424	3.042295685630181e-01	6.622203490168690e-01	7.425090476120177e-01	2.281003378153861e-01	1.356087177120734e-01	9.300619589748658e-01 
88425	1.552200406487544e-01	3.078622276699232e-01	5.748536858415532e-01	2.635546884541972e-01	9.456056352281974e-01	6.042410499428562e-01 
88426	6.640094968907790e-01	2.675868483411092e-01	3.420904407063158e-01	9.012454679071242e-01	4.534090903115684e-03	6.611389059699095e-01 
88427	4.718149051302916e-01	9.561485438662735e-01	4.861070962036680e-01	4.487664307589984e-02	7.969525033020298e-01	1.087089352879025e-01 
88428	2.235754158595497e-01	2.462252053917295e-01	4.312598117472854e-01	4.854389178467410e-01	6.273800712935826e-01	9.420598486293985e-01 
88429	2.570780073998112e-01	4.688499319687410e-01	7.660752812998939e-01	6.503356420459782e-01	4.209802813705685e-01	3.255068761580384e-01 
88430	6.826531466916288e-01	1.870901380152118e-01	9.245241810739863e-01	1.261426227969561e-01	4.999668690473585e-01	3.623195623684288e-01 
88431	6.580950063687122e-01	6.212307685754144e-01	4.656910511796982e-01	5.340766109056789e-01	5.957348580345094e-01	3.823599177643198e-01 
88432	7.293980000580178e-01	3.709454354770882e-01	4.969321643784661e-01	1.631808347155438e-01	3.393444889278742e-01	7.479602024908301e-01 
88433	7.175481651784588e-01	6.122612359873776e-01	6.313244259546028e-01	3.267056031009811e-01	9.196755953792267e-01	5.051652659491690e-02 
88434	6.274988467149702e-01	5.240007463768122e-01	8.844569930994151e-02	3.757129724075919e-01	4.668964089564773e-01	1.302788159739312e-01 
88435	5.128813422894469e-01	5.030017041638012e-01	2.287984040298159e-01	5.270126179098644e-01	6.378853453592396e-01	7.922478461925033e-01 
88436	2.139156765707551e-01	4.202751396027652e-01	7.031786318798767e-01	1.477303366955668e-01	7.910627055287989e-01	4.723296186123223e-01 
88437	2.615558103379214e-01	2.463328967027722e-01	7.456440631652050e-01	6.559944127638767e-01	7.928251854946027e-01	3.346638945516637e-01 
88438	9.835575064301567e-01	4.919005084250022e-01	3.853929081065721e-01	2.710707537590047e-01	9.034880624813517e-01	9.125425653077490e-02 
88439	5.530200188919624e-01	6.892020890373477e-01	4.416279840104778e-01	4.611031677471675e-01	7.766447748143466e-01	8.336762275289694e-02 
88440	6.259468419026375e-01	2.877225029267173e-01	9.033507426565994e-01	4.724864611511950e-01	1.982337586304243e-01	8.969585321876632e-01 
88441	4.903814845165978e-01	2.981807804372767e-01	6.165193212437926e-01	3.899222290887788e-01	4.140343213845046e-01	4.109389387586720e-01 
88442	6.827639472510403e-01	7.939440151173832e-01	2.144944464807444e-01	6.632165133382285e-01	6.425598233257599e-01	2.337427904539113e-01 
88443	6.286053418385373e-01	5.006068829962534e-01	6.200561464156409e-01	2.899885616243603e-01	7.697959672267671e-01	3.897861020470804e-01 
88444	7.492687099131936e-01	5.437849564099739e-01	2.874159939105587e-01	2.043396246067575e-01	9.075663746562519e-01	1.863764060364552e-01 
88445	4.302903553182738e-01	4.045264091663814e-01	6.982516319104515e-03	6.538372627101645e-01	5.985140578969734e-01	6.669675188753056e-01 
88446	3.912509334227257e-01	6.251574336776408e-01	2.710531760369664e-01	7.924704638771235e-01	2.306439133290208e-01	8.013925347299315e-01 
88447	3.829043526805673e-01	9.134380546569797e-01	1.402932024071565e-01	6.636022085974658e-01	4.851333247678888e-01	6.488598227241610e-01 
88448	5.241504344638308e-01	4.426559630063857e-01	1.986161807267456e-01	9.627707703487334e-01	3.691290375228751e-01	4.726832389614579e-01 
88449	3.680687997549364e-01	3.777981385565939e-01	3.892997190143671e-01	7.671910967248573e-01	3.032735422793084e-01	5.648492910594810e-01 
88450	4.911016276102395e-01	5.978406404099688e-01	5.433077152178287e-01	5.105176840971386e-01	4.394794816650949e-03	8.765824010843776e-01 
88451	2.502277435706629e-01	6.114545140841567e-01	1.374723641392699e-01	3.962351453278099e-01	5.981920335599329e-01	9.796093378954382e-01 
88452	9.087330199544741e-01	5.272047167441817e-01	3.739501500317353e-01	3.920614190270967e-01	1.266385866523526e-01	3.457642410851259e-01 
88453	5.658618924372438e-01	3.266282623469160e-01	1.524187372801483e-02	8.315402540229165e-01	4.608856621780925e-01	1.934278791792393e-01 
88454	9.203677222410362e-01	5.837772443345709e-01	5.048428545645164e-01	7.748356463736872e-01	1.269197734317288e-01	1.733001439724919e-01 
88455	4.264448668889032e-01	9.693829944476726e-01	4.529748081351195e-01	5.559945391184653e-01	3.873993924189023e-01	2.764505566565807e-01 
88456	9.812873928914292e-01	3.277523560494348e-01	2.337660060205943e-01	6.651486478565096e-01	6.882990085849219e-01	2.090705900468869e-01 
88457	6.298571389050802e-01	4.615939913103608e-01	5.245304424383119e-01	5.393806719239760e-01	7.204443277183181e-01	2.952425190500715e-01 
88458	9.217852127660227e-01	5.842365275767097e-01	5.204379414716253e-01	7.896260716164465e-01	4.868310615048482e-02	1.984085297737050e-01 
88459	1.444008060439046e-01	4.670046500749977e-01	8.900326623939325e-01	6.500060888938810e-01	7.380937584084237e-01	3.857206918355375e-01 
88460	4.191526053064398e-02	9.815256414363639e-01	4.406117017656034e-01	4.065193553239075e-01	4.974040277031542e-01	3.634789546757905e-01 
88461	6.579800664592764e-01	1.292257649386008e-01	7.694440100550659e-01	3.914861484709907e-01	4.651712052662269e-01	6.540159010541203e-01 
88462	9.457760738151160e-01	2.858522910899178e-01	7.281384253381668e-01	4.739292532967232e-03	2.279163309930751e-01	7.687569425362349e-01 
88463	6.157248501054999e-01	2.168547396808442e-01	6.603884106205360e-01	8.389645146653029e-01	7.766124128909220e-01	4.948878324773515e-02 
88464	9.072136538176935e-01	2.553749460228955e-02	5.227362195732099e-01	1.054417062966395e-02	7.666226416093773e-01	3.602886758304086e-01 
88465	8.784007824792015e-01	3.632763608717368e-01	3.564408616854089e-01	2.500476706855651e-01	6.312286765684738e-01	6.251329894258508e-01 
88466	1.845989761210297e-01	8.345231869153057e-01	3.408423074481972e-01	8.002326037249632e-01	4.521629954032852e-02	6.709336147960682e-01 
88467	4.586439861687543e-01	1.719638731745030e-01	1.142143368543272e-01	9.282128163508386e-01	5.950516358904553e-01	4.844458307991345e-01 
88468	3.353452244474924e-01	8.520700036629607e-01	7.581260936267076e-02	5.811963013697656e-01	6.871252457131911e-01	2.025479265933159e-01 
88469	3.780531764974956e-01	5.460415341959504e-01	9.918889635411882e-01	3.552638419409393e-02	9.624432585437575e-01	6.107652105449524e-02 
88470	4.889636894979011e-01	9.184194667941807e-01	2.607103306552611e-01	9.187021211296117e-01	1.132163904402009e-01	6.609418775846998e-01 
88471	5.495001889928506e-01	7.361000571604008e-01	7.805502454653714e-01	4.560109507522898e-01	5.935451080706947e-01	4.352091722009125e-01 
88472	8.880842355099452e-01	4.231211914951234e-01	7.567315776892729e-01	3.088566962460164e-01	2.166770626925211e-01	2.760578533177486e-01 
88473	1.198772273399753e-01	3.803145128829398e-01	5.806699906239570e-01	1.422626407969615e-01	6.707162140831358e-01	7.710365480265899e-01 
88474	3.167729263068360e-01	5.244097053263927e-01	9.818148585070191e-02	3.035735020923324e-01	3.518262088046349e-01	9.161129714413637e-01 
88475	5.165807032685837e-01	9.451083414157307e-01	4.397286959209441e-01	1.690581318831293e-01	4.113848713181164e-01	3.341933119243334e-01 
88476	6.753239661854683e-01	9.864050367333888e-01	4.319147328211852e-01	6.159127169824591e-01	6.504642249616696e-01	1.444386589507684e-01 
88477	5.755448243329893e-01	3.725827921957138e-01	3.700837275853929e-01	5.101620019886375e-01	9.338364595914331e-01	1.079996309926403e-01 
88478	9.022790403290033e-01	1.717513253079141e-01	4.067335158753245e-01	5.202646306535663e-01	5.529998651941046e-01	3.125553322994141e-01 
88479	6.504643138782068e-01	2.490032788813850e-01	1.618394488599894e-01	5.938248766859805e-01	5.535505082636666e-01	8.960617291379556e-01 
88480	2.857336084292978e-01	7.568056396434841e-01	5.440252676804348e-01	1.684521693517780e-01	8.279700117548349e-01	3.016905852717627e-01 
88481	3.713798653084942e-01	8.812674341845106e-01	1.769063804086268e-01	6.510374320615457e-01	9.330783355256178e-02	7.695766064776026e-01 
88482	5.847233732166901e-01	2.819487503555667e-01	4.192013691930825e-01	6.729523246488367e-01	1.460705516073725e-01	5.596572231530234e-01 
88483	5.690870988745613e-01	4.970946817582219e-01	8.938989884427578e-02	9.622060935609913e-01	3.133173116525935e-01	4.734319270580052e-01 
88484	6.363239522438136e-01	2.763588079536766e-01	5.708630557388548e-01	6.035252154470314e-01	7.134049886291620e-01	5.636922049513010e-02 
88485	7.493682046745553e-01	1.981969243596852e-01	8.504279823784131e-01	2.475488166071785e-01	3.317395495787951e-01	6.379208623798900e-01 
88486	8.823511597003403e-01	2.325122604022936e-01	3.481433578652876e-01	5.270733636271445e-01	3.008092448919604e-01	9.055475778127066e-01 
88487	4.485492636876319e-01	7.719605930407345e-01	2.722205080912553e-01	6.369134118236643e-01	5.807163596450172e-01	4.535353846353068e-01 
88488	6.025803122582722e-01	4.164909571685780e-01	7.323105473264163e-01	2.700924777930598e-01	2.407942642807323e-01	8.520711112761423e-01 
88489	3.999827168903459e-01	8.954372147441769e-01	3.203758554635339e-03	5.407142971453276e-01	3.085164183744372e-01	9.920073488471997e-01 
88490	7.916376350226846e-01	1.993462115325998e-01	6.019617056722621e-01	3.814620142497203e-01	4.209872233485641e-01	6.029193309801377e-01 
88491	4.396473474654428e-01	6.513210300911911e-01	3.453263312285487e-01	8.693830218909138e-01	1.015027225483697e-01	5.601816282759386e-01 
88492	5.062567654609378e-01	1.816977690273496e-01	4.855189136087211e-01	7.877220846414683e-01	2.764696385922086e-01	5.661898610052140e-01 
88493	1.148542762106338e-01	4.341806978864866e-01	7.216196609350674e-01	4.445617437796267e-01	5.104886042849003e-01	6.813183027248418e-01 
88494	6.325892497226496e-01	2.704486107444948e-03	7.334823110996811e-01	2.632365672154886e-01	6.586068043393888e-01	3.828867479164361e-01 
88495	3.978367616119938e-01	6.640097188375391e-01	5.021410742553447e-01	8.375083208790488e-01	5.526517283930862e-01	9.700275258260593e-02 
88496	3.893234879580662e-01	1.886529841212373e-01	1.218180209417756e-01	6.322343975277254e-01	8.121434451490190e-01	6.229888055762831e-01 
88497	8.256970261753387e-01	2.874743019131321e-01	6.454361763076349e-01	4.469221525635132e-01	4.137045883508452e-01	1.903792802355115e-01 
88498	6.010966689203707e-01	2.344552632380908e-01	3.127540058935596e-01	6.517784883472939e-01	3.294072413835691e-01	6.569506976150212e-01 
88499	6.389330891499017e-01	9.254092806269399e-01	6.573565515670636e-01	3.921327367404486e-01	2.611436200518465e-01	1.194662212127349e-01 
88500	6.378800785325646e-01	6.033708817709608e-01	2.292124556276365e-02	7.783925955636435e-01	3.559467869342395e-01	9.424636811206163e-01 
88501	7.015740513509799e-02	9.228143947260394e-01	1.213674327141042e-01	8.827502751229176e-01	5.389286735153151e-01	5.504511070436945e-01 
88502	8.336049796373970e-01	2.262778980957759e-01	6.647979041579279e-01	4.602457285503260e-01	1.829751283884023e-01	7.448871462388560e-01 
88503	6.823546646351546e-01	2.636908866219201e-03	6.491370588869629e-01	3.624916265961112e-02	2.135051412955644e-01	9.498964651207726e-01 
88504	4.878792550310267e-01	4.266561818386541e-01	4.109816874316654e-01	9.899949383846328e-01	5.377667511534669e-01	4.771035357496407e-01 
88505	4.349347349972975e-01	3.793941267477808e-01	5.379543915221099e-01	5.608474908275924e-01	3.778898877794238e-01	9.811236282538914e-01 
88506	7.029961019387068e-01	3.492955413861349e-01	2.664958368321698e-01	6.040351126639261e-01	1.523095181906186e-01	4.475544267034390e-01 
88507	2.557180294972220e-01	4.085811450178272e-01	5.160330197010532e-01	7.505925404291252e-01	3.101169506691936e-01	2.582163254498397e-01 
88508	2.181138714473845e-01	7.483754200213750e-01	1.477790656230352e-01	3.051335743877440e-01	9.173155226880362e-01	4.469252179668224e-01 
88509	2.800255794650667e-01	2.071283594458517e-02	8.082317763653171e-01	8.905215309863284e-01	4.285590331379685e-01	6.145284329470558e-01 
88510	1.765719512440376e-01	4.334547268077034e-01	4.231118147283347e-01	8.175939152435733e-01	4.016536787774289e-01	5.387271665516725e-01 
88511	6.647533274617053e-01	1.829863137574613e-01	3.138133655896629e-01	9.328950087690543e-01	8.156789045044713e-01	5.026434315048663e-01 
88512	2.384834926501900e-02	8.112599622111502e-01	1.921143587236526e-01	3.835915000514145e-01	6.868179518282874e-01	5.553071594180646e-01 
88513	9.358449968457799e-02	5.791998100346820e-01	9.019080177363421e-01	2.423925793636793e-01	6.622152836711593e-01	8.919563405493970e-01 
88514	3.616517204542548e-01	8.241181912468064e-01	1.279513387652423e-01	4.381547586911523e-01	8.351259619457500e-01	3.073645885365383e-01 
88515	4.109656797095279e-01	3.895319224743723e-01	2.213772434413336e-01	4.192809928078834e-01	5.201927174770382e-01	6.231911040325963e-01 
88516	4.271499274826556e-01	9.597575753376522e-01	6.202826781655701e-02	5.812040289004250e-01	4.189518517465697e-01	5.914679324278386e-01 
88517	3.342902647367085e-01	7.852420015474323e-01	1.740452669406801e-01	5.430133382181690e-01	4.424651466117095e-01	9.982855508005625e-01 
88518	3.147205958469934e-01	2.907626375735904e-01	7.206713554019570e-01	5.883799766562148e-02	8.498936529370771e-01	6.816835532014517e-01 
88519	6.322957622449227e-02	7.356179234781965e-01	6.282525721210412e-01	6.450893330424732e-01	7.362550765780936e-01	7.842282637139804e-01 
88520	8.853398179319810e-01	1.834458561446977e-01	8.254321615575343e-01	2.730060565599206e-01	4.021449505936198e-01	7.261092427550324e-01 
88521	4.235524212726417e-01	7.510053762763756e-01	4.220783626299067e-01	7.183366072069959e-01	3.644532909026876e-01	2.962897014924493e-01 
88522	7.880253666299337e-01	3.067936114645439e-01	4.589557202064377e-01	1.995938566717460e-01	8.019288840194658e-01	3.737898626910600e-01 
88523	1.382084678841464e-01	7.781523537426889e-01	7.990578543337091e-01	6.651789876141149e-01	1.036834069499828e-01	7.367958243626512e-01 
88524	3.512820036565470e-01	5.974679443059604e-01	5.357480973635902e-01	8.553204320723796e-01	4.774461759308793e-01	1.841904542587106e-01 
88525	8.704609086017070e-01	1.637938357463952e-01	5.419217646320887e-01	1.375260550443355e-01	8.442612997692389e-01	4.170403725248734e-01 
88526	2.176154927629830e-01	2.399254571927034e-01	5.523579595471733e-01	3.849826254913646e-01	6.833420229584706e-01	3.712062135374347e-01 
88527	8.644560801854984e-02	5.372041247068680e-01	7.311624897584570e-01	8.580483311405682e-01	5.398714223877160e-01	2.806810201008683e-01 
88528	9.125340451546704e-01	4.382045816208855e-01	8.306219518752475e-01	8.401169172154904e-02	7.374639302353803e-01	4.250143282116833e-01 
88529	9.991955610147778e-01	3.470502688655333e-01	4.388879257200565e-01	7.077477418925739e-01	5.072052809835809e-02	3.336004766869398e-01 
88530	1.574559990636560e-01	4.952360283605421e-01	5.728889844006514e-01	6.378542917420810e-01	6.693337270419933e-01	5.273302094622623e-01 
88531	9.922741801536572e-02	8.118723962882564e-01	5.761704890039163e-01	2.801795455544103e-01	6.144821963305059e-01	4.654207325770335e-01 
88532	4.438276559507653e-01	5.981503687414289e-01	5.446464800492533e-01	4.934997415660276e-01	5.416517466193898e-01	5.292861366745354e-01 
88533	1.331219329132970e-01	9.964494868895568e-02	5.651729048474241e-01	8.013355910982286e-01	2.877389305950686e-01	8.182868128298924e-01 
88534	4.505149420491770e-01	1.719925686464908e-01	5.427910074404034e-01	2.311797315701142e-01	5.487844036006893e-01	7.216777651921538e-01 
88535	3.703921322587269e-01	8.257476963573365e-01	1.192639813299026e-01	8.032722978794030e-01	1.368083766386757e-01	6.677213070071117e-01 
88536	9.395082867303861e-01	1.079840609566473e-01	4.435213141696498e-01	8.620277487730161e-01	3.566376917869648e-01	2.098715690208820e-01 
88537	6.114587540514674e-01	4.450933880220675e-01	4.160644235259288e-01	4.423447364727026e-01	2.595063563155048e-01	9.828731306665424e-01 
88538	5.927395142436764e-01	6.798668886692424e-01	3.492911148882152e-01	8.593054536280378e-01	2.345065925204424e-01	1.858717178006536e-01 
88539	7.387869238263434e-01	4.198416379667163e-01	7.979631256612262e-01	7.689246821762130e-02	8.697347207843152e-01	1.074535858379694e-01 
88540	6.132791446698661e-01	5.513891926202370e-01	2.504505910920951e-01	2.281272175215223e-01	4.165253830854185e-01	6.594000244974331e-01 
88541	4.860706859264536e-01	6.419928653964507e-02	7.019674056980183e-01	8.127352619257773e-01	8.417478049719735e-01	5.117573214652174e-01 
88542	9.429989481140311e-02	1.744969860793568e-01	5.409946767454730e-01	9.890754447372633e-01	4.315666574090258e-01	6.519568616294439e-01 
88543	5.924095235072410e-01	8.296569884717904e-01	4.320864036207791e-01	1.388793646200036e-01	5.189762523058918e-01	8.310793205665693e-01 
88544	4.508647206584594e-01	4.381964228110147e-01	7.981577220276239e-01	7.299047588575657e-01	9.360780294563437e-02	5.920589574173565e-01 
88545	6.950301263416614e-01	6.996852603962547e-01	2.841468180647471e-01	3.516457760134319e-01	4.362115311797898e-01	1.394579759298238e-01 
88546	2.377284722737110e-01	3.832933258726823e-01	7.492211479908397e-01	5.244295462158495e-01	4.268894386354832e-01	5.374004611474056e-01 
88547	3.365563045094646e-01	9.852007018910243e-01	1.831908292211570e-02	4.681698777662073e-01	7.147828732597348e-01	5.403504961787133e-01 
88548	6.679054717974963e-01	2.835351405763998e-01	3.238702490702076e-01	1.857705098561560e-01	5.680460021191661e-01	9.102862284341857e-01 
88549	3.772126034199209e-01	9.306114291344122e-01	8.296884532791737e-02	6.004098228465059e-01	2.208991779868152e-01	5.247112670843694e-01 
88550	5.705620012388911e-01	6.410159355754307e-01	9.265823774803111e-02	6.090862584558313e-01	4.368634767434652e-01	4.077316057098898e-01 
88551	6.606243196069135e-01	2.181061652244560e-01	6.264447662426329e-01	2.577814377606311e-01	8.605992671985512e-01	3.613072525666060e-01 
88552	4.869245914999253e-01	7.227248411134067e-01	8.938334972749873e-01	3.623367456275400e-02	3.132973974040409e-01	6.887117085712147e-01 
88553	1.597328474290364e-01	3.185805977191370e-01	7.584983641790816e-01	3.741225159759984e-01	6.197771744492021e-01	8.362616105903962e-01 
88554	2.190163675164515e-01	1.703053634928278e-01	9.304716305414118e-01	5.083276810549922e-01	3.533689213263861e-01	8.700771412026784e-01 
88555	9.214455040270744e-01	7.479161772463145e-01	5.655169883952145e-01	1.518182106155083e-01	6.668690691357465e-01	2.232969587473768e-01 
88556	7.855822860253547e-01	8.769723915821399e-01	1.400165690384592e-03	3.291625990308369e-01	7.854779944568552e-01	2.940837327243044e-01 
88557	6.033505450515466e-01	3.367339052947640e-01	9.152099689957339e-01	2.522510787457697e-01	6.697974970559932e-01	2.111987121859249e-02 
88558	5.751817592044284e-01	4.710050485104994e-02	1.819773828236206e-01	7.005680183174144e-01	4.563866015746608e-01	6.613132251692569e-01 
88559	6.669126683813869e-01	2.426003490425616e-02	3.023839509868445e-01	8.592797195477554e-01	1.060600161197214e-01	8.193111104219698e-01 
88560	3.401222841049795e-01	5.094921667846133e-01	2.033571019746522e-01	8.285567745514746e-01	1.983645682961113e-01	6.564527539786971e-01 
88561	9.957074454301724e-01	5.589459666854579e-01	5.174353776003933e-01	1.490492789939556e-01	4.237888795578211e-01	6.925214514032961e-01 
88562	8.026469853125255e-01	1.546636725418596e-01	4.845040169635225e-01	7.015054626286376e-01	2.382183961978763e-01	6.977719347905453e-01 
88563	7.921318931444112e-01	4.014971129687693e-01	3.978473943947380e-01	7.284083227322606e-01	3.429043980798682e-01	6.821126727097719e-01 
88564	5.603350255046842e-01	3.308094429288703e-01	8.234166508985857e-01	1.879717636191108e-02	9.181235936568112e-01	1.193973266853748e-01 
88565	7.636260147653635e-01	9.595091309961865e-01	4.785505022883509e-01	3.026979024436272e-01	2.786551508455081e-01	3.886117760766827e-01 
88566	5.004567638207215e-01	5.296187348194262e-01	5.511754175665160e-01	5.351322592352978e-01	4.887765720548476e-01	4.438288122749807e-01 
88567	8.612393257242008e-01	9.880058718589901e-01	3.359508326896727e-01	1.283790025075531e-01	4.900342309357613e-01	4.514424813879833e-01 
88568	5.868875305873651e-01	8.368319211108302e-01	2.127210374982694e-01	6.385930369686031e-01	6.629244401789341e-02	5.305688108858883e-01 
88569	1.250861038846185e-02	3.258017067539810e-01	8.940666400763184e-01	3.666554798729114e-01	5.795041811671806e-01	6.834298610137128e-01 
88570	1.094099091887230e-01	6.473021417355629e-01	4.264836378255445e-01	5.440604851636344e-01	8.240480934773834e-01	2.319210938824154e-01 
88571	3.674791803012706e-01	6.002141152144107e-01	6.983251170330508e-01	1.241828572094268e-01	7.755610909164330e-01	7.101475192808295e-01 
88572	8.401684548362773e-01	7.040057380880481e-01	3.038625580041750e-01	6.848255431130864e-01	7.071130105792798e-01	5.566044510272616e-02 
88573	5.853404393156079e-01	5.806877359875472e-01	6.452498241014800e-01	4.121164871299347e-01	5.616667980962721e-01	4.782044331499649e-01 
88574	5.012670620549414e-02	7.720546549652196e-01	6.621394487090922e-01	5.933695950935250e-01	6.756584965441098e-01	1.820109695838270e-01 
88575	6.264653771832889e-01	4.416811818569345e-01	1.819988572014585e-01	3.843800747584843e-01	8.998299798271767e-01	4.485476999133090e-01 
88576	5.141783207049455e-01	8.905427809016991e-01	5.449933440847357e-01	5.824772346939192e-01	2.640270249536453e-02	3.489850202140874e-01 
88577	7.114276803982855e-01	2.521875720117159e-01	4.427190823216267e-01	2.948386670546238e-01	5.787460124825269e-01	4.498230914227950e-01 
88578	9.695693337995809e-02	3.859043250415482e-01	5.361597957229837e-01	3.267893114324633e-01	6.548550255177843e-01	9.044217578645861e-01 
88579	5.733238521928574e-01	3.038883804402082e-02	6.582120547088741e-01	4.198346594971130e-01	1.366166928693459e-01	7.086485584196611e-01 
88580	1.652709519821839e-01	4.364508078950083e-01	7.867343107799969e-01	7.715139773120906e-01	6.334738508439220e-01	3.728549783628347e-01 
88581	4.639371603557259e-01	9.373714266734826e-01	2.311004033697109e-01	4.068577196857392e-01	5.394121929693294e-01	4.557295427813151e-01 
88582	2.652658842951470e-01	3.664806936401389e-01	7.088887221109014e-01	2.178945720569817e-01	6.016374297994476e-01	7.996978637202259e-01 
88583	3.644814984169868e-01	6.439811148924265e-01	7.861196712639237e-01	2.252249440771755e-01	2.685032737213114e-01	8.884859464767569e-01 
88584	7.806409718362411e-01	5.517738257992751e-01	3.993955412938943e-01	6.114441647150718e-01	4.381804204020850e-01	1.427827882850969e-01 
88585	4.020118642659752e-01	8.592579330570418e-01	1.967174267135530e-01	5.494276631154067e-01	5.094558305546948e-01	6.598227751774677e-01 
88586	1.286606966187403e-01	6.849591367467274e-01	5.564950572985663e-01	8.238056666852193e-01	5.385506722767136e-01	3.894380770482556e-01 
88587	9.153536515381837e-01	5.465491822370550e-03	2.850350544072585e-01	7.059483251857852e-01	5.610937174123027e-01	3.037427482848006e-01 
88588	9.499172480336915e-01	4.290710921356016e-01	7.154184842065834e-01	6.438553091807075e-01	6.593332083282445e-01	9.020144528204482e-02 
88589	4.097840411898228e-01	4.860804755950054e-01	3.132389159296895e-01	5.288771763106495e-01	7.466503440557436e-01	5.434550180668828e-01 
88590	3.230007204988290e-01	1.925149743349351e-01	3.963092551807684e-01	9.008720013819498e-01	1.248380501321715e-01	9.620686062561181e-01 
88591	4.525835615231830e-01	3.811223143370892e-01	3.244982262048633e-01	1.734282595188105e-01	8.789326599929991e-01	6.788431337159827e-01 
88592	3.560459024308121e-01	8.377103951804067e-01	3.099078303849025e-01	5.933504105262162e-01	6.119386227029954e-01	1.780317745672887e-01 
88593	5.385893847556591e-01	6.442508672278117e-01	1.391730061585388e-01	9.924507156149238e-01	5.815072918926565e-01	4.626709112519417e-02 
88594	5.208539775366169e-01	1.374916981706276e-03	7.255717530455296e-01	6.280922044568487e-01	2.794380603469078e-01	5.779011399228454e-01 
88595	3.226411373909210e-01	5.428038576128370e-01	5.414192042898691e-01	7.196812208902644e-01	3.009426121599895e-02	4.948604184749097e-01 
88596	1.647421857211083e-01	3.111207099993318e-01	4.157962021782861e-01	3.566396223389782e-01	8.820273577328622e-01	8.868585900251846e-01 
88597	6.135011840761455e-01	5.698887518572351e-01	3.379772654427707e-01	3.190249228966801e-01	3.727145649797352e-01	7.125351943431133e-01 
88598	5.802219541043057e-01	3.449789179699690e-01	8.192761339474878e-01	4.984939891711666e-01	4.909392208934548e-01	2.603334383333978e-01 
88599	7.372827421958192e-01	4.703104978786394e-01	3.464979830166273e-01	1.146529750947733e-01	6.320953141211620e-01	6.961758635683880e-01 
88600	7.141727599443822e-01	1.839659681774539e-01	6.764824029373702e-01	6.666877873600239e-01	5.509662510145336e-01	4.188902956134302e-01 
