61801	3.081679113220578e-01	4.576440669237055e-01	5.986672886899578e-01	6.618082627562114e-01	1.764141231085453e-01	7.627694349055514e-01 
61802	5.389521147697126e-01	3.295565421147528e-01	5.445864564882547e-01	5.345380216131300e-01	6.079988346221491e-01	3.256482271673478e-01 
61803	6.438074113999959e-02	1.695844294494746e-01	3.007209802518325e-01	3.271634556513905e-01	9.743221477007021e-01	6.308975925982319e-01 
61804	7.017323550167176e-01	2.765784119883876e-01	6.937477249472180e-01	3.992096660960667e-01	8.201896807049442e-01	3.241591721826286e-01 
61805	7.305061518430871e-01	3.889771804427707e-01	3.366511240180681e-01	6.883784574907157e-01	3.638861138399097e-02	4.124173683225851e-01 
61806	3.321668470061036e-01	8.121793924439564e-01	4.257544418614088e-01	2.001184069551665e-01	7.952243572358160e-01	8.750865083910691e-01 
61807	4.683429001089352e-01	8.381933225648169e-01	6.697325141568251e-01	4.570003457489310e-01	5.581786887298550e-01	5.814442523242869e-01 
61808	1.902349407492295e-01	8.893597972322265e-01	8.455370215905096e-01	4.037393728602067e-01	3.266166866121676e-01	6.947516630121211e-01 
61809	5.518630236573505e-01	4.692612640718029e-01	6.728450573290683e-01	4.197187833865577e-01	4.374902154144400e-01	8.723591942592255e-01 
61810	5.048315008922514e-01	4.227273567055351e-01	3.062320105627971e-01	6.905567754802857e-01	8.376091629753013e-01	3.869968271853536e-01 
61811	5.236042663427921e-01	8.343848697278019e-01	5.066961782039309e-01	2.663780716304662e-01	8.518454867101583e-02	5.574928118651699e-01 
61812	8.774391547966879e-01	1.307819351453073e-01	5.860177828365580e-01	5.893449500163995e-01	4.187869461847352e-01	4.641412164314862e-01 
61813	5.047389187200367e-01	4.070328850086059e-01	3.551173482314873e-03	8.033633192679583e-01	8.251741168321224e-01	5.422136976644855e-01 
61814	9.017412463665961e-01	5.465386252639600e-01	8.329186366249663e-01	1.686685507434788e-02	4.201278366256326e-01	6.268209381195604e-01 
61815	4.488860785849401e-01	9.999676834802792e-01	6.349270439820777e-01	2.729185092612028e-01	4.830292889159368e-01	1.633364603678705e-02 
61816	7.674445796386606e-01	3.505650365710687e-01	6.355920995363770e-01	5.060195422602445e-01	7.892405357178367e-01	4.106634304276124e-01 
61817	1.060354630061584e-01	7.923873161899282e-01	2.250953465273863e-01	8.342311794891109e-01	3.592374547866453e-01	9.362475494958414e-01 
61818	4.274337797062707e-01	5.734473126765877e-01	2.575194826766531e-01	6.854505224859413e-01	7.817636824248625e-02	2.919954489811994e-01 
61819	7.393860155966521e-01	5.207875638814170e-01	6.101335479576020e-02	7.169548608464008e-01	5.337523955300381e-01	5.967419993183531e-01 
61820	4.726372850162723e-01	8.110734338324493e-02	7.790048175845713e-01	2.874687849673596e-01	4.626696241571819e-01	9.954313291771073e-01 
61821	3.049736317320004e-01	7.576094296933404e-01	8.616365824022051e-01	3.498915730192242e-01	2.782110347496701e-01	2.609387969520707e-01 
61822	2.991298533736669e-01	1.684617107139301e-01	4.974265924125615e-01	3.334835102061981e-01	4.769497014146574e-01	9.574503349716758e-01 
61823	4.230152350545973e-01	6.632378721245215e-01	3.763800761591040e-01	1.359304125744775e-01	7.566034485408583e-01	6.200548517297562e-01 
61824	7.367521436352840e-01	2.584694058387538e-02	4.593664131824186e-01	8.262642596355909e-01	7.185189258225289e-02	5.744412415483732e-01 
61825	4.588467514314494e-01	9.478458672567023e-01	4.445955616117789e-01	5.805393730749353e-01	2.124553741798887e-01	8.044522614634271e-01 
61826	2.146714008301544e-01	4.861213507620923e-01	9.919918691652280e-01	3.449760850909080e-01	5.632501537296153e-01	5.256381294049663e-01 
61827	1.191370377050041e-01	4.775986487911555e-01	5.092853867189033e-01	8.611214944921711e-01	4.549906445495006e-01	4.006368005525874e-01 
61828	7.325839208614611e-01	2.584376275213303e-01	4.638813507132340e-01	3.500712790087527e-01	3.474903143515132e-01	8.863013963393220e-01 
61829	4.558784972650578e-01	5.410130268792108e-01	3.028402384156183e-01	6.766285780256857e-01	4.943116449133383e-02	9.849880794532657e-01 
61830	4.683674687204048e-02	1.867087757454576e-01	5.923481591713029e-01	9.836569935706976e-01	1.385314673961304e-01	7.080202566588241e-01 
61831	9.613052882813981e-01	1.465285895585011e-02	5.663281834393872e-01	8.874607666130843e-01	2.444340529158701e-01	2.657434558885119e-01 
61832	4.441373379656879e-01	7.615532002909000e-01	4.084057663176173e-01	1.936990624015824e-01	4.652718674325231e-01	4.051450885514646e-01 
61833	4.691884969565356e-01	5.646692519982186e-01	6.683101068699304e-01	3.726653978736763e-01	5.346068813439381e-01	1.319393740515830e-01 
61834	7.513793984238799e-01	4.598820149802132e-01	5.685914005017650e-01	7.588780863563213e-01	2.922313945045706e-01	3.023994700131986e-01 
61835	6.297084460987495e-02	7.812716155307576e-01	7.606002488307977e-01	4.663486427517425e-01	1.217510208023874e-01	7.359654316324475e-01 
61836	7.138769496810220e-01	2.464883048766010e-01	9.192005535859626e-02	5.039655509413721e-01	5.617317360639600e-01	5.850145955641710e-01 
61837	1.349214622930230e-01	4.516103551271834e-01	7.396932866606658e-01	6.944299757630021e-01	1.165901999911589e-01	6.050938344706882e-01 
61838	9.019299589655450e-02	2.173252762436983e-01	6.480721250029625e-01	5.977214967500122e-01	7.370156145640908e-01	4.287476772407081e-01 
61839	6.682970581983914e-01	4.939798893190869e-01	5.424410736840175e-01	6.171297564758930e-01	5.602852830321324e-01	4.099409461758039e-01 
61840	1.985313288056827e-01	4.746141240673326e-01	5.270628691233619e-01	4.342190084180899e-01	5.089978185558832e-01	8.029968146330824e-01 
61841	9.142522802517323e-01	5.568313603629187e-01	3.560982243532184e-01	8.166130730499404e-01	4.704101167076796e-02	5.451365652630109e-01 
61842	8.757475192023900e-01	7.603827724031904e-01	1.430060527865485e-01	6.332191546145972e-01	5.649910282554207e-01	5.415048919485244e-03 
61843	3.294232626840567e-01	5.485626280232230e-01	5.984938524533805e-01	7.632805418006445e-01	4.078478779697577e-01	3.068627546302481e-01 
61844	4.856239364213820e-01	5.840101690052878e-01	2.926966586818013e-01	1.545181040984991e-01	1.530495846872313e-01	8.430320664086077e-01 
61845	8.802464688766630e-01	4.130872777477613e-01	5.071718065203303e-01	1.348153383985828e-01	9.233649259098434e-01	3.499924914019459e-01 
61846	4.368820470689152e-01	3.635887817367284e-02	2.551650541279984e-01	6.693529228816570e-01	8.508646590846926e-01	6.280655791741302e-01 
61847	6.918580474025600e-01	4.707240604311171e-01	9.944771661244147e-01	1.417648586268029e-01	5.594571797958159e-01	7.846046116535221e-01 
61848	9.073129813368590e-01	4.207358421642058e-01	3.223713630555030e-01	4.413850250836625e-01	5.634833104694731e-01	4.378393716832877e-01 
61849	1.118702465625263e-01	4.679381207951829e-01	4.914712207442800e-01	1.817336068420539e-01	7.863525754895819e-01	7.233487120669252e-01 
61850	8.159546557177331e-01	5.343621791620012e-01	1.064696393035666e-01	4.706481194469024e-01	4.725600357091692e-01	4.239471107860183e-01 
61851	1.389501890664824e-01	8.143170830383535e-01	4.529254677900454e-01	4.319936565926222e-01	5.100160075125865e-01	6.824583060788814e-01 
61852	1.145455169589462e-01	1.551410482988444e-01	9.669311348980025e-01	9.887573206841177e-01	3.540068866489074e-01	5.542686667080801e-01 
61853	8.613567274906957e-01	4.853980935636514e-01	4.876867584864020e-02	8.428992083390259e-01	8.203140689797306e-01	3.085914837149278e-01 
61854	2.376566013450321e-03	7.785026527743736e-01	6.154405744460463e-01	4.423985825656480e-01	6.323053306519889e-01	7.879409629777074e-01 
61855	3.562714363773499e-01	5.517989492614506e-01	8.240078579441579e-02	6.400865121377983e-01	2.864759130090176e-01	8.965494874824469e-01 
61856	8.785768591203652e-01	1.984005562171093e-02	4.311226262651661e-01	4.530354358580326e-01	8.131792319650101e-01	2.844633112381534e-02 
61857	1.485649888507954e-01	8.139751033616588e-01	8.370829929727653e-01	2.951859448839688e-01	3.367278910101729e-01	7.033058211014832e-01 
61858	8.741461252364684e-01	3.480600284821900e-01	2.757457648166361e-01	3.630683859753306e-01	4.988049551921757e-01	3.405474601784976e-01 
61859	8.572479048919992e-01	1.309023463521533e-01	6.024402066822838e-01	5.103885310533862e-01	9.173860226967367e-02	1.834595590997191e-01 
61860	5.442085324024165e-01	4.554057446261568e-01	7.955699064482155e-01	3.726214009381197e-01	4.928315512045640e-01	5.245932116782546e-01 
61861	4.622282692083177e-01	6.303408321317330e-01	6.473263547462464e-01	6.337589395785975e-02	3.948636641980214e-01	5.669847727212102e-01 
61862	6.269177836903483e-01	6.227720691130711e-01	5.631456145428443e-02	8.935660807472171e-01	3.468463435300848e-01	2.104936431912374e-01 
61863	4.162495093123233e-01	6.484878176730160e-01	6.222243313522846e-01	4.751980784738097e-01	5.879891220153063e-01	3.988975451806391e-01 
61864	8.148931136302298e-01	2.307851705196373e-01	5.784155218879174e-01	4.107989719726836e-01	9.107194586434867e-01	1.332032257997153e-01 
61865	3.913266400638094e-02	8.112684411609361e-01	9.318379261720794e-01	2.808078456063287e-01	5.612648173572270e-01	7.423754143975310e-01 
61866	6.716195860577945e-01	4.803997735451014e-01	2.479925692181551e-01	6.417382391853375e-01	9.861956671176973e-01	3.924434998003345e-02 
61867	9.296563022147684e-01	1.406586468631209e-01	8.964166583468969e-01	4.918654384593284e-01	1.616344562493237e-01	2.986274846423525e-01 
61868	4.586206542818270e-01	4.630114606647216e-01	7.151317973189243e-01	4.542100900813757e-01	3.434514320910458e-01	9.566342087900975e-02 
61869	4.948288443049216e-01	6.569775138984754e-01	1.731856198159853e-01	9.204261100421440e-01	5.548482865389832e-01	3.845939205195862e-01 
61870	1.166658523543745e-01	6.458098415484899e-01	7.175214518945401e-01	3.144938641115377e-01	9.217006371497740e-01	7.783592193628530e-01 
61871	5.495169185285622e-01	6.867846572395067e-01	1.872453589882564e-01	5.146967947774883e-01	5.204635593284976e-01	3.840300160425298e-01 
61872	9.685580622526642e-01	5.240895345273611e-01	5.677655103142897e-01	1.247471997389911e-01	3.988594729288705e-01	1.472571805740904e-01 
61873	8.013520048011334e-01	4.747859038373021e-01	4.672210995795344e-01	3.190108800070776e-01	7.236476537604156e-01	2.984859236188084e-01 
61874	5.332430797670735e-01	3.465140312034523e-01	8.838297069023234e-01	3.587903203804496e-01	1.858618290616494e-01	6.728551852264613e-01 
61875	8.038475787867091e-01	6.261908645944898e-01	7.438772626908933e-01	5.281549638186480e-01	2.721251932841920e-01	1.423564967695344e-01 
61876	6.369911664054778e-01	4.819883271041437e-01	7.452363938571434e-01	4.732158806759691e-01	3.641740015219114e-01	1.219163177725813e-01 
61877	9.897069156004457e-01	4.255033244689477e-01	4.632172399225879e-01	5.793142539250812e-01	9.466504502828932e-03	8.469340843598074e-01 
61878	6.302127099155171e-01	2.605356722683371e-01	9.916410503787242e-01	1.854450353392145e-01	2.122150293539711e-01	7.822030708542460e-01 
61879	8.642721183364830e-01	1.784114629931118e-01	5.518273728486855e-01	4.282370777368613e-01	4.955073930369258e-01	9.913331842691324e-01 
61880	9.387323919314718e-01	1.545723561284070e-01	2.733161330533677e-01	4.690355876821937e-01	2.995370468290630e-01	5.528660116571966e-01 
61881	3.767148536913637e-01	3.755032226571819e-01	8.321701817877208e-01	5.715221733083496e-01	1.065179434786109e-01	8.624102044645676e-01 
61882	2.079004368860047e-01	8.251163844120931e-01	4.272450146665174e-02	9.644220678306682e-01	2.679887001094351e-01	7.100938030670220e-01 
61883	7.971111894023925e-01	2.352249706832751e-01	1.101384437433074e-01	6.483654083593071e-01	5.443718574380817e-01	6.096611194344003e-01 
61884	3.987413114955835e-01	5.784164420219604e-01	3.437135400303620e-01	7.398498527897240e-01	8.066319252418435e-01	5.340803459481995e-01 
61885	2.997019029794713e-01	8.741868045996648e-01	2.429620286148940e-02	9.494168912871548e-01	8.075705284341471e-01	3.199981837442024e-01 
61886	2.942464637669259e-01	1.264098459372255e-01	5.689608681309488e-01	8.424296345539275e-01	6.073934565090902e-01	7.640327641144588e-01 
61887	5.783881403663238e-02	7.875301598628875e-01	6.214468574777668e-01	3.117879955365256e-01	1.826135226044253e-01	6.309015553341263e-01 
61888	9.906197635464633e-01	8.989445326873274e-02	4.622657414019989e-01	5.535206012120725e-01	5.170743191586330e-01	7.737953248553295e-01 
61889	3.093599236846227e-01	3.319679205470571e-01	7.895006997524046e-02	9.343031965655972e-01	7.465892722118915e-01	4.176867818683110e-01 
61890	7.281743881589431e-01	2.091456740006291e-01	4.615148712787034e-01	2.996648302948425e-01	6.300312686886436e-01	2.615662169893302e-01 
61891	5.518329572227398e-01	2.576110040671838e-01	2.087977515162756e-01	9.911949334690079e-01	9.696713944512092e-02	8.030372887103538e-01 
61892	3.073842014271808e-01	2.447657696294854e-01	9.841918402906960e-01	7.949422546675977e-02	2.280588960251750e-01	9.640196167889366e-01 
61893	1.436283465917889e-01	4.761628193524233e-01	8.398737237165341e-01	4.321329297843506e-01	8.333952718982873e-02	9.094131675930416e-01 
61894	5.060219526804839e-01	5.854003832564888e-01	4.688527985377080e-01	4.058415479429134e-01	8.912167340686840e-01	4.300362991630629e-01 
61895	3.499060608409822e-01	6.725711917610512e-01	3.805411135732786e-01	1.579226292467671e-01	5.578822516583477e-01	5.317059594872635e-01 
61896	2.729554904891018e-02	5.206385126012149e-01	6.975347115388052e-01	1.207521658087418e-01	1.975160964638967e-01	8.825157183550940e-01 
61897	6.109670122208111e-01	3.659870870682632e-01	7.082111183449036e-01	4.168925243480395e-01	6.412896590938355e-01	7.062660412410393e-02 
61898	2.013965712023092e-01	9.725741195312898e-01	5.192603575421911e-01	5.417761087549449e-01	4.764189797607618e-01	7.887921194688730e-01 
61899	2.266155368095300e-01	7.421398024144912e-01	5.511469887566218e-01	1.588014422639050e-02	6.226776879108538e-01	5.218142919324568e-01 
61900	4.233272000268494e-01	3.319337270423135e-01	5.819254247921183e-01	6.893496501900007e-01	2.756632780742044e-01	6.436320775835679e-01 
61901	3.238764039907234e-01	5.823224168674103e-01	2.203046488434780e-01	7.795485429398088e-01	4.422010245719626e-01	4.556182709158380e-01 
61902	3.056573253833546e-01	2.611433355024687e-01	9.182645396247829e-01	3.853025651949937e-01	5.735798809860113e-01	6.091195704484129e-01 
61903	7.371586196920243e-01	2.741049435845821e-01	4.330730146513938e-01	6.942813471556077e-01	6.187694777110930e-01	6.105154904840018e-01 
61904	6.343129436653567e-01	6.748213988460563e-01	2.061709337789822e-01	6.991098380807467e-01	1.783727145487040e-01	6.948440350121081e-01 
61905	1.708101212790550e-01	8.487345360828842e-01	3.942567224281998e-01	1.338335963726239e-01	4.921889629911966e-01	3.198272326158247e-01 
61906	6.830223003609509e-02	6.533730160468938e-01	9.529164220749323e-01	5.571661202325751e-01	5.882253240140816e-01	3.747242980961365e-01 
61907	5.133667645612482e-01	6.051960578724147e-02	3.239571534727190e-01	9.645786277776082e-01	5.212426523228948e-01	5.657917685874059e-01 
61908	5.213063163631118e-01	8.311009072116241e-01	3.207052802552416e-01	7.015594891721039e-02	8.540009915265702e-01	3.712493277576642e-01 
61909	1.331289366313562e-01	8.599118034071921e-01	5.117924979774177e-01	1.857240788353131e-01	7.546957622339802e-01	7.548836463330738e-01 
61910	4.697577556728735e-01	3.096953635803829e-01	5.074525618612569e-01	4.491450080799320e-01	2.706473922107588e-01	8.451723804749649e-01 
61911	4.116140244836993e-01	4.080876650662730e-01	3.257020719995845e-01	3.204371641368445e-01	8.752295325334372e-01	5.055907561926596e-01 
61912	8.131205977334582e-02	7.708750564884277e-01	2.869010858666937e-01	4.999741731233688e-01	3.689503229203279e-01	3.990688510732725e-01 
61913	5.013532719039743e-02	7.023873514423642e-01	9.120964402433419e-01	7.488144520770279e-02	5.053740015289956e-01	4.862023105455943e-01 
61914	4.311601702551874e-01	6.396365364405223e-01	2.635778389193766e-01	7.624565037508542e-01	8.253621207592777e-01	1.137981957964616e-01 
61915	7.268254845570967e-01	5.304732752361867e-01	3.143756448209625e-01	1.726448673940588e-01	9.217416221827263e-01	2.827973078709846e-01 
61916	4.296487440917919e-01	1.321786431327204e-01	4.849910161173648e-01	5.429775146870780e-02	3.039063984519673e-01	8.916594215408626e-01 
61917	5.176664833135929e-01	5.240136883816662e-01	2.825026834936822e-01	1.506155910351961e-02	7.290436794431172e-01	6.273421629077689e-01 
61918	1.113897909652219e-01	8.495257481558042e-01	1.805535993133892e-01	9.410522421425549e-01	3.102394028750859e-01	7.574839671660611e-01 
61919	5.556499945944966e-01	8.132289819789986e-01	7.367690547212186e-02	5.347401075149365e-01	6.587886500440515e-01	9.772053254155569e-01 
61920	4.426318463375318e-01	7.790840212995814e-02	5.921247103331249e-01	3.774727144524535e-01	7.705775149966251e-01	6.089155973485543e-01 
61921	7.276365482461933e-01	6.934126136194312e-01	5.197634508984655e-01	1.430120861446402e-01	5.086572522525148e-01	6.509553027057687e-01 
61922	1.574802615143460e-01	7.283177075646929e-01	1.699510485611723e-01	7.882404066837920e-01	9.927824310145972e-01	8.122803134391018e-01 
61923	2.781688208523397e-01	5.133223199708488e-01	9.476811397442040e-01	2.532409110594460e-01	5.345634603282390e-01	9.752660329923626e-01 
61924	9.026021963928279e-01	3.963720886848889e-01	7.120714693559939e-01	3.042484676402415e-01	5.799571729620588e-01	4.733461014365656e-01 
61925	6.162343882749456e-01	1.942946429736432e-01	1.254807261650749e-01	6.065789759805084e-01	9.731560095939092e-01	6.457746071054844e-01 
61926	1.750966630103767e-01	2.241408643838099e-01	3.740667584366171e-01	2.565873880098580e-01	6.135101237045498e-01	9.751401085156919e-01 
61927	3.509569292908440e-01	2.934950643851932e-01	4.837896457092709e-01	7.246953872228963e-01	1.690633325074702e-01	5.268130262139132e-01 
61928	6.104976200409212e-02	9.982443010403151e-01	4.882849596065642e-02	5.763102409082415e-01	8.287878656449381e-01	2.756993345389685e-01 
61929	3.896038331226620e-01	3.950311160286241e-01	8.919127413043282e-01	6.821168372137056e-01	2.514039769288173e-01	6.145653249417994e-01 
61930	3.241306107653878e-01	2.102023564270800e-01	8.448436386574846e-01	6.816965994829642e-01	2.048740365015146e-01	8.477138269333722e-01 
61931	9.060365620804028e-01	3.764827319365730e-01	3.544563910287240e-01	6.942152835982315e-01	1.244352659279400e-01	6.590914971995224e-01 
61932	1.080522034863656e-01	6.173728523040953e-01	3.902863688393773e-01	6.341921989480898e-02	8.791812319681827e-01	5.820989123954732e-01 
61933	3.216959930801814e-01	6.114687442097801e-01	4.525634919491578e-01	5.327600315060235e-01	6.171226532596263e-01	5.149892708449741e-01 
61934	1.380302035898373e-02	6.811288540694829e-01	6.614762926928255e-01	3.881766007166416e-01	3.476433331216570e-01	9.320041595853020e-01 
61935	7.610534462408700e-01	1.514028364467974e-01	7.168528103616905e-01	6.707876596674586e-01	2.328434913401797e-01	4.530011814843919e-01 
61936	4.541851516857978e-01	9.846318157540804e-01	2.134212089333648e-01	9.542214250004671e-02	9.448437794680022e-01	1.351762726981061e-01 
61937	2.871162482756968e-01	7.887276835878628e-01	2.910125631505557e-01	6.833511698192074e-02	5.808730622653893e-01	5.919361377931867e-01 
61938	8.189453606248203e-01	4.863064499147276e-01	2.224390770503333e-01	5.954737939173751e-01	4.261719232326666e-01	6.205241413521749e-01 
61939	7.015413963807111e-01	4.503994138586291e-01	5.687004870312561e-01	2.320831554157894e-01	3.573720833618913e-01	5.642749153353526e-01 
61940	6.928846239395996e-01	5.989592840600970e-01	4.843179208590979e-01	2.587067446222936e-01	8.905404083086963e-01	2.232942753670789e-01 
61941	5.422367956316168e-01	2.401143562580315e-01	5.821287627450771e-01	8.694930022441161e-01	4.546026799890359e-01	6.779859489439778e-01 
61942	5.743555473103137e-01	7.412774242056548e-01	9.000231621388491e-01	6.430691536676074e-01	9.766414783698890e-02	4.244426446994934e-01 
61943	7.523613672309790e-01	2.972336604966114e-01	6.662213151354118e-01	8.450648476594810e-01	3.376753372952850e-01	1.343553763333621e-02 
61944	7.251315493962224e-01	4.913542246922020e-01	4.150999195900010e-01	6.039923898699471e-01	4.753277822290771e-01	5.926828147048286e-01 
61945	5.902622866881155e-01	3.400182775200203e-01	6.083905100107030e-01	7.777763946387933e-01	3.459164303944068e-01	7.414195372185250e-01 
61946	5.080644847689599e-01	8.802833485319146e-01	7.472457516694531e-02	8.639256543824135e-01	9.101293711615155e-02	5.212409365118074e-01 
61947	4.348082514755948e-01	8.190782342166621e-01	9.230477253892833e-02	3.658138998330822e-01	9.030085634828022e-01	2.063165960150648e-01 
61948	6.501481947690935e-02	4.313240551661984e-01	5.846010493036589e-01	4.124283316598845e-01	8.938967446361258e-01	4.196737368325045e-01 
61949	7.188754913423032e-01	2.130578179258117e-01	7.367791162615038e-01	8.418825304642552e-02	6.599383072093972e-01	8.024518316305010e-01 
61950	6.835238546588791e-01	4.894870917360200e-01	1.762120010024470e-01	5.317753933795547e-01	5.534839170948020e-01	6.856824570542959e-01 
61951	4.094079133288514e-01	2.665915385668142e-01	5.365531592487813e-01	6.809344121763158e-01	5.039954077957035e-01	5.451983411343693e-01 
61952	2.172931124900553e-01	3.175014999215143e-01	6.152020618483960e-01	9.167488586561957e-01	1.545054253373876e-01	8.880698510471237e-01 
61953	3.427736599179896e-01	1.947692202313501e-01	8.185825184551009e-01	2.891957424886908e-01	5.355159604723906e-01	2.209023369187796e-01 
61954	3.818614807302257e-01	4.512969473673097e-01	5.555867945449258e-01	8.348600410230902e-01	7.571901266092409e-01	1.279473408171201e-01 
61955	1.544215268828804e-01	1.994977188029189e-01	8.003142795302655e-01	6.733613255703826e-01	5.029292201199429e-01	6.860966751001566e-01 
61956	4.218905332002505e-01	3.307504128816526e-01	6.874655348545655e-01	6.526988821582628e-01	3.001991320207416e-01	6.044283689216057e-01 
61957	8.696068931932369e-01	5.336317280714853e-01	3.058340229064405e-01	7.918576215185403e-01	2.434549246085616e-02	5.325039715918952e-01 
61958	2.687680910637760e-01	5.581317978104641e-01	2.616801519178709e-01	5.197543865537892e-01	5.092837598870210e-01	6.314722193446893e-01 
61959	1.715836034649842e-01	4.829606618606311e-01	5.931678309883133e-01	8.637972319475548e-01	1.834126965685632e-01	7.777457579807816e-01 
61960	7.626196238571449e-01	1.414780887047509e-01	8.788763746931053e-01	5.200607765128281e-01	3.585604329057521e-01	1.781197851009155e-01 
61961	3.549762129135021e-01	5.705334664263916e-01	6.305904200390422e-02	9.991331864001494e-01	6.268092527508210e-01	7.848395662025230e-01 
61962	6.769733908231587e-01	1.928038037436646e-01	6.730518565687190e-01	7.478212014433488e-01	6.061267040439352e-01	4.780271433405945e-01 
61963	7.501431820243695e-01	1.131436371614203e-02	2.429569058040760e-01	7.021596963446559e-01	7.664786960049768e-01	6.252400381237073e-01 
61964	1.955622825720627e-01	6.740569933022016e-01	7.164572727768709e-02	6.467232421034056e-01	9.148504219349436e-01	6.579326411185255e-01 
61965	3.013291694117608e-01	4.224767166795360e-01	6.506979110056890e-01	9.480715543692864e-02	7.831919355477760e-01	6.860278664204880e-01 
61966	3.563924024204193e-01	3.701884197245583e-01	6.783241543027421e-01	6.906968827775838e-01	5.142071091903389e-02	9.503990952277204e-01 
61967	4.773648739230468e-02	9.348920746311946e-01	8.798867390685665e-01	4.697943560658340e-01	3.886015003181909e-02	6.078507497011623e-01 
61968	9.125095039973190e-01	6.362758149316639e-03	7.014748675345351e-01	5.776560750317838e-02	4.364020895098841e-01	5.839304625610939e-01 
61969	7.321111021069611e-01	3.962732635513805e-02	7.892472976381785e-01	7.751873256315011e-01	3.201081334731062e-01	1.441150930863095e-01 
61970	2.039461084404219e-01	6.591419481195004e-02	3.792129849338066e-01	8.423241371332219e-01	7.394842113203811e-01	3.626215106510066e-01 
61971	3.829067005214186e-01	4.750173632372562e-01	6.232881760563131e-01	5.661570023817671e-01	6.292867513121225e-01	7.847033079386926e-01 
61972	9.329534926408384e-01	5.126557048561570e-02	2.525508785571516e-01	7.445666288654293e-01	6.630539155181472e-01	4.364546139607205e-01 
61973	7.667683944513419e-01	8.271459810017670e-01	3.067702695395691e-03	8.388567676690559e-01	2.560094874481044e-01	3.499411458418331e-01 
61974	5.411965155865389e-01	4.839235492420934e-01	3.516440421850857e-01	3.301819214023454e-01	8.613205123377603e-01	2.135593279066794e-01 
61975	8.015544875878170e-01	1.089909399235979e-01	5.882011004566655e-01	9.340262507110701e-01	2.345982302853130e-01	9.011434873428120e-02 
61976	6.489349209522709e-01	2.305978901369839e-01	4.323152467544807e-01	8.119420254257796e-01	5.628425271245334e-01	2.323499549712091e-01 
61977	4.488868345848661e-01	4.099362565466707e-01	1.579681290803544e-01	8.853186228772493e-01	8.193135455425914e-01	1.379401351967691e-01 
61978	5.505587624036008e-01	5.189456829400502e-02	4.218198960751794e-01	5.232943486370599e-01	8.583290440207147e-01	7.389548079293428e-01 
61979	9.094704771197195e-01	6.792064133861041e-01	4.141745870246949e-01	2.559518605917682e-01	5.500759135552276e-01	1.288162862201026e-01 
61980	2.778115621382110e-02	7.462641154566227e-01	4.179234998940441e-01	8.048812116193944e-01	8.106409640559075e-01	3.768004738161395e-01 
61981	4.713536668013115e-01	5.642154275396640e-01	6.814136121321538e-01	4.433546023532975e-01	8.656839410732968e-01	3.458834745510131e-01 
61982	3.831239449497543e-01	4.619300109021829e-01	6.368267371416320e-01	3.082583979932901e-02	3.458706371699214e-01	8.683184187093860e-01 
61983	6.513023684430952e-01	4.325452808173628e-01	5.697098830912237e-01	3.081751642713340e-01	9.754030101891529e-01	7.836654022310285e-02 
61984	2.541948755894683e-01	7.269225191746795e-01	9.338947277845580e-01	2.621310729106376e-01	3.061073297499217e-02	6.379435876036060e-01 
61985	7.320326033933978e-01	4.240410389387450e-01	7.450769751845038e-02	3.155404060740754e-01	9.289109064136999e-01	2.569282600047278e-01 
61986	3.113824521066519e-01	5.130150915392007e-01	6.633545547896258e-01	6.196333835432744e-01	6.827820475282942e-01	2.052076817250039e-01 
61987	8.786728953269842e-01	1.803458956807166e-01	7.103487895127002e-01	2.424953820625772e-01	8.240483260914795e-01	2.902864122386989e-01 
61988	8.356609436081366e-01	5.440863355775297e-01	3.457202464584310e-01	5.767690600554261e-01	3.031919678022521e-01	5.603517390500862e-01 
61989	2.773802601124097e-01	8.438113099138083e-01	3.132281815063757e-01	6.887652796077306e-01	2.949368485729540e-01	7.949174112443591e-01 
61990	6.795621639488933e-01	7.286312124557620e-01	3.624535944357440e-01	5.290315052663723e-01	5.345764599678673e-01	4.183972601401995e-01 
61991	2.781682983633893e-01	8.199985111550832e-01	7.110845055847618e-01	3.057027384205066e-01	5.531552886157488e-01	3.366250632955435e-01 
61992	6.109230892112276e-01	2.818381171089127e-01	3.742742287892187e-01	8.720757450706125e-01	7.188184747433438e-01	3.819256912254509e-01 
61993	3.027930911298076e-01	5.565888780069790e-01	9.592987010355845e-01	7.104338548286381e-01	2.042517732860014e-01	5.983707567286174e-01 
61994	1.379665114508192e-01	8.674946354547884e-01	3.579976360457199e-01	7.338427960682803e-02	6.726985668034281e-01	9.659620102011719e-01 
61995	8.547967458822557e-01	4.869587297910000e-01	7.995194017928575e-02	6.423793251688859e-01	1.626091283888141e-01	5.079740977878837e-01 
61996	1.550099407816862e-01	7.540166647083665e-01	5.377760117882218e-01	3.980065704074091e-01	9.551460633469540e-01	4.284586343001996e-01 
61997	1.491183175737745e-01	5.092547779328829e-01	2.814690085254259e-01	4.622724597271834e-01	6.150076654538951e-01	7.004212925513136e-01 
61998	9.947366251264778e-01	1.979644684857400e-01	2.540668045890078e-01	3.187729088050480e-01	3.882956360473628e-01	4.203412570757837e-01 
61999	2.064383631664765e-01	8.138451564524370e-01	2.826641661819719e-01	4.808046080619874e-01	8.486727181271705e-01	5.570191033338423e-02 
62000	4.552996903224011e-01	2.583782290354720e-01	8.813867446118814e-01	5.755579872434174e-02	2.632735715943155e-01	7.736192169852543e-01 
