83001	5.811199179496881e-01	8.229475677619449e-01	5.329363841823748e-02	3.598316681200243e-01	9.693120672843685e-01	6.632960991955694e-02 
83002	6.595928419958648e-01	6.030452973975673e-01	5.187418501572095e-01	4.433737469874327e-01	3.427717454972227e-01	8.407505492562517e-02 
83003	8.294519347927328e-01	3.927089370790651e-01	2.956159906547535e-01	4.404372771896642e-01	2.816086279220500e-01	8.564232854056021e-01 
83004	9.214301066292168e-01	6.689389650741009e-01	2.551861478040982e-01	6.200857404110284e-01	2.728364362209479e-02	7.802673802746529e-02 
83005	4.765310083234202e-01	6.924528494417767e-01	5.277536852041582e-01	5.897736956825328e-03	1.805064993176586e-01	9.924389765755324e-01 
83006	3.913018176882669e-01	4.957806202393122e-01	5.592187607398307e-01	7.572109670554407e-01	3.458378249309813e-01	2.014619267046245e-01 
83007	5.995012862334614e-02	6.738985989973152e-01	6.095544747367625e-01	2.826625428710008e-01	9.868442642136822e-01	3.125605997410696e-01 
83008	6.797443520068390e-01	1.450169524573687e-01	7.891161036063603e-01	5.920455272512626e-01	6.579420175571254e-01	4.080253092730614e-01 
83009	7.871385354631140e-01	1.845634813754856e-01	8.953109885683205e-01	2.479709397954025e-01	2.558298608180227e-01	8.021140715766666e-01 
83010	5.072194409052331e-01	3.865283372123195e-01	7.020909479512452e-01	7.633388017945545e-01	1.859796850742616e-01	3.325037769996009e-01 
83011	5.074768866041663e-01	4.429556431896866e-01	4.122947221253100e-01	4.742487804823012e-01	2.457985726628135e-01	8.067890643348774e-01 
83012	6.231483998096083e-01	7.233885004233663e-01	5.262763134579421e-01	7.595418325129277e-03	4.669536187173543e-01	6.713928369042939e-01 
83013	8.358144337314694e-01	1.972957642049065e-01	6.464389189370741e-01	3.728214434909305e-01	8.460385383791972e-01	1.754352826660470e-01 
83014	7.336235304358127e-01	4.295524388159808e-01	8.538560356764427e-01	1.913720473985420e-01	9.296585837737202e-01	7.287454693304432e-01 
83015	3.082351719600205e-01	4.647658794029650e-01	6.106562707047322e-01	6.213921629544942e-01	7.427597391548056e-01	6.493137803177406e-01 
83016	8.321220440790544e-01	3.926954641964318e-01	4.213574435403807e-01	4.945437491743783e-01	2.756727415573174e-01	2.594465081988906e-01 
83017	2.783945547404813e-01	7.463063806219465e-01	5.534634485570942e-01	5.399315157401120e-01	7.250149028634000e-01	4.143664703644370e-01 
83018	6.684848158204832e-01	9.847707279271157e-01	5.101930733597617e-01	4.575163474986891e-01	9.964673164848376e-02	1.110640185966725e-01 
83019	2.652278157320387e-03	6.163912528754251e-01	3.466221116620956e-01	7.823698709308522e-01	6.744186158838910e-01	1.485491528497527e-01 
83020	4.820283247390289e-02	5.173673905556710e-01	2.643936931285679e-01	6.577474023073049e-01	4.752583971709827e-01	4.959377350101553e-01 
83021	4.886093569157505e-01	7.772126257186682e-01	2.375464040531570e-01	8.157941017708559e-01	5.534574759288552e-01	1.807101441111886e-02 
83022	4.672242010009288e-01	4.325831993381834e-01	8.833630867383384e-01	3.527988523200503e-01	8.750926892578857e-01	7.191622488103226e-01 
83023	8.074405687810047e-01	3.430607553490217e-01	4.200022230197532e-01	8.368040323253754e-01	4.199783659591974e-01	9.634005040076260e-02 
83024	8.402480412794071e-01	1.968696312477249e-01	5.213799877207659e-01	3.874516892166758e-01	1.907093879757456e-01	4.082984480939554e-01 
83025	1.611515810878981e-01	8.305260892365002e-01	3.276261208124615e-01	2.722786697973702e-01	2.993471209520095e-01	8.274822545229623e-01 
83026	7.360429873301058e-01	2.504423808046044e-01	8.074247291370712e-01	5.548253317089213e-01	1.789564840933492e-01	9.802081480154476e-01 
83027	6.068635108858655e-01	3.008277838970406e-01	4.439250334779398e-01	4.770519500114603e-01	4.644860715802807e-01	4.845889171721607e-01 
83028	5.022559531477222e-02	7.042781866345598e-01	3.062340021621974e-01	7.909337205465252e-01	3.189524781700181e-01	3.130947061133569e-01 
83029	7.027864862901396e-01	5.559840382523783e-01	8.023441126377455e-01	3.489159765455214e-01	5.044288983874039e-01	1.305646210787324e-01 
83030	9.600972740730539e-01	2.562133926041311e-01	9.428887007676413e-01	3.164924825915990e-01	1.311180171150557e-01	3.125881521341114e-01 
83031	4.081465799428752e-01	3.506430614058782e-01	7.209292289338852e-01	5.426922792176639e-01	2.804127193194616e-01	9.237715849709019e-01 
83032	9.958166021946242e-01	3.169904737631900e-01	1.879167752933267e-01	5.188866835066316e-01	2.112731994654085e-01	5.166930488376497e-01 
83033	5.872995405650008e-01	1.335594922084616e-01	1.062640608372025e-01	9.959450431200066e-01	7.846919771717068e-01	3.712253726399549e-01 
83034	4.019999410108613e-01	4.355214854416296e-01	3.118134959765009e-01	8.599741299853708e-01	4.648384464512793e-01	4.775416391890609e-01 
83035	1.325102714744903e-01	9.313900535673127e-01	2.202773242455428e-01	7.086407520541144e-01	6.366980254169748e-01	6.062928522586271e-01 
83036	6.973281423004922e-01	2.605566778079397e-01	1.004330708109518e-01	7.599630383412461e-01	8.175252967224912e-01	1.935740471743209e-01 
83037	8.815339449195214e-01	3.716964732557356e-01	8.274966733629896e-02	6.974891237545255e-01	2.070117931894586e-01	7.910499831678395e-01 
83038	1.398602960196130e-01	6.895199915739935e-01	9.892925955083738e-01	5.919073246487330e-01	2.331394863991637e-01	4.780434039604576e-01 
83039	6.036746920058028e-01	6.065434675597899e-01	1.302587771318847e-01	3.333462356776705e-01	7.280841725340288e-01	7.030047687708207e-01 
83040	7.064831877751586e-01	6.454451403632477e-01	5.999448586569320e-01	3.023819526576220e-01	3.807946273043936e-01	3.649419403971916e-01 
83041	3.301492853005990e-01	4.222691745571597e-01	4.810734349759839e-01	2.755680563205187e-01	8.314639026723614e-01	5.243418649855305e-01 
83042	5.215879230362199e-01	7.506492765234909e-01	7.077769748268925e-01	5.688341494601156e-01	3.574446149862748e-02	8.162496364130343e-01 
83043	3.255622178025217e-01	8.158322250561711e-02	8.465282263692795e-01	7.095793496495399e-01	8.789992194357686e-01	5.167666134969907e-01 
83044	6.278332900074834e-01	3.151416746033932e-01	5.653960394952779e-01	5.261553129048188e-01	4.285404263624270e-01	4.781140052313876e-01 
83045	5.515226879697492e-01	8.788219190895945e-01	4.260101538025532e-01	6.708465517585538e-02	3.212749417505404e-01	2.944924344447608e-02 
83046	8.457173676194020e-01	2.746963644716795e-01	8.823253653279818e-01	3.864494871219444e-01	6.254292395043297e-01	2.656874354805805e-01 
83047	3.393037572018917e-01	7.018629644524594e-01	8.006714540212378e-02	3.300534694320534e-01	8.108257320744250e-01	8.717772734667385e-01 
83048	5.233473976940226e-01	3.032715722550433e-01	8.478650859619852e-01	3.559341104588798e-01	7.244120622003373e-01	3.947609744634653e-01 
83049	3.776485193757417e-01	2.823923219003424e-01	6.407847403798410e-01	2.629185814132141e-01	8.326232417365791e-01	7.819153229975166e-01 
83050	1.882033443186255e-01	8.735814063615605e-01	2.805426901615689e-01	8.818745663989562e-01	4.728699038760918e-01	1.437461542605307e-01 
83051	1.502970930966014e-01	7.086774148132142e-01	4.959429364202694e-01	8.176797469653555e-01	4.485383494424819e-01	6.483507377994996e-01 
83052	8.450127152784237e-01	2.988471517898882e-01	4.722526657995438e-01	7.309216691219756e-01	2.699828414491925e-01	4.776393144959805e-01 
83053	3.748739769619096e-01	3.790891983827696e-01	3.504914048128429e-01	1.971783505029263e-01	7.070292080479192e-01	9.538071127513154e-01 
83054	9.540070655551069e-02	9.109977989191550e-01	1.208000827935321e-01	7.406541952912699e-01	1.671048841031967e-01	9.725785749404434e-01 
83055	7.864630775436922e-01	1.410759672329375e-01	1.840169889189940e-01	9.077671294335088e-01	4.236871278180860e-01	2.915390478585264e-01 
83056	1.630544137299517e-01	4.560879386842696e-01	6.309484018751775e-01	6.872821875954960e-02	2.702209826631032e-01	9.643937471058028e-01 
83057	4.136132864627295e-01	5.337041133479938e-01	6.792531871496135e-01	5.923218990251602e-01	8.287203252198946e-01	4.813659253849573e-02 
83058	2.533289690034652e-01	7.198159883945487e-01	6.620919368200697e-01	3.950395995592347e-01	6.924977838404116e-01	3.636399818152776e-01 
83059	2.227273103304075e-01	8.670786366768650e-01	5.610084948782531e-01	6.637580800102069e-01	2.210159078898899e-02	9.774679792433942e-01 
83060	4.677331663748433e-01	7.969881548538232e-01	4.051684818485428e-01	1.347657269041003e-01	5.433538845919023e-01	5.016392221225535e-01 
83061	7.950238540173702e-01	4.903259602116679e-01	2.190009427123012e-01	3.468651141166513e-01	3.333252653076577e-01	8.173648656920244e-01 
83062	8.658473436248697e-01	4.162489304315818e-01	6.876534910021354e-01	3.291455220538162e-01	3.421589852051949e-01	3.820343296930697e-01 
83063	4.376329184132888e-01	5.251223913344246e-01	4.850435178687168e-01	5.711759788325432e-01	6.077552071551617e-01	4.120031404835338e-01 
83064	5.604771661799191e-01	3.673594599831774e-01	2.568269425034473e-01	4.055835837284460e-01	6.770635163625470e-01	6.769173476386224e-01 
83065	9.740226347004588e-01	3.823116447179915e-01	8.212439811990885e-01	9.125226000254613e-01	2.807262950387072e-01	4.851318470133603e-02 
83066	1.497833950063643e-01	6.412287721778736e-01	5.532486299594711e-01	6.455477233278214e-01	8.312489800036127e-02	9.317425891959795e-01 
83067	4.953919460240733e-01	8.985541918100366e-01	4.947321579847253e-01	8.384166002651939e-01	8.009659159883242e-02	3.916810667585274e-01 
83068	7.138582095666732e-01	2.622033781537905e-01	6.027081187092213e-01	9.968025192202660e-01	4.563917436814598e-01	3.385899500717294e-01 
83069	6.810253850145370e-01	4.562936489813324e-01	4.331169116010618e-01	5.892276665960120e-01	3.110875424505948e-01	8.742557405358593e-01 
83070	5.339589635383619e-01	2.482713650885117e-01	5.877940828766366e-01	4.450152539428610e-01	8.344160488537858e-01	1.509665446312518e-01 
83071	8.956718281891736e-01	1.626853755124488e-01	4.394385529487748e-01	3.452566414191506e-01	7.967481115900230e-01	1.652727355617469e-01 
83072	3.430947226347695e-01	3.707039098521346e-01	3.520778264002849e-01	6.700024591719127e-01	4.013834623029948e-01	9.737063047000258e-01 
83073	5.933836005793826e-01	2.878231930148428e-01	5.072434277546939e-02	9.732441691302682e-01	2.442252964790085e-01	6.965749725209442e-01 
83074	3.905482419953722e-01	8.539511463312018e-01	2.500568761425672e-01	2.859241454721056e-01	4.922994145684103e-01	6.977363853164569e-01 
83075	8.591968297597881e-01	6.163772368900804e-01	4.329663339014841e-01	1.153724409435256e-01	1.189090843605031e-01	5.055956666116220e-01 
83076	3.460836528937957e-01	5.726706094523208e-01	8.477068851481431e-01	2.103733789695433e-02	3.038496835050383e-01	6.748601860770786e-01 
83077	6.236896801003933e-01	2.833135350586801e-01	4.564579115765675e-01	7.918456034530204e-01	2.303556532118313e-01	7.058174857358515e-01 
83078	5.949155620115241e-01	5.405870886870817e-01	1.299502846236638e-01	9.092136673042467e-01	2.019176967321024e-02	7.662500577380642e-01 
83079	2.121931494692427e-01	6.879125305483244e-01	7.138880366400526e-01	4.994390703404705e-02	8.099950587389205e-01	6.144772179266185e-01 
83080	4.396088584253544e-02	8.605187315845140e-01	3.034622040320936e-01	8.356131669662417e-01	5.895481089412530e-01	6.593210047341034e-01 
83081	9.767411306432374e-01	1.600057699145379e-01	8.329816542944900e-01	1.264537689257237e-01	7.624308924483781e-01	2.251165021587715e-01 
83082	9.482927685939735e-01	1.748248652690437e-01	7.305593889602947e-01	3.031654128473432e-01	6.747603148220563e-01	4.032857463089594e-01 
83083	5.354255750953578e-01	6.735833082675158e-01	6.997266679663789e-01	1.273270323898592e-01	7.422371305068280e-01	4.892054442196275e-01 
83084	6.652810826404377e-01	9.176823648858535e-01	7.877383374595381e-01	5.013551111205039e-01	2.817945715907444e-01	1.209477446621861e-01 
83085	3.153382105487216e-01	6.119717823096891e-01	4.659931792547022e-01	4.634205695405381e-01	2.489005777395710e-01	2.964556015441228e-01 
83086	9.640913826943742e-01	2.800633307652495e-01	7.608683661699203e-01	3.799634847113675e-01	6.546681188668942e-01	1.569842725020159e-01 
83087	9.990127617631910e-01	4.069092550755221e-01	2.808749366668860e-01	1.728539091089795e-01	3.627014306435358e-01	8.119167694436233e-01 
83088	6.304862334966973e-01	3.720134189553521e-01	9.307976244928073e-01	1.285104256242361e-01	8.531177860298026e-01	3.063653057053459e-01 
83089	3.188014694874529e-01	1.855763230701008e-01	5.810319052410695e-01	2.004520239538340e-01	3.395657108355287e-01	8.152379088324231e-01 
83090	3.054953301112303e-01	1.614846871003506e-01	9.190746487619184e-01	8.065405013202603e-01	2.303525831618423e-01	6.455442563196184e-01 
83091	1.768103820606327e-01	6.852823649436341e-01	3.798171581859433e-02	9.902670402456792e-01	4.651200804684792e-01	6.729549259834368e-01 
83092	4.213526858261607e-01	7.983745589840439e-01	5.248808631232883e-01	2.734612208937099e-01	2.427843868934471e-01	5.441898511605836e-01 
83093	2.458181661551944e-01	6.747606410444430e-01	3.785399033803358e-01	2.847051045773590e-01	4.959306207311218e-01	9.921057004928314e-01 
83094	7.346812671456815e-01	4.864047450078779e-02	6.194622124779369e-01	7.443915217236187e-01	4.179092930246627e-01	4.217631327216010e-01 
83095	5.834918184395541e-01	2.431828960701282e-01	7.543676843976237e-01	6.680531095552450e-01	8.384362466530760e-01	4.142515641684797e-01 
83096	5.847750653547863e-01	6.952537454325587e-01	2.541459673339824e-02	9.451897526824460e-02	9.634686266308752e-01	3.643085453996668e-01 
83097	9.451012609225928e-01	4.902412978311272e-01	5.145551949229472e-01	3.844005252955568e-01	6.456013544844679e-01	3.220652662089677e-01 
83098	6.409192313710330e-01	3.506916806738871e-01	1.702325567145764e-01	6.195739988268703e-01	5.041860858979423e-01	6.556079929102978e-01 
83099	8.452430011625036e-01	5.402233799628692e-01	3.672812627017912e-01	4.137365057826859e-01	3.068198604411043e-01	7.131845554426482e-01 
83100	6.861566746871044e-01	5.165086829090743e-02	3.893901486584540e-01	6.817027125088120e-01	4.752007608437963e-01	6.821130776193121e-01 
83101	8.873730757820386e-01	6.451457473020650e-02	4.274409358125923e-01	9.647508613009833e-01	3.270975489530939e-01	1.173372568895775e-01 
83102	1.075433681682839e-01	8.262628816457738e-01	4.272368746834071e-01	9.592784285910657e-01	1.535558774879049e-01	5.178790973371855e-01 
83103	1.270589738640416e-01	6.258344084903051e-01	4.273578524045474e-01	3.912870712289144e-01	5.265564490668698e-01	6.802966233081664e-01 
83104	9.172667145400509e-01	3.230127547253030e-01	6.492949558208752e-01	8.384253329077167e-01	3.270840444224140e-01	1.435450328233810e-01 
83105	3.538520936695422e-01	7.854932479098516e-01	8.074468378821986e-01	2.296229700518755e-01	8.500829679328982e-01	4.099260129814830e-01 
83106	2.684638556887521e-01	3.222045177509022e-01	8.324232134456843e-01	2.644672681264765e-01	2.544965104631250e-01	9.860572261083939e-01 
83107	2.790225027978316e-01	2.117109794467804e-01	6.380999402539633e-01	6.675741952065155e-01	5.803616710502325e-01	6.605646763307449e-01 
83108	6.627179988733023e-01	8.365581071609152e-01	3.421626504440309e-01	4.174988438730537e-01	4.263237069872183e-01	6.486202047519882e-01 
83109	4.050580068480865e-01	8.844010423869708e-02	5.263310249210442e-01	7.070836791981783e-03	5.502830135106299e-01	9.933076482568931e-01 
83110	3.747337828875152e-01	7.275785712571191e-01	3.161150490283152e-01	7.020265343267785e-01	5.281928436246569e-02	8.883160930016317e-01 
83111	9.875109179039656e-01	5.496886582367327e-01	3.546345286133770e-01	6.939442867303780e-01	7.815083387688191e-01	2.794944572031919e-01 
83112	7.286679806869862e-01	4.056060856498291e-01	6.103901774129927e-01	6.875300517654028e-01	6.771360587655915e-01	2.669711999260966e-01 
83113	8.801685511766971e-01	4.106482531386679e-01	6.011269321273351e-01	7.213744137311474e-01	1.049721028683476e-01	5.341160542222251e-01 
83114	3.644195580346975e-01	5.970516304784653e-01	4.921430258384161e-01	6.446976244892259e-01	1.820686942122043e-01	6.500297008229187e-01 
83115	6.424290578228207e-01	4.536371151570140e-01	7.906315127173547e-01	8.916300254591116e-01	1.143172946425384e-01	5.747275568058248e-01 
83116	2.081869345093794e-01	8.590047019621523e-01	2.580819136515493e-01	8.731971851471765e-01	2.517595787472615e-01	7.345084103281662e-01 
83117	2.308800521997273e-02	3.349536614431889e-01	2.896782429090993e-01	3.970901617285715e-01	5.026931744303078e-01	8.687462790318299e-01 
83118	5.910261263881235e-01	7.234099838454561e-02	5.863593634620606e-01	9.933751180858491e-01	7.328079869279557e-01	3.584196670710900e-01 
83119	4.416281060234925e-01	7.410530904423670e-01	5.040147340620080e-01	1.042525629673612e-01	7.697649864256385e-01	6.035089376713080e-01 
83120	3.983412925181968e-01	6.589652131436718e-01	2.156058220192686e-01	6.811409826999388e-01	9.032248873434305e-01	6.074434883494089e-01 
83121	9.880320800644897e-01	3.078582006404817e-02	8.941059261005346e-01	4.199994191804935e-01	8.908072300323933e-02	8.143494454812010e-01 
83122	6.185700045444159e-01	2.831287607757011e-01	7.785543183030070e-01	4.773251758349578e-01	3.659181945698006e-01	3.861125191202140e-01 
83123	7.776477307382694e-01	4.820136990672428e-01	5.487674024846642e-01	2.318540500889934e-01	1.693970259591856e-01	4.668639231034497e-01 
83124	3.998382820907168e-01	6.808197711532482e-01	4.343289868204788e-01	8.594821815425687e-01	6.097053346715281e-01	3.183139629739647e-01 
83125	5.365326165381988e-01	2.801420261522164e-02	6.886396008428557e-01	8.311961205615135e-01	3.064490006441613e-01	6.197117757549113e-01 
83126	7.393226486762354e-01	8.140467184981592e-02	5.919937660138002e-01	5.391159565392399e-01	8.815636351654927e-01	1.156744227915640e-01 
83127	5.282610226626385e-01	3.419721620928752e-01	8.270771099635738e-01	5.493495288835034e-01	3.059068798693035e-01	2.762746261512516e-03 
83128	5.926213983285324e-01	4.613593005802343e-01	3.485881090018340e-01	2.967376366890996e-01	6.941669679472331e-01	4.910232572663576e-01 
83129	3.308617154067265e-01	5.564954792731096e-01	2.709343297733829e-01	5.230148469826936e-01	2.423478659695705e-01	5.047225760967433e-01 
83130	9.084437281241795e-01	1.509631312583758e-01	3.326004705824692e-01	2.547610357761774e-01	8.990449417263546e-01	2.527478808309824e-01 
83131	6.341031967693396e-01	3.820094641472245e-01	9.083374647828615e-01	3.683876597684261e-01	5.139698391446278e-01	6.034196665516423e-02 
83132	9.245138337620218e-02	3.812307390604563e-01	9.822082566061873e-01	4.583513373843323e-01	4.595639764616712e-01	8.243452293984763e-01 
83133	2.463385722041673e-01	4.386001077975100e-01	7.664485594046264e-01	1.465706874054360e-01	5.094664717226699e-01	6.532486068372587e-01 
83134	7.509626689524969e-01	3.268390004911504e-01	6.484262791951647e-01	1.627808677350829e-01	7.477151365391799e-01	4.826994914089666e-01 
83135	3.518744223516092e-01	1.492714222826465e-01	6.933872581461102e-01	3.315944704252282e-01	8.454899405305308e-01	6.971669470705280e-01 
83136	2.293035896176367e-01	2.324408207619866e-01	2.121761081425019e-01	7.824908834336125e-01	8.553478435425140e-01	4.821403102127773e-01 
83137	6.020576873572121e-01	8.486626181082727e-01	3.772373097410225e-02	6.681514791229131e-01	6.740873661661190e-01	4.827023792907865e-01 
83138	7.432325961600095e-01	5.836888473860447e-02	7.468674787145821e-01	4.168010194258120e-01	5.243989964897937e-01	5.936650282015652e-01 
83139	6.142881449165201e-01	2.887793476419879e-01	1.876413945124309e-01	4.296777355786438e-01	9.515811151401317e-01	5.676371725288412e-01 
83140	8.811845917577072e-01	2.177217844164676e-01	3.362040754603490e-01	8.846780990232305e-01	4.024003574813735e-01	3.942546484156942e-01 
83141	3.964553182562834e-01	2.581562427038098e-01	2.043915555943961e-01	7.859950795889851e-01	4.413244904762933e-01	6.713780659671511e-01 
83142	4.763951270275306e-01	1.295270137192988e-01	5.870059137703199e-01	3.788700048908683e-01	9.063449655802651e-01	4.203017193734889e-01 
83143	5.887990606789211e-01	6.977660257623818e-01	5.145589779690823e-01	7.526364723890917e-01	1.954918507741380e-01	7.315711977153673e-01 
83144	6.213778793685072e-01	6.811741371570221e-01	5.479861519203335e-01	3.670661088300892e-01	7.955993546227271e-01	1.491601692116551e-02 
83145	3.819667618236946e-01	4.589484230959825e-01	3.988255885714752e-01	8.770499891192297e-01	2.782331602619258e-01	9.286508415297511e-01 
83146	5.670353723209773e-01	7.757949023733715e-01	2.521784804718892e-01	6.362659413303207e-01	1.740911150114945e-01	6.884412805885132e-01 
83147	7.958696063823238e-01	3.349061852551592e-01	6.785864962847538e-01	2.406317605614032e-01	8.488001993844817e-01	1.686553326920604e-01 
83148	3.925143179141914e-01	2.779176834482793e-01	3.290792152398218e-01	5.257887849901978e-01	9.601641496833502e-01	7.996120648365521e-01 
83149	1.389049784123964e-01	1.402416057505838e-01	5.816795451563628e-01	6.295080848291336e-01	5.751499525412855e-01	9.367306058216121e-01 
83150	3.995371501248126e-01	3.684507116344866e-01	7.597617301514931e-01	2.432177468703288e-01	8.117051127401937e-01	2.047263321025774e-01 
83151	3.660764362017455e-01	5.681364578280318e-01	1.039106711400989e-02	5.265442800032600e-01	8.345937040640260e-01	5.465810798359247e-01 
83152	7.451558099932979e-01	8.020823699933012e-01	4.639619478741510e-01	3.417163694121006e-02	6.095238454529341e-01	3.624842692390146e-01 
83153	4.309880247858490e-01	4.262679681632565e-01	2.600453021518175e-01	5.365721929610248e-01	3.974690817383402e-01	8.797857900330387e-01 
83154	5.697107778043951e-01	5.283759567677740e-01	4.524097824309850e-01	6.137954674390931e-01	9.753149982100698e-01	6.934177482802312e-02 
83155	2.212300619002748e-01	2.307308487057264e-01	5.949065640279538e-01	7.465280715280062e-01	7.468733836378111e-03	8.552181951666041e-01 
83156	3.757047494434971e-01	8.570325734140066e-02	6.467442246439556e-01	1.096089964360370e-01	7.934818541945621e-01	4.548188265600546e-01 
83157	8.894536129853075e-01	2.435781313216982e-01	8.032737100470690e-01	4.562357967563250e-01	1.196651919150130e-01	1.830298166712370e-01 
83158	6.018303993954174e-01	3.364295752298370e-01	4.599829546762878e-01	6.946497422677405e-01	2.924334056316216e-01	2.731564012223645e-01 
83159	3.808061512878442e-01	9.708956253322221e-02	8.240823630263767e-01	7.105073297958878e-01	2.962230458856686e-01	5.168973805942547e-01 
83160	9.998940399408575e-01	7.140617532919064e-01	1.261194614405437e-01	3.972697577980365e-01	5.440011793384338e-01	2.755252462664164e-01 
83161	8.176699600360944e-01	8.975381598065966e-01	1.272923788665205e-01	6.931755639973970e-01	9.272729909818850e-02	3.792507107991847e-01 
83162	3.825569346123326e-01	3.669869032588177e-01	7.862712585356180e-01	1.718659989135132e-01	6.343108807131154e-01	3.275601466375516e-01 
83163	2.509343795164204e-01	6.303010351113414e-01	6.308317986912003e-01	2.368003338430974e-01	8.231658823498558e-01	4.541171333007287e-01 
83164	7.129017153937971e-01	7.377091011473375e-02	5.041986142808800e-01	7.346113663043050e-01	8.251269316651477e-01	5.179441487177077e-01 
83165	9.309512391254532e-01	9.658607630404555e-01	5.760572410600037e-01	8.328456180827201e-02	6.660766003106342e-01	3.316336501098488e-01 
83166	6.319583943842317e-01	3.769661084757464e-01	6.150090667236037e-01	8.360074484570678e-01	3.842349841674747e-01	7.973839908277403e-02 
83167	7.261341162697014e-01	2.474536001558669e-01	5.846884474549475e-01	3.691911199214631e-01	7.034814418515736e-01	4.224554098844350e-01 
83168	9.940478224716276e-01	6.012614320204668e-03	7.024050906924458e-01	1.955926232907539e-01	4.831776279365577e-01	2.669233481085272e-01 
83169	7.349934304773142e-02	5.647131221276986e-01	3.411237304314149e-01	9.095471521338832e-01	2.027952991832556e-01	5.336233210914217e-01 
83170	3.887452733817399e-01	2.907814365458712e-01	2.277211235818946e-01	8.018684613653762e-01	4.948409983953730e-01	3.237128745948228e-01 
83171	3.725713386153460e-01	6.413230514771094e-01	2.203233065327224e-01	8.467202569857468e-01	6.735301469641796e-01	2.843567299964698e-01 
83172	1.124828152950505e-01	7.217674731219403e-01	5.128855976473876e-01	8.199965278565743e-01	3.937531311787478e-01	3.616036377713628e-01 
83173	1.665333562378107e-01	5.942892279738166e-01	2.125731169822004e-01	1.751431457493879e-01	8.137450033107828e-01	6.357562871152060e-01 
83174	4.896807496768886e-01	4.149401569345667e-01	9.174166553654945e-01	2.984045330573079e-01	2.299778863730191e-01	2.912038581618263e-01 
83175	6.319042170658237e-01	7.351115416727305e-01	3.588690569039918e-01	5.222726357920292e-01	7.435258420554429e-01	1.657767770313019e-01 
83176	4.116822250719387e-01	7.161079930853668e-01	1.591315993066034e-01	7.523639547147165e-01	1.286878315671230e-01	8.391411859390737e-01 
83177	5.105133580310995e-01	6.722069235330544e-01	3.098547381540922e-01	4.432913831679201e-01	8.947071621999536e-02	2.890581819678120e-01 
83178	9.502641112077095e-01	3.045532260350340e-01	7.423437215112949e-01	4.149035915399998e-01	4.313046082769898e-01	5.049018003470751e-01 
83179	2.572064566208013e-01	3.318283310337469e-01	7.944528653772315e-01	3.437482857101222e-01	8.172749364236231e-01	5.390918935916705e-01 
83180	5.616835411064534e-01	9.052054289444639e-01	8.553373697583686e-01	3.282857196922058e-01	4.219770169919664e-01	2.816133709511627e-01 
83181	8.197042781488544e-01	2.566469052996261e-01	7.346120593355518e-01	2.625601042418629e-02	7.015663029947339e-01	2.863533741797848e-01 
83182	7.876788175201341e-01	3.550970156347830e-01	3.462273598031113e-01	4.743028762335054e-01	1.029870573146581e-01	4.946988307238319e-01 
83183	6.501302350609850e-01	6.882427602551556e-01	3.575624754873110e-01	6.732904827100115e-01	7.794141612376405e-01	3.069412104509502e-01 
83184	6.101121898488227e-01	5.261113788725577e-01	6.240220977074605e-01	1.069687729860866e-01	5.688287306628512e-01	6.588731100926193e-01 
83185	8.229816299954679e-01	3.166339214916109e-01	4.331970461096404e-01	9.060787831743109e-01	1.294569836825670e-01	4.937564633555994e-01 
83186	4.193451721740321e-01	7.728311630738460e-01	4.502353456954034e-01	8.765619737281370e-01	4.467912795187262e-01	1.540277235371350e-01 
83187	1.022767700667703e-01	9.533892063877132e-01	2.514483249497323e-01	5.989728432411314e-01	3.774692535613993e-01	8.345784189567762e-01 
83188	2.231316285291239e-01	4.573847260935499e-01	7.771626995803975e-01	6.155248151726794e-01	6.431907232982031e-01	3.094402746031515e-01 
83189	3.914086327631365e-01	1.996794604676991e-01	7.916591113647068e-01	2.779184279211739e-01	4.253391844220772e-01	6.262685295366593e-01 
83190	4.677820536861282e-01	3.894564640238588e-01	9.367229889486983e-02	9.469513644744142e-01	6.256045686863645e-01	7.104573892850963e-01 
83191	3.035387212483728e-01	9.057526898676020e-01	6.260041765183005e-01	4.880181599063750e-01	8.196080019386121e-01	2.654506400963771e-01 
83192	4.212979441193708e-01	8.799154202717999e-01	1.674093199083227e-01	5.424963781499972e-01	7.479752130212025e-01	1.999867924739190e-02 
83193	7.206522458491291e-01	4.156314305506728e-01	1.134339291597742e-01	5.111329345579534e-01	9.176379846732109e-01	3.414466082706010e-01 
83194	5.601096029869046e-01	3.059575288018008e-01	8.049352833929641e-01	7.058870636378956e-02	9.874901112192201e-01	3.641517030389056e-01 
83195	5.149983102163777e-01	9.415341727768738e-01	5.790490133483327e-01	1.186362235995313e-01	9.244637035963771e-01	2.620579880395032e-01 
83196	9.198342413252407e-01	1.050399902776450e-01	7.937574218618803e-01	9.714526933966795e-01	4.344182333864945e-01	3.277848540041736e-01 
83197	9.362962289252451e-01	4.163535425655729e-02	7.329307440579574e-01	7.225637236949817e-01	5.138734739313081e-01	7.529352156658731e-02 
83198	8.162723328524576e-01	5.455732489517486e-01	3.499398440217335e-01	6.165037308598701e-01	7.557148800689757e-01	2.376924115348633e-01 
83199	1.835750995969501e-01	4.993673110481873e-01	7.161028945509285e-02	6.277687742854532e-01	8.019989135753495e-01	8.220945124593939e-01 
83200	4.041825135686714e-01	8.393233562724814e-01	5.393687552024276e-01	4.829528028945286e-01	3.175770337366622e-01	9.157232944305579e-01 
