45801	4.264526001068644e-01	7.430090641632925e-01	4.603031287601999e-01	9.716094100967977e-01	1.570216586873062e-01	1.296608398811124e-01 
45802	9.387631434548488e-02	3.762370866689121e-01	9.829119035683459e-01	8.154690263402306e-01	6.276686653007313e-02	8.198992732930199e-01 
45803	3.934626752608135e-01	8.513541790513719e-01	4.604633550536577e-01	8.123727908319865e-01	2.828726947253916e-01	1.607361645716277e-01 
45804	4.666750473731363e-01	7.560992954696455e-01	2.358230704108965e-01	9.681733093724318e-01	6.426699781550975e-01	3.997925213938250e-01 
45805	7.585822362314367e-01	2.402065326374880e-01	9.719427611923318e-01	3.503022588081208e-01	2.340637612211922e-01	6.925200014995687e-01 
45806	3.766599526922956e-01	9.533582528907065e-01	3.480372085780051e-01	6.807843723910079e-03	6.484454272438820e-01	4.446946879511352e-01 
45807	6.023902837494262e-01	8.397185423946393e-01	3.513858122726699e-01	6.242467640187164e-01	6.302617087142162e-01	1.547336100860028e-01 
45808	4.688108317113550e-01	9.797457812172374e-01	2.944916154657481e-01	6.196421988578882e-01	4.402954460302442e-01	3.749285264540481e-01 
45809	4.212471298727077e-01	4.619090741961456e-01	9.213590318602791e-01	4.742480289971318e-01	4.146493562695308e-01	3.168879937965017e-01 
45810	2.998543107130734e-01	2.786370250746644e-01	6.773343563899539e-01	6.369267808757983e-01	4.076792302012275e-01	7.994564661148901e-01 
45811	7.321864962024586e-01	9.281814374198666e-01	3.217635223548768e-01	1.328510813949009e-01	4.216208767086512e-01	5.535055134169378e-01 
45812	6.216717374482698e-01	3.380938258850936e-01	4.101447616047144e-01	8.259139027961326e-01	5.834311596128180e-01	4.257290514704465e-01 
45813	4.293361826966525e-01	5.243762795120102e-01	7.175592311014803e-01	5.583260824904522e-01	4.086005084097185e-01	2.470957228736900e-01 
45814	3.776519062531102e-01	1.211883966438417e-01	2.522588431033179e-01	5.439579547475601e-01	7.909473873981281e-01	6.570396468951314e-01 
45815	8.990439367711970e-01	1.005179371400833e-02	5.254380995818428e-01	9.558960982592482e-01	8.345833020425819e-02	8.095335552281976e-01 
45816	6.913463164007736e-01	6.054289059634925e-01	1.811142655499857e-01	6.363006381252181e-01	5.152467175186202e-01	2.618337574654906e-01 
45817	2.795262757656902e-01	2.640928778766273e-01	4.802600304097369e-01	7.490193193536276e-01	9.799082031190285e-01	4.417205341523401e-01 
45818	5.854407533032477e-01	5.446199112095576e-01	7.326970030601911e-01	1.165045858685137e-01	4.045108980868232e-01	3.831111055651506e-01 
45819	1.632237135896938e-01	7.407550998591393e-01	4.190561448302809e-01	9.148960426471489e-01	8.133118906586191e-01	2.860700426774761e-01 
45820	1.717942230269776e-01	6.967660806432833e-01	6.715746228193122e-01	8.083154266689078e-01	6.254761940785885e-01	6.142484516806296e-01 
45821	7.179784370041078e-01	7.808989061797108e-01	7.916234381933774e-01	5.786247750393279e-01	6.682277777056966e-02	3.249516839726255e-01 
45822	5.638913419976826e-01	1.140605946684113e-01	7.621910404838602e-01	7.744366972890468e-02	7.040959475140701e-01	4.531431885761179e-01 
45823	6.548136236858220e-01	5.218818849977163e-01	9.192508451121850e-03	6.145939454069715e-01	6.197874603711888e-01	8.151119671648850e-01 
45824	7.002756942566501e-01	3.883288797785129e-01	5.588060516276828e-01	8.093811894682591e-01	1.473049243390021e-01	3.398286185095805e-01 
45825	3.027982254389147e-01	5.675057577031966e-01	2.552528301808746e-01	3.453960570033825e-01	5.490568786862661e-01	5.970267143854034e-01 
45826	5.509938265146832e-01	1.967654674774397e-01	8.988413084624595e-01	8.916680725242512e-01	3.570970431701830e-01	4.216338258060666e-01 
45827	4.455458241662680e-01	1.720594528615988e-01	7.719682843121417e-01	7.613048140183731e-01	1.761549397510355e-01	3.432648694708913e-01 
45828	5.020774166385551e-01	4.011898989494510e-01	3.950400111650169e-01	8.026722740685712e-01	2.443745739787793e-01	3.983078173321328e-01 
45829	6.883662307366264e-01	5.844730266941189e-01	6.939460720543675e-01	9.428456492583159e-02	3.624310935485889e-01	3.177507284266453e-01 
45830	5.676542963259515e-01	1.297450076052856e-02	2.093176928121498e-01	9.455035466526973e-01	5.736505256829889e-01	2.882404199855126e-01 
45831	6.912885010843834e-01	6.808983428781074e-02	3.171125090406998e-01	7.320433601032919e-01	9.580173401278467e-01	4.354340920596302e-01 
45832	4.860128867341506e-01	7.487743404960551e-01	2.889565337537614e-01	6.523661780470242e-01	1.067734503049426e-01	9.227587197981338e-01 
45833	4.434800830135700e-01	6.033732527896697e-01	9.620717689549262e-01	3.703733420776594e-01	3.148701439457783e-01	4.336810709066468e-01 
45834	4.525393623937154e-01	6.178646343900788e-01	8.082363900598168e-01	6.470696226100885e-01	5.977313827952292e-01	8.149519843736041e-01 
45835	6.874913971474230e-01	5.705187866027627e-01	2.666936156259520e-01	9.470562878180461e-01	2.043686983976726e-01	1.419116832862750e-01 
45836	4.184571386732250e-01	9.943645277302194e-01	7.491199117198057e-01	7.698150195015702e-02	3.056130670770119e-01	4.280652311733719e-01 
45837	5.734852754076702e-01	1.605258258478841e-01	1.683241019811209e-01	4.168146808856700e-01	6.484553504398127e-01	6.863921586016931e-01 
45838	6.296590955611159e-01	7.197678806336842e-01	5.483760168043893e-01	2.949995383922815e-01	8.146051264294032e-02	4.855868016347513e-01 
45839	6.415240123106082e-01	1.762513169490237e-02	1.956085887056774e-01	8.198294618774964e-01	5.864446189373782e-01	4.541152721783808e-01 
45840	2.695580171669620e-02	7.837382116916156e-01	7.335245968587142e-01	3.687742180026968e-01	3.440698453927793e-02	9.553744095737040e-01 
45841	5.616452818206942e-01	2.911796068685413e-01	6.511789641411843e-01	4.666045395094315e-01	3.813034247338128e-01	4.288809200875144e-01 
45842	8.138167783121776e-01	3.668851020555947e-02	9.326546018281210e-01	1.130359697485981e-01	7.393727934821694e-01	3.704294723080549e-01 
45843	4.743400333358466e-01	5.075666239874749e-01	6.362182112916470e-02	8.955052856070265e-01	4.278910227331727e-01	5.405422172883009e-01 
45844	8.068700063046761e-01	2.098176072446946e-01	8.217600496082580e-01	5.393027159494556e-01	1.471620550140395e-01	4.005715000762110e-01 
45845	5.669765079011330e-01	1.025788199062262e-01	7.957556639244716e-01	2.011965400628572e-01	6.377740163095323e-01	6.770763491696768e-01 
45846	5.054910281124838e-01	3.136691232563435e-01	2.959768778206513e-01	7.697437861992393e-01	8.166148933658397e-01	9.895815536139971e-01 
45847	1.748733218938446e-01	6.616487212418458e-01	2.461198049304385e-01	8.105675019073274e-01	8.221355240959649e-02	5.904138473856871e-01 
45848	9.003362732769684e-01	3.895064583330557e-01	4.520486126267771e-01	5.084539208074526e-01	5.997202474654890e-01	5.757711590651536e-01 
45849	6.772477432764745e-01	4.855946018651316e-01	2.491123226316109e-01	1.931444504653260e-01	5.284232489360172e-01	7.676532296471092e-01 
45850	4.161326666882654e-01	3.754675554311710e-01	8.260323412727971e-01	5.365070571533238e-01	5.988857871776225e-01	4.905366787591479e-01 
45851	4.830920589668991e-01	8.286489021444753e-01	2.988424872052364e-03	9.843018636952997e-01	5.465689447572443e-01	6.636030255588382e-02 
45852	2.909168453915102e-01	3.606895928675436e-01	1.071527220589911e-01	5.225282157315448e-01	9.381882520948273e-01	8.975702489457942e-01 
45853	8.846517255747989e-01	2.139140421775357e-01	8.831629356964550e-01	5.853342265837743e-01	5.776119116674479e-01	2.627658492790896e-01 
45854	6.843800405656306e-01	5.850260780302996e-02	7.901604313712638e-01	8.571343528562633e-01	9.719826980008273e-02	7.430426574553886e-01 
45855	9.386758230002847e-01	8.068150390344601e-01	2.813422023204920e-01	1.821582674161527e-01	4.979576077132349e-01	3.675696474082515e-01 
45856	7.148554472996757e-01	9.578174412064758e-01	5.340522918993211e-01	1.391579492555274e-01	7.594681386825328e-01	5.064754920536794e-01 
45857	8.725623564264600e-01	7.750395901998393e-01	1.427652667116318e-01	6.836159239040009e-01	7.511803645619977e-01	9.789511937308215e-02 
45858	1.141780355668260e-01	3.752334832738066e-01	6.837154988955345e-01	6.437919738165647e-01	5.309951227089100e-01	8.010904948989511e-01 
45859	7.510810237018279e-01	4.488753271590442e-01	8.144267166032172e-01	1.818244668054347e-01	7.463050193241307e-01	3.030563683102244e-01 
45860	2.697196194137944e-01	1.317189555805431e-01	9.642700938964446e-01	7.723785627984989e-01	4.002406690071133e-01	6.199248467574729e-01 
45861	4.997862070339754e-02	9.022137663986470e-01	3.668317485422858e-01	3.780736865573808e-01	1.480554528066277e-01	6.402928501374047e-01 
45862	1.811670342981387e-01	8.833942215887129e-01	4.381885975495049e-01	6.107496748219594e-01	2.357772966244012e-01	3.671794837133313e-01 
45863	2.669821956593125e-01	4.299897399093516e-01	5.741832157455466e-01	4.777727011142738e-01	4.658875894649845e-01	5.416823527553953e-01 
45864	4.470425635966339e-01	4.072920303276330e-01	9.229952510777575e-01	4.611026061870054e-01	5.113697258359458e-01	6.506943908774109e-01 
45865	1.332522389077169e-01	2.705481639652838e-01	8.469519242168083e-01	1.761715273082041e-01	4.291255224593435e-01	7.850814637305996e-01 
45866	9.008328243046454e-02	9.194086785837663e-01	4.205100648818683e-01	7.686273324736095e-01	2.679269497406812e-01	6.984789269635093e-01 
45867	6.571203978012233e-01	3.853698167723625e-01	2.099345299370522e-01	7.903707358235639e-01	8.351471406853752e-01	5.415773536802670e-03 
45868	3.169435256965233e-01	8.801804541582383e-01	1.095520577886409e-01	6.783364719277390e-01	7.495747573719863e-01	6.078497134428196e-02 
45869	3.749630393328816e-01	2.849818496037938e-01	8.738543734014581e-01	4.737211735633398e-01	2.929558095877740e-01	4.198476993105059e-01 
45870	5.067637806734846e-01	3.077119554947491e-01	1.253243114137952e-01	8.548226110845734e-01	2.438238000407642e-01	3.753672574023889e-01 
45871	7.807028488793919e-01	4.134311964996641e-01	7.703082541456914e-01	6.633679670707467e-01	2.192018620705344e-02	4.095837811744808e-01 
45872	3.000571423761462e-01	6.010439684881801e-01	5.499153648417612e-01	8.494522179066276e-01	6.956765985014554e-01	3.645613739561954e-01 
45873	7.817579610327721e-01	1.091831636048288e-01	9.555533150911948e-01	4.440941445268254e-01	3.678891531093848e-01	5.339982921160231e-01 
45874	5.153055763368756e-01	4.735545682924746e-01	6.041827456913467e-01	4.950620717961567e-01	4.032079565877604e-01	5.123098855997958e-01 
45875	3.096228801138657e-01	6.633588851578105e-01	4.140417838911488e-01	2.867368242284578e-01	7.239074932678025e-01	5.089225486950766e-01 
45876	2.691137503720484e-01	1.534662530345133e-01	9.951574264373610e-01	3.801579704139978e-01	6.164837481209884e-01	7.955106594571923e-01 
45877	5.130333265410549e-01	4.247685875202403e-01	6.892114508894502e-01	2.154934769117882e-01	8.329459218686805e-01	6.591143094587031e-01 
45878	1.115575454785022e-01	8.778554855455182e-01	7.485895448197167e-01	2.505947734175600e-01	1.133399574456005e-01	6.192974149934070e-01 
45879	1.569731982234303e-01	6.388601973140412e-01	5.755430900858931e-01	2.655806533774024e-02	9.960669395680940e-01	7.286920677514804e-01 
45880	7.863861874291903e-01	1.476109786574913e-01	4.007760415804721e-01	6.209566457734730e-01	7.093463675253209e-03	6.505115668726452e-01 
45881	3.951632978528943e-01	1.053197276348306e-02	8.792179039031786e-01	6.245779689307953e-01	5.360313649458093e-01	8.001944774990062e-01 
45882	6.746083307715008e-01	3.537342104394117e-01	2.788591719629119e-02	9.345488326350602e-01	4.915723953993754e-01	1.667561395549020e-01 
45883	8.956232576890549e-02	7.506501642492538e-01	9.970131883407991e-01	6.173520444211733e-02	9.627317118724673e-01	4.400203477766307e-01 
45884	8.416119541636584e-01	2.113516690598272e-02	2.346946945256390e-01	8.826643638825780e-01	7.213343486924343e-01	4.818474503201908e-01 
45885	2.106564355898723e-01	7.741426950712003e-01	6.958002615342305e-01	4.957703603106891e-01	4.408023604469754e-01	5.580677243914137e-01 
45886	5.356518359674695e-01	1.131672400748431e-01	5.843419114540214e-01	7.924268735194335e-01	2.578843814238376e-01	2.593546679671309e-01 
45887	6.688907034582214e-01	7.030215028727512e-01	1.243966648157501e-01	5.123055355086735e-01	1.487444979721013e-01	8.100898990699588e-01 
45888	9.311095849253295e-01	4.486685573237351e-01	1.745045132456260e-01	5.670758367980393e-01	7.807737012687027e-01	2.001244376156052e-01 
45889	2.387991623812751e-01	1.028418295965859e-01	3.890578842601980e-01	9.577236476194938e-01	9.719836979068874e-02	9.485495076968447e-01 
45890	2.378869087168581e-01	6.497409316695213e-01	6.749856418646386e-01	1.553772965810805e-01	8.598144503705616e-01	2.442073723675721e-01 
45891	5.132523468165701e-01	2.081824604575345e-01	7.586692704956657e-01	8.596994999244334e-02	8.856789689093745e-01	3.044668967924016e-01 
45892	1.543099141605825e-01	9.300152409304017e-01	3.502765473391328e-02	4.529180486349526e-01	4.085542888376418e-01	3.869717704361498e-01 
45893	6.559768576234023e-01	5.796510237116380e-01	2.728263270176741e-01	4.230944553490378e-01	6.449391827389079e-01	4.701418512475567e-01 
45894	5.928754328594534e-01	5.476003495624633e-01	2.733683608661396e-01	6.080947427236082e-01	2.669147228961700e-01	1.971949863669870e-01 
45895	4.653010744026870e-01	6.212803348157407e-01	9.583807098041635e-01	1.027346522829996e-01	5.483336722651062e-01	4.807968313566262e-01 
45896	4.648587189946807e-02	7.986029479310486e-01	8.020093632371986e-01	6.727728996184408e-01	9.608848882997156e-02	7.853552039672357e-01 
45897	6.816773451095229e-01	3.906197454276550e-02	6.182305109569146e-01	9.542067447462393e-02	6.785788864854368e-01	5.305514944596298e-01 
45898	1.857479563905108e-01	5.457527103331770e-01	1.686022370702495e-02	9.347920075940452e-01	6.208646875740940e-01	8.399475589934694e-01 
45899	4.635079767119225e-01	6.255023649945546e-02	3.557836055426089e-02	5.898621902304485e-01	7.143597187707962e-01	9.536441785029743e-01 
45900	1.164965651000884e-01	9.168657849205817e-01	1.883520514411670e-01	2.244284748246787e-01	4.421526466827714e-01	9.339431341058049e-01 
45901	3.395505339321132e-01	4.181511556545789e-01	5.225313994331713e-01	1.683692269067772e-01	8.598413391394729e-01	8.278024327354139e-02 
45902	6.758455186293907e-01	7.151071099504210e-01	5.335903086426677e-01	3.289555315677722e-01	7.477426225349371e-01	1.505227522343611e-01 
45903	5.844006332799068e-01	5.395150314052692e-01	7.452320655201842e-01	3.924552536241915e-01	5.974844249257070e-01	5.611028089959080e-01 
45904	5.995280818418317e-01	1.044837944912400e-01	8.554367021247713e-01	1.656399420338998e-01	3.524070878755677e-01	9.222029815377141e-01 
45905	8.090103372469964e-02	4.197791674776157e-01	8.657670612248084e-01	4.543412116611208e-01	9.904507965638029e-01	3.851903280502708e-01 
45906	7.472225103490252e-01	6.416611604399434e-01	9.725193750398312e-01	1.567738944477969e-01	1.104658593813775e-01	4.298093342734551e-01 
45907	9.223418859464767e-01	1.094673340014803e-01	6.969221453448056e-01	8.212779480584020e-01	3.033180887799004e-01	4.174825352635363e-01 
45908	2.450661726748621e-01	4.550650358529170e-01	8.840455742167552e-01	2.641591648039487e-01	6.524318175658733e-01	8.033140897869580e-01 
45909	5.660720525387642e-01	2.400359864609602e-02	4.192338880521606e-01	4.851610180503231e-01	5.810224460455238e-01	7.196708707369027e-01 
45910	4.362316342301807e-01	1.050890100206472e-01	5.564026988782164e-01	9.820523596012293e-01	7.351676217330683e-02	8.798360317205436e-01 
45911	2.046591304402031e-01	8.348739679216595e-01	4.426336329834500e-01	6.124532754371892e-01	1.785985788128228e-01	1.981780728445152e-01 
45912	5.601344375206636e-01	3.800715042235145e-01	6.346769454008752e-01	1.062008966385947e-02	8.941335686065047e-01	3.982409610715970e-01 
45913	1.153583780297491e-01	6.453389362736710e-01	5.018379002256723e-01	6.419349662811265e-01	5.047086428520164e-01	9.358684303809518e-01 
45914	7.955436788249290e-01	5.265412570203278e-01	8.471372103729814e-01	6.881014666432356e-02	6.556441097036064e-02	7.287738247176265e-01 
45915	5.083984114649909e-01	6.149671050832939e-01	8.261860441449564e-01	3.439471570803940e-01	8.013729027034732e-01	2.169136143885239e-01 
45916	2.153217978352083e-01	4.957085685529343e-01	9.154409334502397e-01	3.256538654593472e-01	2.909515130239406e-01	8.914408900209584e-01 
45917	8.448010635452786e-01	1.228160468805067e-01	9.257840552364558e-01	1.130347946315402e-02	9.928926634876405e-01	1.205633768266331e-01 
45918	8.188874977734466e-01	7.155236375949042e-02	8.071422018450810e-01	8.288951437861978e-01	6.637373135929303e-02	9.123361861912989e-01 
45919	7.980588285794566e-01	9.389649013948758e-01	6.571229880906193e-04	3.551579115638619e-01	3.230329916426294e-01	5.973502804876465e-01 
45920	2.813228113116152e-01	5.620764146205437e-01	8.705264856059520e-01	5.528594190072016e-01	7.286020497125005e-01	3.677512501974858e-01 
45921	8.709192572204215e-01	3.296399467726114e-01	1.333115510847830e-01	9.387345427599962e-01	3.847002463207044e-02	2.302373362429966e-01 
45922	3.862529369257764e-01	1.318269099118717e-01	6.955160975729564e-01	8.661947859909689e-01	2.943134505003171e-01	7.789378442185921e-01 
45923	8.289508446360784e-01	4.039490705422341e-01	4.315767444269544e-01	6.842110289167740e-01	2.345953556703934e-02	1.392094572686891e-01 
45924	8.763640046434895e-01	3.058089992342640e-01	3.521394696826944e-01	7.543922793724409e-01	9.287539826236646e-03	8.160988067667182e-01 
45925	4.299452212371762e-01	3.341035976093668e-01	7.410970152280877e-01	4.067016721421184e-01	9.302689293532606e-01	4.153133091324884e-01 
45926	8.099090634602674e-02	6.795955401023966e-01	3.977187766789194e-01	9.749435654118132e-01	6.991724128002561e-01	5.149793068284629e-01 
45927	3.955210855571769e-01	7.899297709507036e-01	1.855438175461155e-01	3.967299225153368e-01	4.394842402364557e-01	6.416901593736222e-01 
45928	7.145402972621600e-01	6.648472339670726e-01	1.316818632067273e-01	7.350772915039345e-01	2.064623279635447e-01	6.446234265119735e-01 
45929	5.355229031408990e-01	5.372020563372670e-01	2.736641421257212e-01	5.300740427524795e-01	5.762021627933733e-01	4.685973408866199e-01 
45930	8.478929247804271e-01	5.954955043276733e-02	2.362663133293005e-01	8.206251395188678e-01	1.517309256461497e-01	4.673538512499177e-01 
45931	9.483205084369896e-01	3.880165232480485e-01	7.332417334985341e-01	3.597524769313424e-01	6.228677058334331e-01	1.823301599699303e-01 
45932	5.370951015165890e-01	5.643812511119252e-01	6.284432619230164e-01	4.686364473695444e-01	5.097152213210822e-01	6.811088878469246e-02 
45933	8.597977984834366e-01	9.393860261993726e-01	4.826077085657227e-01	1.707116852139178e-01	2.750279647362136e-01	3.866057362337201e-01 
45934	5.553817185056094e-01	8.866302782410441e-01	3.895606324796218e-01	9.539597177889536e-02	1.777472286247416e-01	5.547424463287314e-01 
45935	7.126213238261925e-02	5.282319886993858e-01	6.086017645788222e-01	5.943499983573540e-01	7.742608445880085e-01	3.218696287484886e-01 
45936	3.721787941530138e-01	5.939982408182761e-01	6.017133623102893e-01	2.842095971766222e-01	5.790543930580130e-01	1.789833479121380e-01 
45937	3.586183423278597e-01	5.072753443919205e-01	2.596716323634776e-01	4.174902557525483e-01	6.367476622468750e-01	7.183195366084564e-01 
45938	2.418145387048642e-01	6.743059873706295e-01	4.113896081688844e-01	3.875036564379519e-01	8.733223771216367e-01	2.656305323904210e-01 
45939	2.952250736685682e-01	2.009335176512103e-01	5.789861970805370e-01	1.968748183575187e-01	5.069254490199042e-01	9.812404054855201e-01 
45940	2.860336957487607e-01	5.082414948433233e-01	8.107403322024681e-02	5.960966075064140e-01	6.607895713831050e-01	7.639958895311292e-01 
45941	6.924789727008177e-01	7.869367904022290e-01	1.103990778875129e-01	3.175976594516678e-01	7.437961843569079e-01	5.918922214542383e-01 
45942	8.916153546250554e-01	6.361480633997385e-03	2.533280085253509e-01	9.472650456256864e-01	1.305177668707872e-01	7.103669695172583e-01 
45943	3.381445630068157e-01	1.426298652074533e-01	7.274761835288015e-01	7.987035999794810e-01	2.765510040018279e-01	9.916356217043122e-01 
45944	6.083916853063409e-01	1.207458135053172e-01	7.527225927638769e-01	6.533875160453853e-01	6.567214259989054e-01	1.037142625892281e-01 
45945	6.829031742060735e-01	6.716819602342883e-02	1.223925883340723e-01	9.679704902080338e-01	2.559687895764817e-01	7.255275724945407e-01 
45946	9.681149725375360e-01	3.742577849942968e-01	1.477800922866521e-01	5.348338205591041e-01	4.665149204208626e-01	5.627924540772253e-01 
45947	7.866111002787424e-02	3.839658386120577e-01	5.968086349250492e-01	5.186076112643424e-01	6.572614049160145e-01	7.598918525003349e-01 
45948	8.135670584703238e-01	1.619394737130935e-01	3.033082057494966e-01	7.426845196069052e-01	9.155403094785461e-01	2.788862307276080e-02 
45949	9.386562508868966e-01	5.178412742004519e-01	3.333621636710159e-01	4.336627737160044e-01	6.883500168103613e-01	9.400389945632770e-02 
45950	6.290629028948521e-01	8.566464977117014e-01	1.109090409284414e-01	3.705597886960541e-01	6.124730126468296e-01	3.013844020934378e-01 
45951	6.646921693601036e-01	2.030127363638601e-01	6.988064509732470e-01	3.343533025143930e-02	8.259060387834638e-01	5.028036510165376e-01 
45952	1.266890397024247e-01	5.622897086679028e-01	8.710250257176060e-01	1.109104784782046e-01	4.124170879011536e-01	7.266217309704625e-01 
45953	2.173745440118273e-01	3.614514941139103e-01	4.659196245332226e-01	5.690099638681061e-01	6.974522416422767e-01	9.160448628033736e-01 
45954	5.231121912230531e-01	2.489092949907290e-02	7.684481917758882e-01	7.716823474628343e-01	4.032302464141732e-01	8.105834840769818e-01 
45955	3.215916251920542e-01	4.986131772485252e-01	7.067283524734042e-01	2.808431748327260e-01	2.045313867315229e-01	6.370310012801149e-01 
45956	4.153681267052147e-01	3.855428941267570e-01	4.656369009751329e-01	5.893809232392000e-01	7.061204501423993e-01	3.501069363553494e-01 
45957	6.585957250147429e-01	3.600949802775385e-01	1.306882370722299e-01	9.107857324868054e-01	9.897331972333223e-02	6.872963062356521e-01 
45958	4.149760417973267e-01	8.534401278262260e-01	1.179063991139236e-01	9.673912405736216e-01	4.129547025819612e-01	1.970967967002316e-01 
45959	6.800205175948040e-01	5.314808406673205e-01	7.634334883655095e-01	3.380596072252732e-01	3.284222040018329e-01	1.557640664974765e-01 
45960	5.311736455335785e-01	1.626303502511277e-01	4.106490924311340e-02	5.316550108469096e-01	7.951375781791128e-01	8.736649762110092e-01 
45961	3.583481848808273e-01	8.518183856112632e-01	3.341500540456862e-01	1.360105047005556e-01	3.440165778972847e-01	8.786609261983848e-01 
45962	9.683754865328261e-01	5.188468122832357e-01	7.454628197439102e-01	3.703335269969782e-01	1.093656438479113e-01	6.335822262367821e-01 
45963	7.440728435653636e-01	3.703216833768357e-01	4.169567776415444e-01	2.373207162246715e-01	7.163655083181253e-01	8.010878264068424e-01 
45964	4.630902787485236e-03	8.750097059675696e-01	8.422931187204241e-02	8.233051638181897e-01	6.307014193528513e-01	5.965395338016117e-01 
45965	3.055395124503427e-01	7.847787618062090e-01	5.970979119444459e-01	5.799557975898300e-01	2.537980983784782e-01	3.116745728987472e-01 
45966	2.557396826957563e-01	9.753874050814597e-01	1.182865410463551e-01	1.805257352701621e-01	9.067560066357971e-01	3.889413221164943e-01 
45967	5.640369063614332e-01	9.019031950436851e-01	5.018937903765512e-01	8.930689310290127e-01	9.602136155767887e-02	3.579837403996453e-01 
45968	2.694669332553019e-01	3.855708171051496e-01	3.915400372963404e-01	6.646232082856033e-01	7.876591664227304e-01	6.129492216483124e-01 
45969	4.200456945831411e-01	4.030168034616265e-01	1.053539465860842e-01	9.908284776725653e-01	3.644320154136672e-01	5.071618051634570e-01 
45970	2.671638039103291e-01	5.859450680884628e-01	5.642286920039095e-01	8.189592743846588e-01	7.450550556252626e-01	3.141106088736686e-01 
45971	4.812557180968074e-01	3.953088093489608e-01	1.494624109990110e-01	8.903227039452463e-01	6.257525183672699e-01	4.259053893369852e-01 
45972	3.824787526983426e-01	2.878180598016513e-01	7.302591430761028e-01	8.330659165661100e-01	2.531274496668083e-01	5.625493911976689e-01 
45973	6.213229031307945e-01	2.130978683612323e-01	5.970385988233778e-01	1.832499553933324e-01	1.982276430898794e-01	8.939812448142110e-01 
45974	2.771300534015155e-01	1.189742496296700e-01	6.130469883975712e-01	5.892170065001241e-01	8.375614054118803e-01	1.032314739131304e-01 
45975	6.146637168332509e-01	5.023146336299090e-01	3.320965866464095e-01	6.767946313256170e-01	7.204116340663529e-01	2.880538956506658e-01 
45976	6.810900094942414e-01	8.062998358590590e-01	2.579067237889388e-01	4.138286884528385e-01	2.250649791997766e-02	5.527231325666604e-01 
45977	6.146187204887493e-01	8.358597369412200e-01	5.010016689165442e-01	6.785666310000275e-01	4.735333451756080e-02	1.417045639302809e-01 
45978	9.970150569583791e-01	7.026216160707105e-02	3.601872844880876e-01	6.421658091894352e-01	2.126437425906331e-01	4.224044306645418e-01 
45979	3.699454957971482e-01	4.732735000007809e-01	4.601206990299284e-01	5.228772123897156e-01	5.761352345682196e-01	4.253583362349047e-01 
45980	3.872932455422062e-01	3.921014062258582e-01	8.583547391169042e-01	7.238574802237634e-01	1.444686875575919e-01	6.553223201879312e-01 
45981	6.605606993372074e-01	5.501294164924034e-01	7.041423894747882e-01	1.466180672387091e-02	5.181739718886201e-01	9.157645626336759e-01 
45982	7.256985742036038e-01	4.814967539128489e-01	4.245762339501986e-01	2.820550467307481e-02	8.046788159792572e-01	5.374511301825220e-01 
45983	3.450405703541235e-01	2.969624228206772e-01	6.431562991842561e-01	6.160784287087142e-01	6.558057071709138e-01	8.739067892602236e-01 
45984	6.957842980294799e-01	1.358224724608699e-01	4.310748881919803e-01	5.239908042043971e-01	5.932932342640156e-01	2.646986334410146e-01 
45985	8.765415938142336e-01	6.466694163417811e-01	2.051328779689825e-01	2.141048219520223e-01	1.617087867311625e-01	6.232447277359756e-01 
45986	1.819925619000202e-01	7.269513283786289e-01	2.553717536063714e-01	6.718456347970506e-01	4.154288428157943e-01	4.739377395298932e-01 
45987	2.488197795100979e-01	9.712092295101272e-01	1.261045902704094e-01	3.102239029947739e-01	6.842226608760942e-01	7.976815708287820e-01 
45988	3.156795379266840e-01	4.467001647403986e-01	6.410627833981917e-01	5.437040658621548e-01	9.629244182611033e-01	4.768592164095308e-01 
45989	3.734882387296958e-01	4.408424877290741e-01	6.858302397474544e-01	6.806484811735771e-01	5.338814624725123e-01	5.077080864879824e-01 
45990	4.938485143076325e-01	8.745243902402807e-01	6.533513694583305e-01	3.647671521236485e-01	1.718010127107995e-01	5.529232575319663e-01 
45991	6.283670897520113e-01	4.833267888557053e-01	6.258936481442127e-01	6.281475934704290e-01	4.266813325878482e-01	7.154409831584320e-01 
45992	9.852443772165433e-01	2.841890452346584e-01	2.140003263521548e-01	1.953556409932256e-01	9.470028545236631e-01	1.939932525143209e-01 
45993	6.708585873468432e-01	8.667783309101207e-02	8.189376725552698e-01	2.787596387263894e-01	6.611383723239528e-01	7.394262855123251e-01 
45994	1.789319219006885e-01	7.201327289667554e-01	6.496072010074029e-01	3.250296956576934e-01	7.222716915079908e-01	4.408475441400361e-01 
45995	4.611062289015551e-01	8.579703730352338e-01	5.211626587956441e-01	3.846918814862679e-01	2.829204564044739e-01	7.167450029266392e-01 
45996	9.632098606930127e-01	2.906944356758828e-01	2.890931761227415e-01	5.089681314374372e-01	7.327556433818984e-01	6.233295193341407e-02 
45997	2.211123990058041e-01	7.827299234288198e-01	1.256542467695665e-01	4.667096264784700e-01	9.214764849500551e-01	6.553164386010895e-01 
45998	2.811358155408872e-01	1.645902806502149e-01	4.858150625291853e-01	7.077537352858828e-01	1.724257466553247e-03	8.735128243789185e-01 
45999	3.901932289763936e-01	2.595264025650684e-01	6.687432957049939e-01	6.190351827986087e-01	2.994498058917337e-01	5.614201697271386e-01 
46000	8.365800215293355e-01	7.014044517870597e-01	1.279335207386618e-01	8.405806173554919e-01	1.828969046824491e-02	6.003969987755583e-01 
