85801	3.501267952487462e-01	8.645782894543764e-01	5.323600711947225e-01	4.476681990102541e-01	6.254951862758195e-01	4.453820644180526e-01 
85802	7.964871634566932e-01	8.042419847716421e-01	1.644864097409331e-01	5.340274718077248e-01	3.902815411254228e-01	3.145199717706481e-01 
85803	9.894644370427506e-01	1.672232757209828e-01	7.846726131461585e-01	4.020394590134524e-01	3.629997259898945e-01	5.824619911832196e-01 
85804	7.309135796637385e-01	5.509492098207320e-01	1.106953514585111e-01	7.900371895619309e-01	1.564575001118934e-01	7.896269270316589e-01 
85805	6.434105133228387e-01	1.003492372048403e-01	7.380076144514834e-01	7.153744907623955e-01	3.180251067025968e-01	2.758377905480342e-01 
85806	3.487288827634707e-01	4.949489029671977e-01	7.248933341126732e-01	2.548912448435273e-01	9.099559695050599e-01	3.681054479819522e-01 
85807	9.827758287985748e-01	2.044278410008192e-01	8.384226755773256e-01	2.297808168532449e-01	4.840171204824325e-01	3.663884815977933e-01 
85808	2.291447285839469e-01	9.713450894591639e-01	6.452673350389225e-01	4.719671422171189e-01	6.085674754438963e-02	7.767861893894493e-01 
85809	8.766081523100318e-01	7.297608968386919e-01	4.032070155803850e-01	2.152154995852986e-01	1.816376290708018e-01	8.621506196931070e-01 
85810	2.834902060086250e-01	5.183360593806045e-01	7.449648882169082e-01	9.889924739662349e-01	6.886320171805234e-01	3.683775716370772e-01 
85811	6.410279679911928e-01	3.120910642736059e-01	6.879181819133009e-01	7.105253299837018e-01	3.565153692123636e-01	4.049293116582682e-01 
85812	4.493615858364241e-01	1.729799607916043e-01	3.461972979760205e-01	7.834494541180833e-01	3.605624056287551e-01	6.039315050244651e-01 
85813	7.952591796545483e-01	3.754506648480009e-01	5.870786808569579e-01	9.868915562276692e-02	8.570254841298957e-01	1.574700738052920e-02 
85814	4.241664890107702e-01	1.523244265659336e-01	8.893324954077216e-01	1.115667131163138e-01	6.523011892223028e-01	3.958348438267819e-01 
85815	8.744130635667638e-01	6.837343113108828e-01	1.962096557265144e-01	6.393508883905027e-01	4.352699806452178e-01	3.929059045797101e-03 
85816	8.327280659158818e-01	4.076433058261572e-01	8.196810736937573e-01	7.285093757835727e-01	2.812271932049209e-01	2.678641692276367e-01 
85817	8.689842204830366e-01	3.497265609105709e-01	8.732731032526039e-01	1.294581066250617e-01	9.882013023550669e-01	1.857267994992169e-01 
85818	6.839926558234071e-01	8.736542683608826e-01	3.145197106908223e-01	3.562829326388960e-01	3.424297602489607e-02	5.527742264625348e-01 
85819	2.782947880955005e-01	9.791848515283429e-01	4.762943603095927e-01	3.185833158447599e-01	7.928497002301439e-01	1.383112774606490e-01 
85820	8.701026093303732e-02	5.221162334448008e-01	2.854455949103817e-01	8.588262064067088e-01	3.544194187432436e-01	8.844035841857611e-01 
85821	5.505819689991857e-01	1.037108612140996e-01	5.298969756509635e-01	6.849098660731616e-01	7.197627010664106e-01	4.947575324380015e-01 
85822	7.514122083629782e-03	2.114880064153888e-01	4.908348606022527e-01	4.238993731145432e-01	5.858771525541775e-01	9.587248461693407e-01 
85823	3.796233593289122e-01	2.719109169318694e-01	1.528532983571769e-01	5.906444492729997e-01	6.257191493265641e-01	8.540946310215637e-01 
85824	3.357965807925223e-01	2.709519858448812e-01	6.081234077372646e-01	4.343982074389255e-01	7.907770089224759e-01	4.707112799895515e-01 
85825	2.785679258532427e-01	8.984056977946713e-01	1.587235467319378e-01	7.855286988190179e-01	3.324633000644253e-01	7.822620711374662e-01 
85826	7.144839522909059e-01	4.126740151354665e-01	1.528852277525347e-01	3.926909956935594e-01	6.948103574179747e-01	5.062876318250992e-02 
85827	4.415732234731132e-01	4.283376389303628e-01	7.533189671935546e-01	6.743393330804479e-01	2.047415693484350e-01	1.384582569125154e-01 
85828	4.513613793100034e-01	8.315384860717437e-01	4.601899057849487e-01	3.947184589837560e-02	9.699191085980267e-01	3.217432776128626e-01 
85829	2.549660254819210e-01	1.382399825057516e-01	7.956248469969902e-01	8.721184441254569e-01	4.557543327858956e-01	9.612439048332362e-01 
85830	7.382408307684925e-01	8.600095269771131e-01	1.133883085047536e-01	4.015890736052456e-01	4.567044657682713e-01	2.756853713885745e-01 
85831	3.125001713542355e-01	3.812905037583120e-02	3.809947938451637e-01	5.896206452693633e-01	6.090044126764692e-01	6.842625943994520e-01 
85832	1.224615404260845e-01	9.570445967033218e-01	4.052024845257923e-01	2.732313963000225e-01	7.827912108563464e-01	1.938222437858425e-01 
85833	4.234910278484383e-01	9.651182862808605e-02	3.236235886291455e-01	9.628273597642724e-01	3.654897868233014e-01	4.709120060332245e-01 
85834	1.354636959959951e-01	5.743185246460074e-01	9.351905803894520e-01	5.165104584237692e-01	9.229027172830129e-01	3.010424839889425e-01 
85835	8.180064266866487e-01	6.219498633664620e-01	1.182081771689791e-02	7.900898184352567e-01	2.176922580358112e-01	6.672704174094364e-01 
85836	5.037041505996052e-01	5.404121350422020e-01	3.411918448873215e-01	3.257488597074495e-01	5.270757081823509e-01	5.077288287398853e-01 
85837	9.346428584120503e-01	6.234091496390709e-02	3.001231136502180e-01	9.870604779452752e-01	4.209948934240706e-01	3.754990991389044e-01 
85838	1.794909345071058e-01	2.165592406833288e-01	9.542603083788833e-01	5.617141341738489e-01	4.882706502064460e-01	4.327479901441706e-01 
85839	7.964373910528549e-02	8.220644741504334e-01	6.703978837426988e-02	4.800128383334212e-01	4.711621940357871e-01	8.565697785674918e-01 
85840	4.048442372328324e-01	8.041635796541020e-01	2.733996126181646e-01	7.786801998631834e-01	6.140985192333847e-01	3.943477373995609e-01 
85841	8.679056812021572e-01	2.193965938986164e-02	8.942618773753072e-01	5.392606009720106e-01	3.938090712675794e-01	5.122104123172094e-01 
85842	4.031670901996350e-01	5.608471387478535e-01	4.660469739036955e-01	7.033890105275191e-01	2.018901544519933e-01	3.403898755763680e-01 
85843	1.266992509563611e-01	5.484906644157063e-01	4.136321039311457e-01	7.407681710623315e-02	6.766195927238926e-01	6.818508305646840e-01 
85844	7.597598590959049e-01	4.045736565335656e-01	1.155149178578433e-01	8.036445278088512e-01	7.500486388800207e-01	3.231923236048873e-01 
85845	8.605579212767399e-01	3.124791985118897e-02	9.999421465660167e-01	5.345778771138495e-01	2.479470831243079e-01	6.082031813261699e-01 
85846	4.800140200783133e-01	6.051597113621046e-01	7.433849858232086e-01	6.138565842275798e-01	5.215357925718129e-01	3.186320265804131e-01 
85847	9.531075101087578e-01	3.996969824092653e-01	6.265601501101963e-01	7.079095507844195e-01	3.472311719584007e-01	5.400704996064314e-01 
85848	5.029774348771309e-01	4.090266940742805e-01	4.124552490099683e-01	1.184418589802311e-02	7.759761312136799e-01	8.450450507390561e-01 
85849	3.042419415768418e-01	1.791588067980405e-01	5.391519280369677e-01	4.310041868679594e-01	2.497599660860056e-01	6.727001438614556e-01 
85850	6.725298482196297e-01	2.470329493673896e-01	5.038303423670475e-01	9.201744031343541e-01	4.044135098098215e-01	3.580252523502373e-01 
85851	5.618038105239443e-01	3.047281196392232e-01	9.095098995850283e-01	3.987558516138703e-01	1.418666077999386e-01	3.160043032847902e-01 
85852	4.707785267309399e-01	8.067429251988902e-01	9.048204179211500e-02	1.812636606461824e-01	9.115375412349469e-01	6.899187048764451e-01 
85853	2.032573546535115e-01	6.277976261055970e-01	3.300957641538306e-01	4.302472037385695e-01	6.755876549330875e-01	5.398579108796612e-01 
85854	4.332437339256043e-01	8.422206647408013e-01	6.777784040365741e-01	5.745317651313797e-01	3.730397923709753e-01	3.802617085662374e-01 
85855	1.566481336192123e-01	5.797829564952882e-01	3.531946617769297e-02	9.596708396985052e-01	4.415433114188241e-01	6.122060031360558e-01 
85856	9.272820678014160e-02	2.431429299304197e-01	7.977774710285118e-01	2.221715389687581e-01	8.281104423577170e-01	8.760180723269827e-01 
85857	7.972883444092063e-01	4.030055256165195e-01	2.983979435854813e-01	3.092167056387346e-01	7.741814238425703e-01	3.099324095228700e-01 
85858	4.982521318841565e-01	2.700051135880522e-01	6.464687746980505e-01	4.526218212931943e-01	9.448595583014637e-01	4.854723349259937e-02 
85859	6.277938369634948e-01	2.297473070293749e-01	8.738009936213471e-01	4.647382080212952e-01	8.851691713206162e-01	2.450138460868403e-01 
85860	7.507366162039438e-01	9.501301351206480e-01	2.671373390050465e-01	3.320572058303208e-01	2.193651508355277e-01	4.390786026823142e-01 
85861	7.118049350016763e-01	2.731152750779596e-01	4.807937138796126e-01	6.374427480259980e-01	7.324975309608936e-02	9.676927001587085e-01 
85862	5.546335592037801e-01	6.021723057375816e-01	8.283225184167381e-01	4.478497069090948e-01	1.976425093354719e-01	3.000430271224964e-01 
85863	5.429506066991134e-01	9.198727447451092e-01	4.548193648438504e-01	5.571643597239001e-01	3.065085714811744e-01	1.129812575998854e-01 
85864	9.423900722200648e-01	5.479093719410060e-01	8.359912384362073e-01	1.238239193537545e-01	5.949996625586950e-01	4.481735551576604e-01 
85865	4.521421652257944e-01	5.527143671692621e-01	2.276736885831655e-01	5.029624152543120e-01	1.735125985215899e-01	9.708277724212737e-01 
85866	5.173406731560187e-01	3.012501178277905e-01	4.881677381616174e-01	4.236354246692166e-01	5.251762679669663e-01	6.705783867437435e-01 
85867	3.844527771688463e-01	1.376221418050423e-01	9.691251397973993e-01	5.846248284358526e-01	3.851019171607711e-01	4.699185550566110e-01 
85868	2.290286469954853e-01	9.559674888581448e-01	6.452917356686882e-01	6.140186558181865e-02	3.047575872651920e-01	6.621779619400110e-01 
85869	8.494292951627614e-01	3.400834119586537e-01	1.970894127189586e-01	3.564707707273682e-01	6.688959335465841e-01	7.684526039097079e-01 
85870	5.905139765408224e-01	2.844042596793394e-01	4.250986990739479e-01	4.316608100597115e-01	4.284113775790288e-01	9.646266055776550e-01 
85871	7.947767743202084e-01	8.638699150976148e-02	6.396473620485088e-02	9.085219794149589e-01	6.769965744673583e-01	4.132130009832163e-01 
85872	5.737441795715897e-01	7.300208957154333e-01	4.082007522889245e-01	2.322519013223912e-02	7.999619002980007e-01	4.165597974108259e-01 
85873	8.657419256020866e-01	5.707448657426697e-01	3.431726798927559e-04	1.776961981070625e-01	4.660505288580924e-01	6.905991139172681e-01 
85874	4.348718130177801e-01	9.409219000378112e-01	7.814341595357936e-01	4.567842462766106e-01	7.428251942336399e-01	2.462222270998365e-01 
85875	9.099436678722030e-01	8.774492354452251e-02	6.786374151594453e-01	1.850576480487127e-01	5.224345747938950e-01	8.656136246948933e-01 
85876	8.029527543913638e-01	2.673344152508746e-01	1.050663381045666e-01	5.985850132617867e-01	2.253064938939670e-01	9.685111858970462e-01 
85877	1.546597877210051e-01	5.921055874784321e-01	2.450474587372788e-01	7.149137053395914e-01	1.894558994984303e-01	9.878842955178376e-01 
85878	4.068119591276895e-01	6.456818089752701e-01	7.836421193766674e-01	4.865369036528158e-01	3.093396568727952e-03	3.809530805084648e-01 
85879	5.887192025510510e-01	3.969474133175505e-01	9.553463161102228e-01	3.051315087700316e-01	7.047735565031483e-01	4.431403435098338e-01 
85880	5.929706248750803e-01	2.629678647021894e-01	5.071939155713153e-01	1.765005987880238e-01	3.168818717943389e-01	6.765785697531563e-01 
85881	1.811323047506506e-01	7.299153361751478e-01	1.430200597964563e-01	4.340243096161209e-01	6.443506841368344e-01	4.059430740800742e-01 
85882	1.812717207343104e-01	3.770748932009864e-01	6.333791933891736e-01	8.201369247196161e-01	4.781035132218262e-01	5.313407302558433e-01 
85883	5.143922206348234e-01	5.155230121150672e-02	5.555885350006748e-01	7.877349721333272e-01	5.534637896816110e-01	7.763179761838291e-01 
85884	8.184246010197216e-01	4.605306322635359e-01	7.893093053053071e-01	7.370229116476952e-01	5.071309259306572e-02	1.863476384371738e-01 
85885	2.988074975616978e-02	6.057463779111170e-01	4.711355982582509e-01	8.956608136871067e-01	4.751298968689673e-01	4.707473389840844e-01 
85886	6.426673321416815e-02	4.130033654598710e-01	9.883342272388526e-01	4.981683316362037e-01	5.356987401127506e-01	3.526257059907431e-01 
85887	9.232138767545305e-01	2.072690576378081e-01	7.302051421388095e-01	7.776482849394939e-02	7.143856635874685e-01	5.121188454962085e-01 
85888	4.060840145505881e-01	9.064949400109077e-01	3.146675374385234e-01	1.646798107933017e-01	2.464486430252952e-01	7.359040976203581e-01 
85889	7.836834136063139e-01	1.236660931780046e-01	6.265413089435554e-01	9.242996343901461e-01	3.386975353848921e-01	3.289792334990120e-01 
85890	5.319242042260289e-02	5.702852549299484e-01	2.510319520950643e-02	4.905881988813712e-01	6.393027518407752e-01	6.738827289388272e-01 
85891	7.961430914466830e-01	5.009374110011811e-01	8.146022224866312e-01	8.292482192250178e-02	7.793513902123484e-01	3.976865176538774e-01 
85892	3.554390818718376e-01	3.929239826468875e-01	7.319725365654448e-01	1.096038039490434e-01	9.115937020902065e-01	1.143100984104291e-01 
85893	1.466065038257997e-02	6.064394865040633e-01	9.260308458099972e-01	5.012622514209809e-01	5.602189337562684e-01	5.428194453327088e-01 
85894	3.815661648756066e-01	6.483021989117963e-01	4.771540150889098e-04	5.574568877130435e-01	7.800880324434726e-01	8.024944513560540e-01 
85895	2.595964152168651e-01	1.466807281554374e-01	7.463056486678230e-01	8.364670985655285e-01	4.366692463853302e-01	4.344604046928555e-01 
85896	2.579150488209075e-02	5.386632994791785e-01	6.792918714442364e-01	3.788490247212370e-01	6.547935324303911e-01	6.195860269899800e-01 
85897	9.937749488600470e-01	5.593914534569971e-02	6.398095730471134e-01	5.628466082401790e-01	4.624845468043031e-01	5.022211083628181e-01 
85898	4.564015921453147e-01	4.681762388207689e-01	7.557646597853366e-01	6.084415731114720e-01	1.578212207086731e-01	3.573594228719091e-01 
85899	8.713937113006043e-01	7.087853858346740e-01	2.295643295722379e-01	8.574461271657647e-01	2.982541518696268e-01	2.912721345710092e-01 
85900	7.845807425910249e-01	9.896495976181433e-01	2.210392737022674e-01	5.312139658219588e-01	1.850834163305953e-01	3.302644803365384e-01 
85901	4.939352173078650e-01	4.362750486452750e-01	6.242210936866515e-01	4.718234559566318e-01	6.079403933055154e-01	1.831933895873519e-01 
85902	7.065558879123605e-01	8.282432165865363e-01	8.037242225174407e-01	5.386056338660336e-01	2.935650981360916e-01	3.822516279760980e-01 
85903	1.715506957109170e-01	5.730185160056437e-01	8.166261415493584e-01	7.485304704503134e-01	4.133404675449837e-01	1.782658895234884e-01 
85904	9.638894045344579e-01	3.389645040632211e-02	4.710571798424146e-01	5.770450207896514e-01	5.285564256291986e-01	4.149389079185892e-01 
85905	2.346854073584440e-01	7.832830298563442e-01	2.686872218948836e-01	6.796328087160902e-01	1.516703051841903e-01	9.980561450072557e-01 
85906	2.041556661582460e-01	2.140829010984032e-01	9.032389848379377e-01	1.532949923551463e-01	3.885796154826966e-01	9.337556262625073e-01 
85907	3.489599068986921e-01	1.643269578661793e-01	9.239845361550350e-01	5.999710576314790e-01	3.321104272643519e-01	3.354106350214489e-01 
85908	5.905099667929306e-01	2.905245190485170e-01	4.241820737706378e-01	5.018667796440166e-01	6.215012893043956e-01	8.034965714273318e-01 
85909	3.124739342194737e-01	1.504587544430436e-01	9.143645234168105e-01	6.445105098826927e-01	4.708580520868825e-01	1.621770955182427e-01 
85910	5.490935065330135e-01	8.283588260259612e-01	5.549477767509702e-01	5.107887055073532e-01	1.070636954365000e-01	5.836771857426251e-01 
85911	9.401801516856060e-01	3.290195823515392e-01	3.036317460334146e-01	5.845517295863022e-01	4.655234104442250e-01	2.792054943293707e-01 
85912	6.447394543203228e-02	4.181184764657965e-01	6.103710827748519e-01	2.323720014368504e-01	7.683557340696580e-01	5.672795910692410e-01 
85913	5.820176094144379e-01	1.281433029864875e-01	9.205360156932831e-01	5.381087264729433e-01	9.227861622622152e-02	8.038909963966353e-01 
85914	5.506280100426004e-01	6.301724492424672e-01	8.116849943927901e-02	3.443119441649110e-01	8.912256800206552e-01	1.065103747102542e-01 
85915	6.092079491194452e-02	1.472620819389721e-01	7.691378359066310e-01	6.264477754412886e-01	3.114605180920810e-01	8.909257845352963e-01 
85916	6.519680850851020e-01	5.783721442225800e-01	8.300940424016678e-02	9.205547645143881e-01	3.857067574962770e-01	3.537240631613149e-01 
85917	6.405829891270116e-01	6.222985908181675e-01	5.561270403003792e-01	1.473750222324133e-01	5.204620541565035e-01	5.075959357771729e-01 
85918	7.046133300892596e-01	5.610814050258197e-01	3.415772683575807e-01	5.778286849509726e-01	1.033607666758296e-01	2.552891241569858e-01 
85919	5.044123425897078e-01	5.834479701595269e-01	5.520979281660091e-01	5.730729816112681e-01	6.161152605768049e-01	2.829710387629628e-01 
85920	7.457064966000602e-01	4.797648269460670e-01	6.642471225143837e-02	9.005540870027694e-01	5.844740264244019e-01	3.273734697875866e-01 
85921	2.967749793860057e-01	1.862379865035140e-01	4.382664299759935e-01	3.167375855262446e-01	7.838799838138675e-01	3.061300812326937e-01 
85922	1.101797606780083e-01	8.988446580059531e-01	7.457418457622199e-01	1.254570062557150e-01	2.050993681421875e-02	8.991527734084231e-01 
85923	3.545862388598830e-01	9.950948355363067e-01	1.037326070341844e-01	4.481067947584960e-01	6.506817294974754e-01	7.968776192274503e-01 
85924	5.473273850799176e-01	1.936696876536156e-01	7.994318851640216e-01	2.161397058083675e-02	3.071164714888428e-01	7.233264933607346e-01 
85925	7.071359741138725e-01	2.139677213928753e-02	6.138325945187909e-01	3.353303143779296e-02	8.781134966639039e-01	5.500511971767917e-01 
85926	4.359679890429618e-01	2.368760805522859e-01	9.661953349703709e-01	5.517749942983978e-01	3.650641121491571e-02	7.248707348283244e-01 
85927	8.864938168360479e-01	5.983159573063583e-01	9.885794017671079e-02	6.167131723842136e-01	8.322524532692516e-02	4.102657247271241e-01 
85928	2.354789370364862e-01	7.967259393361370e-01	7.426427628270538e-01	6.283643786005121e-01	3.677547041328526e-01	3.169130203707655e-01 
85929	4.738955449321010e-01	4.459303793707871e-01	6.388632472628061e-01	4.286238926159286e-01	6.406174124325724e-01	7.948464792282068e-01 
85930	3.496482565322925e-01	5.419619444059408e-01	7.945604779160180e-01	3.039638447870864e-01	3.482046765618823e-01	6.769476251683542e-01 
85931	4.297659352610572e-01	8.844509287380297e-01	2.097024997426143e-01	5.739873450027011e-01	3.372865274852835e-01	3.485585443024993e-01 
85932	7.187633332404241e-01	3.165737543346656e-01	2.090405225009809e-01	4.899056965489443e-01	7.822233756706364e-01	3.917590768987427e-01 
85933	8.020101155222474e-01	6.418287524059959e-01	5.138915670528373e-01	3.968093563238823e-02	6.354686135001243e-01	9.719622945759454e-01 
85934	9.868282970636413e-01	1.577879398568572e-01	2.882879232301635e-01	9.287274613498944e-01	2.960199075249952e-01	1.937741455327982e-01 
85935	9.991766133221192e-01	6.183090320371478e-01	3.490103702958270e-01	1.624382109479968e-01	7.750742079814402e-01	4.775670405743730e-01 
85936	5.361803133781199e-01	3.590168833494746e-01	4.020345727729698e-01	4.981705277385313e-01	2.088168456199101e-01	8.923398345235121e-01 
85937	3.261592312023547e-01	5.445324543452117e-01	8.242207980268144e-01	3.945845466503406e-02	9.967608893714228e-01	3.969625567281621e-02 
85938	7.979343692019150e-01	4.043786705263542e-01	4.519204661220622e-01	9.995378057398391e-02	6.070360128271667e-01	8.854008077538829e-01 
85939	3.649804009057113e-01	5.743725775412331e-01	4.370284273366961e-01	4.787818186823248e-01	5.112767846447088e-01	6.606782289403370e-01 
85940	9.775108059181694e-01	3.245396372858722e-01	7.812968208485012e-01	1.122982145949491e-01	6.442259205073738e-01	3.971833442938982e-01 
85941	7.363905886465066e-01	5.398317785072193e-01	2.672623553036189e-01	5.268383718290275e-01	7.612888948915768e-01	3.498913354431766e-01 
85942	6.278923228926890e-01	4.577135368872204e-01	4.764890631203360e-01	4.764785091000640e-01	2.403777263483960e-01	8.130958080047481e-01 
85943	7.571577669593219e-01	3.403025855765951e-01	7.144118118861352e-01	3.225930175006420e-02	7.492786260256304e-01	7.268374243902992e-02 
85944	3.091571578957606e-01	9.352707600058634e-01	4.374198938944335e-01	5.120662095223784e-01	3.517876468814528e-01	5.295929120293409e-01 
85945	3.895392456998683e-01	3.873559583447281e-01	9.468856176945648e-01	5.087021197807112e-02	6.720648948498031e-01	1.947281988070343e-01 
85946	8.788665797090707e-01	5.196295853191885e-01	8.001569857754354e-03	8.119937057609528e-01	4.103523437639702e-01	2.936467420093561e-01 
85947	6.276083105921760e-01	3.677874232396525e-01	5.478605944495192e-01	8.911802829927929e-01	7.251361089142354e-01	1.587026975102990e-01 
85948	4.077468406805209e-01	8.635332108354541e-01	6.164095168554948e-01	1.238951409854225e-01	4.357864714348338e-01	6.945666892245670e-01 
85949	7.878362889443822e-01	2.657157726747674e-01	1.217032157633497e-01	9.303138429335820e-01	2.489346510016329e-01	4.929089199464256e-01 
85950	2.355445360780634e-01	7.453852281699336e-01	4.310200389152605e-01	3.259017629368816e-01	8.931592470399667e-01	6.623630953784159e-01 
85951	3.379787618273540e-01	8.753942505941110e-01	4.996035611744208e-01	2.594453080139001e-01	4.226741398163740e-01	7.003280041706229e-01 
85952	4.871468500839761e-01	5.921063790542369e-02	4.494459647758398e-01	1.727888489429334e-01	8.468300827582873e-01	8.222755935894348e-01 
85953	6.049649236711099e-01	2.480460994539579e-01	8.124200795808121e-01	2.504175762176350e-01	6.679125561253346e-01	4.387483362428945e-01 
85954	3.053120091669092e-01	6.262817912781308e-01	4.221042760164278e-01	7.078237850909417e-01	2.903297600833521e-01	2.257211778045130e-01 
85955	2.837928428259320e-01	4.551431291017667e-01	1.197630921580469e-01	8.217438860133255e-01	3.634294280824282e-01	6.990334172729701e-01 
85956	2.481619800749848e-01	4.446104229953440e-02	6.887733766042370e-01	7.193867227743113e-01	8.711978854995652e-01	4.402092902318536e-01 
85957	5.331699176839078e-01	4.752760359148253e-01	7.265112188843652e-01	1.890742323806415e-01	5.358475846804400e-01	5.304478923256686e-01 
85958	3.889671180696423e-01	6.117080732747755e-01	3.117386302667142e-01	7.556759442695163e-01	4.784707056506460e-02	5.304930524101530e-01 
85959	5.126239585766521e-01	1.250099963973206e-01	6.809482025184858e-01	8.041288195308682e-01	3.027297105898576e-01	5.368384981383983e-01 
85960	2.906500040125347e-01	8.651032127258800e-01	3.695602443105279e-01	7.373854427859272e-01	5.758122998277760e-01	2.385711713213255e-01 
85961	3.987114506022358e-01	9.552751808761792e-01	3.976238531876434e-01	6.624115714439089e-01	9.401475332254274e-01	2.739083431248744e-01 
85962	5.434431488038618e-01	4.045338640615960e-01	7.428228075636401e-01	3.506432189360033e-01	4.073174904657512e-01	7.819152500252723e-01 
85963	8.826427511332291e-02	9.324660188022045e-01	1.160845741442251e-02	9.610992943325418e-01	2.747028852735784e-01	6.374095146827597e-01 
85964	5.412716630121710e-01	7.718286760321383e-01	2.626590943402273e-01	7.314383299844437e-01	4.809024590449624e-01	1.498656844905677e-02 
85965	7.679115132501275e-01	5.355075126922426e-01	2.871294721203812e-01	8.450084896001295e-01	4.008002741240617e-01	4.073046043841853e-01 
85966	9.063018705815629e-01	6.839715874203163e-01	4.783705655189110e-01	3.758755202770890e-01	2.271914042112798e-01	4.618147360632558e-01 
85967	3.735380287345207e-01	1.371651452153531e-01	6.824067441267879e-01	9.890414876741103e-01	7.183549472653912e-01	2.030285691522111e-01 
85968	6.117675033102475e-01	1.744349653397544e-01	2.224412465991297e-01	3.633031374418053e-01	6.960897486998316e-01	9.865062133652961e-01 
85969	1.188193105209027e-01	4.500830846340888e-01	2.480443367808721e-01	7.974673986987092e-01	8.569917572016671e-01	2.829772632360161e-01 
85970	5.925978682034633e-01	1.562512667850011e-01	4.020163529777368e-01	1.017772607716802e-01	8.320213746556090e-01	5.413640959031196e-01 
85971	6.914015155852069e-01	3.204084657783340e-02	3.610983436217863e-01	8.418484568741815e-01	3.540790320962893e-01	2.799806837175828e-01 
85972	1.718495907818028e-01	8.827601833769433e-01	3.266696263347488e-01	3.816529889652960e-01	7.509937469254225e-01	3.261601380888232e-01 
85973	4.460081556892899e-01	8.858586659335752e-01	5.965077323581414e-01	3.069002243857782e-01	3.739231714566899e-01	7.302646129151937e-01 
85974	1.145893647899400e-01	8.269863505807359e-01	5.049269891310488e-01	1.112283901034976e-01	6.784386109986413e-01	5.975849079650279e-01 
85975	9.083713867959504e-01	5.112106516524557e-01	6.217777317389110e-01	9.614328412245345e-01	5.383226560337420e-01	5.446451067599423e-02 
85976	8.214608971771519e-01	2.130295158929061e-01	1.692375382252198e-01	5.793941879649047e-01	6.074843186780393e-02	5.506615678867138e-01 
85977	3.475037458960329e-01	7.162130895272342e-01	6.491420608518862e-01	4.991404884477150e-01	6.428831059370010e-01	2.739256413072468e-01 
85978	4.850924180228449e-01	7.492321579024139e-01	8.009565600211186e-01	3.668071709742023e-01	1.976194532949940e-01	6.232192819385224e-01 
85979	1.770402872383701e-01	3.357416585045290e-01	3.583388895770951e-01	7.909172358018500e-01	4.697220765666387e-01	7.666128763366910e-01 
85980	6.298180171966756e-01	7.506809533592128e-01	1.986217266450857e-01	9.708710426927177e-01	1.857352243277103e-01	3.919358218878142e-01 
85981	7.986782032639989e-01	2.339745568043910e-01	7.787185069677705e-01	1.492172527763185e-01	4.994760589159996e-01	3.917538817079746e-01 
85982	9.604768082328636e-01	5.762375823193859e-01	5.126227237525083e-01	5.380131924316911e-01	3.351000817600251e-01	2.710086970152492e-01 
85983	2.195233277833823e-01	9.344037816447447e-01	5.526092641310836e-01	1.215881061498433e-01	6.099425738725049e-01	7.953277569913567e-01 
85984	2.684172150342695e-01	3.729070313390865e-01	2.811228239726911e-01	7.632637192972163e-01	8.503273077385565e-01	6.436725791297945e-01 
85985	8.689811107769042e-01	2.921645861861636e-01	4.658564096362328e-01	6.660773415946293e-01	7.197022583433622e-01	3.988992959275006e-02 
85986	4.832583347072419e-01	2.868658488714206e-01	3.309108950592779e-01	4.227613587862654e-01	4.714546216073053e-01	5.104469508309126e-01 
85987	8.585337620906448e-01	5.048026063171476e-01	1.345820720528411e-01	5.377190620369138e-02	8.481406818842734e-01	4.185509466553323e-01 
85988	4.280627339756267e-01	3.832653787640565e-01	5.770311579254007e-01	2.146933551748930e-01	5.851613172446136e-01	5.876351986900384e-01 
85989	2.539568587793908e-01	4.439025801577438e-01	5.825170287517324e-01	5.826613527081204e-01	8.844897250859437e-01	3.480545761955020e-01 
85990	2.950859507221189e-01	4.847492563407064e-01	1.212435879106433e-02	6.811816670627409e-01	9.260644321392211e-01	6.000310425194119e-01 
85991	6.290954013152747e-01	6.178980821305774e-01	4.608606311270022e-01	3.919688638961550e-01	3.595195673736251e-01	5.281526250577288e-01 
85992	3.069429034859322e-01	5.103496285317635e-01	4.080716753458110e-01	6.364207874514660e-01	6.907759237041872e-01	3.313836737490211e-01 
85993	4.856597484534407e-01	7.702395269116269e-01	3.285834628471676e-01	1.837440927317477e-01	1.281115389495322e-01	8.368779686567923e-01 
85994	6.230747225160018e-01	8.489590663527478e-01	5.042345835196598e-01	7.969699211929804e-01	1.409026608398422e-01	4.620969351565139e-01 
85995	4.977441809681556e-01	8.261497414063161e-01	5.624412890013372e-01	3.733853118181369e-01	4.358621620870614e-01	2.990737763567658e-01 
85996	8.722231103040383e-01	7.601904584305549e-01	9.244554016378537e-02	8.042776406983880e-01	8.330851541870152e-01	5.933222982494799e-02 
85997	4.225898059861228e-01	5.123513191304629e-01	9.191100033660472e-01	5.435997069983264e-01	8.536406086475701e-02	5.797319513139810e-01 
85998	4.051498450525620e-02	5.830803196323520e-01	5.348407525279824e-01	3.134634755893740e-01	2.997854190623212e-01	6.754720680581453e-01 
85999	7.125052970864840e-01	4.827752644754660e-01	4.711640222577637e-01	1.066626178641387e-01	7.125619660084160e-01	6.828181600252036e-01 
86000	6.112841124034540e-01	1.839002957156808e-01	5.780051505293233e-01	6.673283029664577e-01	3.915876680971940e-01	8.455479810994670e-01 
