25801	1.701954192694596e-01	5.432239877873258e-01	4.711933921453597e-01	9.195296188396769e-01	2.520432475967391e-01	2.931888705531922e-01 
25802	5.312560515510822e-01	1.679551045406337e-01	6.158003591252188e-01	6.289882998433342e-01	3.768758102166266e-01	3.403901531534996e-01 
25803	9.198745547084033e-01	1.666017636427755e-01	6.005030582590567e-01	5.756618154576256e-01	4.730935715024915e-01	1.933257918090481e-01 
25804	4.909106581258211e-01	3.507805449827636e-01	3.150459148693743e-01	3.530146213277395e-01	5.575131778792876e-01	5.811831118350924e-01 
25805	2.710038124753639e-01	2.946950218665003e-01	5.641361117291475e-01	5.515555154753483e-01	6.849544912750897e-01	4.796905442535141e-01 
25806	4.188723130848121e-01	9.476479367620575e-01	2.297797874135953e-01	2.225581525088698e-01	7.902602985310221e-01	2.824013611869997e-01 
25807	8.016009823005767e-01	4.652141810224902e-02	5.812764844453124e-01	5.935249915257015e-01	3.780646006726227e-01	6.302117897605054e-01 
25808	6.428694622882418e-01	5.307339135458906e-01	4.362462480875139e-01	3.481976197051521e-01	4.762089953779045e-01	6.492756431824308e-01 
25809	4.559107598811034e-01	5.267044883583581e-01	4.987893609440821e-01	6.133013104327166e-01	4.963595683168973e-01	3.839917128167392e-01 
25810	4.451739531369510e-01	7.231258691773182e-01	1.599341809813080e-01	5.013421962769584e-01	8.385641150249017e-01	4.424864998753432e-01 
25811	6.819527063052878e-01	2.708101318586378e-01	8.515253055629458e-01	3.584284449947370e-01	2.903952173770729e-01	8.453592390221575e-01 
25812	5.265242621177492e-01	7.198163559268960e-01	4.026933232980889e-01	4.904724392050332e-01	3.182650517924555e-01	5.118442180088947e-01 
25813	9.899393801166361e-01	4.339021074736571e-02	6.794683721192509e-01	4.500221311683448e-01	5.077551287979876e-01	2.068296842459670e-01 
25814	6.743985344613417e-01	1.418889395035966e-02	6.626356517857237e-01	8.058180987931391e-01	1.411327952113888e-01	9.449424541719489e-01 
25815	7.446265119298027e-01	5.842439056992382e-01	6.567692627146112e-01	4.885580537859083e-01	6.997521806811646e-01	9.153154708373168e-02 
25816	4.437027898115457e-01	1.764557427655802e-01	4.839703110780604e-01	7.999857328674589e-01	1.288253759323932e-02	6.883592656945368e-01 
25817	3.094487970562011e-01	6.324766573472091e-01	8.493164701514211e-01	2.123317965254319e-01	7.403982326829037e-01	3.454133962804325e-01 
25818	3.883091569486657e-01	6.066022034088158e-01	9.768375321848581e-01	1.855427081583259e-01	7.461698926017105e-01	3.380307379306774e-02 
25819	5.043414867594925e-01	6.069308080763686e-02	8.533609367886890e-01	2.450598551110115e-01	6.098071363323936e-01	4.316525863783499e-01 
25820	6.680918361466527e-01	7.402042560434652e-01	6.078290046969386e-01	8.607067194416171e-01	4.236788931790936e-02	4.024681169303216e-01 
25821	9.226592302200837e-02	6.292367698859487e-01	5.583451440749329e-01	5.975952738378034e-01	6.353693249266419e-01	6.734197558498843e-01 
25822	3.698634283965033e-01	6.643899005091810e-01	3.931888309496528e-01	9.544867031665973e-01	4.615401980459274e-01	3.265108585743388e-01 
25823	4.664554015521218e-01	7.117473696841481e-02	8.973127559581423e-02	6.963588216924228e-01	9.608204510108377e-01	3.768167611097695e-01 
25824	2.757359436772324e-01	3.615921994981786e-01	6.359270915514706e-01	6.308113253184149e-01	6.880653409535326e-01	2.056702512519721e-01 
25825	3.590591769562686e-01	3.841023366424486e-01	6.216325322027101e-01	4.594743472054455e-01	5.737437719185514e-01	7.098828434131423e-01 
25826	5.305736892069428e-01	1.009786969082562e-01	2.287004473190661e-01	3.362763064627380e-01	7.685629588327287e-01	3.690698096752454e-01 
25827	7.451300980549208e-02	2.651914053760999e-01	6.241178025748642e-01	5.968646511143689e-01	1.512508058301346e-01	9.834500682213965e-01 
25828	2.690455138400116e-02	4.792636466701982e-01	2.997319508944979e-01	9.494509710915857e-01	5.565063040962523e-01	6.854866760115761e-01 
25829	2.532071465227255e-01	6.923037839581314e-01	2.705110984740078e-03	7.816654087177650e-01	4.073734178982232e-01	7.503206540476410e-01 
25830	8.864257910239824e-01	5.580890093573518e-01	6.022627237901109e-01	1.918508084597517e-01	6.200446691907555e-01	2.650094259213496e-01 
25831	9.511482928893845e-01	4.531227761099312e-01	5.450053019802908e-01	1.272069156748862e-01	5.978406558750360e-02	6.921005612855895e-01 
25832	6.266721069011391e-01	3.179049372730059e-01	6.909257678959695e-01	2.055955380182499e-01	3.944392006151924e-01	5.606267521718074e-01 
25833	3.181206315803781e-01	4.032889812744948e-01	6.517651910730007e-01	5.361569790977744e-01	8.088494557569947e-02	7.060830233613274e-01 
25834	9.319446607731946e-01	4.798534709239394e-01	5.366506904496418e-01	5.607941437055735e-01	9.208880139334719e-02	2.158015547944503e-01 
25835	3.487232498327315e-01	6.085538373990458e-01	7.203226116782563e-01	2.328305172911422e-01	3.898801531591309e-01	5.530988749011007e-01 
25836	9.777751644410966e-01	5.298208656864360e-01	5.230725477819390e-01	2.750929952082327e-01	8.937948200789513e-01	7.684328850951200e-02 
25837	2.713636648944818e-01	8.165405400920445e-01	3.554993970410181e-01	8.542165436513094e-01	7.964204940055604e-01	4.911521570130496e-01 
25838	5.852390395802586e-01	2.565558019254855e-01	6.885085271386880e-01	3.765852053191193e-01	1.943486256425769e-02	8.433324632081296e-01 
25839	8.510949841230415e-01	4.821653763318197e-01	4.835750577303386e-01	6.894991445028277e-01	4.392143014372910e-01	1.496572417677895e-01 
25840	2.812316301931700e-01	5.194955638375264e-01	9.432016480238684e-01	9.110642251042300e-02	6.264740823987327e-01	9.549349285255633e-01 
25841	8.118552592134953e-02	8.325544190084687e-01	3.990223695780045e-01	7.924826354214290e-01	2.271214739969437e-01	7.400396084630234e-01 
25842	9.810665362519447e-01	4.409104346729319e-01	2.752254313533449e-01	9.077502244951492e-01	3.863917603946343e-02	5.385757773903973e-01 
25843	4.930198465081125e-01	5.810039754065957e-01	8.272447795774478e-01	6.838078543087304e-01	3.553355343719235e-01	1.013565466331887e-01 
25844	8.124711639747761e-02	9.150433365421962e-01	2.863642605863572e-01	2.955190228159612e-01	9.694338261039672e-01	2.201529981772991e-01 
25845	8.038507010364460e-01	7.787309783915117e-01	2.824926002483468e-01	5.643384588947487e-02	8.066939927023843e-01	1.307215294517022e-01 
25846	5.897363871703861e-01	1.050062568710618e-01	4.960092416240502e-01	4.266833209457634e-01	9.756505328457781e-01	6.531264134218124e-01 
25847	8.802640777087862e-01	7.245794495740012e-01	5.318199881857866e-01	2.123727129570362e-01	6.008256091640962e-01	3.011990997092495e-01 
25848	1.963511704158417e-01	8.471087220019260e-01	9.229208351222619e-01	8.440643394763081e-02	3.331454961120894e-01	9.902585385113697e-01 
25849	2.544784328702178e-01	4.527857719678269e-01	5.739240722208306e-01	5.445287905576460e-01	3.717872543484592e-01	7.730171159568238e-01 
25850	4.808787135619200e-01	8.769253149719494e-01	3.155614606446644e-03	9.924739013418906e-01	2.810119473290901e-01	1.805296029676202e-01 
25851	3.152057029491976e-01	7.488565162909606e-01	5.862794299545937e-01	8.002757547983312e-01	6.304258466003174e-01	3.879741288437150e-01 
25852	3.581850489279352e-01	8.381459992267248e-01	3.355829355952663e-01	1.586459464659645e-01	3.518485580433259e-01	6.818316655238962e-01 
25853	5.771908486552623e-01	9.962804226119415e-02	5.111240679888449e-01	8.584048701121251e-01	8.679830272092510e-01	1.197210944608893e-01 
25854	3.705891866760013e-01	4.828441577495111e-01	2.732623434906257e-01	8.562171561861598e-01	6.844352393449671e-01	4.444861270648860e-01 
25855	2.629599054462625e-01	7.417932163852538e-01	4.232199124842462e-01	3.903293771931383e-01	8.214853219054630e-01	7.825266949245634e-01 
25856	6.974782633462788e-01	6.548550889502824e-01	1.910559398427579e-01	2.541903209443225e-01	7.861961320279374e-01	5.304518860709371e-01 
25857	8.672785418713191e-01	6.353901554393470e-01	6.156799327644149e-01	2.467996648332171e-01	1.060841245012480e-01	5.123408321030880e-01 
25858	3.110089939212061e-01	8.457291175006737e-01	6.594987142853148e-02	5.334979723486027e-01	8.290718929909908e-01	1.462140354000824e-01 
25859	2.337778046313090e-01	9.370572726560646e-01	6.007713673432653e-01	1.535921730293257e-01	3.750180567630765e-01	7.377103574608945e-01 
25860	2.060957895413270e-01	6.800261374747956e-01	9.699987578581541e-01	1.847164466737520e-01	3.864969582666295e-01	9.245444415099621e-01 
25861	4.613485335085032e-01	9.685258583590122e-01	2.914588468881045e-01	4.667262302054730e-01	4.471587913146450e-01	6.723053887041139e-01 
25862	3.717792380896960e-01	8.679386321282356e-02	3.326917251697786e-01	8.422407287582639e-01	4.539027155330437e-01	7.082478448892271e-01 
25863	6.413119618398311e-01	8.143350809712326e-01	3.629010764052015e-01	3.943631426325775e-01	2.661085418741019e-01	7.338771199107654e-01 
25864	7.584553359283523e-01	7.806272301790871e-01	4.506979357926222e-01	2.930286253447988e-01	5.354722276583898e-01	5.490577899614930e-01 
25865	2.073890744088833e-01	3.628099910174173e-01	5.862259433795848e-01	4.889566842014647e-01	2.367670467042041e-01	9.050685780368959e-01 
25866	1.617093405290495e-01	7.300400668631176e-01	6.357715455117240e-01	7.552458827974304e-02	6.031376300070297e-01	5.779866528042753e-01 
25867	8.838443243672053e-01	1.694064259706180e-01	2.359399331956811e-01	7.319026615438904e-01	2.188487224275509e-01	3.195456470713505e-01 
25868	7.785934706740962e-01	9.244484078354998e-01	4.757464600145156e-01	3.307734256345890e-01	2.257194085314740e-01	3.793231050158808e-01 
25869	7.866340893961586e-01	2.567561789609207e-01	3.023646987060274e-01	8.711092986758240e-01	3.190127517599622e-01	8.001681745136915e-01 
25870	4.350817402301211e-01	5.415185355168841e-01	8.845191036685633e-01	5.930964254021454e-01	2.718802816618626e-03	3.888096628923523e-01 
25871	7.341077822368367e-01	2.485833352517547e-01	7.646066598022556e-01	1.216441076599492e-01	6.897571349808247e-01	4.187514216269682e-01 
25872	4.903807227463505e-01	4.520920534106068e-01	7.541113227978041e-01	1.553619746505527e-01	4.403583486495957e-01	7.216179037185438e-02 
25873	2.722253377731960e-01	6.323699092178862e-01	3.733742119946144e-01	3.247462824153216e-01	4.434795038411320e-01	7.533654249397543e-01 
25874	6.582567697653360e-01	1.302432939255055e-01	2.552217500892698e-01	5.399651108075018e-01	7.466825195701837e-01	4.945333042168918e-01 
25875	7.897687408441267e-01	2.156598301514919e-01	6.029062710968975e-01	8.267134183436030e-01	3.644078788943357e-01	4.454494893967845e-01 
25876	3.639331121078649e-01	5.867247497970085e-01	7.205047475026340e-01	5.613007518651971e-01	4.981866879159522e-01	1.850282650546368e-01 
25877	5.975145567699491e-01	2.749437005150598e-01	2.864366242655982e-01	3.837585562641314e-01	2.167019334217141e-01	7.994002017925981e-01 
25878	5.382418752040896e-01	2.436746841682306e-01	2.975718797498569e-01	9.379460975026854e-01	5.068389957972521e-01	4.203635265533571e-01 
25879	7.267036108835973e-01	6.933996441686365e-01	2.202552500663579e-02	8.278762281177066e-01	1.716976355525714e-01	5.259571628556332e-01 
25880	4.940576202927144e-01	4.650447050519343e-01	1.600049713419582e-01	7.092032658196499e-01	8.530493921415689e-01	7.186329609908939e-01 
25881	5.988293493261099e-01	4.142697497360908e-01	7.503560575948075e-01	7.902236361613880e-01	4.039163720790644e-01	7.800249035779663e-01 
25882	9.765300352607948e-01	1.599693517881472e-01	4.487681269288226e-01	6.180187882417578e-01	4.864096441452536e-01	2.325214304784202e-01 
25883	3.455101929870539e-01	4.191332168553897e-01	1.075911506662633e-01	7.211668152043976e-01	6.377429429374466e-01	5.740772954537819e-01 
25884	2.448380612612280e-01	4.034112766378372e-01	8.448313228885371e-01	3.278852448197002e-01	3.333379613465322e-01	9.324885143340866e-01 
25885	1.016726988173652e-01	5.930207127436465e-01	2.710780418241719e-01	1.295547650452067e-01	4.779271377682152e-01	9.214559775530753e-01 
25886	9.934921770344927e-01	3.433223673246986e-01	2.311185422280861e-01	7.943218886320798e-01	2.751787655108829e-01	4.175492166091319e-01 
25887	2.647298714595622e-01	3.549522480141735e-01	5.002633939103925e-01	5.996800406456180e-01	6.238557753241289e-01	8.454177777786502e-01 
25888	7.963401879741144e-01	2.967278631797727e-01	6.952207655066330e-01	5.061285057873499e-01	6.112261009421613e-01	1.082239092164827e-01 
25889	4.202816623365659e-01	6.806628369514708e-01	2.762033007412794e-01	1.136813359513835e-01	8.345914732874312e-01	6.183561805255101e-01 
25890	7.691221051090864e-01	1.651734835744564e-01	2.001037342554615e-01	6.373420929793456e-01	7.002456598844311e-01	1.757432302897435e-01 
25891	6.174783285195842e-01	5.091424564458624e-01	4.184749211411424e-01	5.813101185802534e-01	1.988056255849702e-01	7.868885508556932e-01 
25892	7.750278058507700e-01	7.284392046293712e-01	6.821647560699040e-02	5.899329391061118e-01	7.171060923816132e-01	2.374114406969098e-01 
25893	6.057290917851170e-01	6.560523325612631e-01	2.792696138914639e-01	4.840014090442081e-01	9.635590584304494e-01	6.117388957996295e-02 
25894	8.966579918382298e-01	3.347366553427690e-01	3.443207548263466e-01	9.267951682197262e-02	6.243841157730523e-01	3.705598430836213e-01 
25895	7.110266043889173e-01	8.130769158231623e-01	2.523468369708450e-01	2.154289326269406e-01	8.523344715248213e-01	1.397545250836545e-01 
25896	5.719574012196822e-01	5.705471860117223e-01	8.437804339610254e-01	1.831224400940575e-01	7.629361854324126e-01	5.532168368442852e-02 
25897	2.963863215391517e-01	9.615121113998002e-01	3.128159734689342e-01	3.012677718786642e-01	1.163449121130975e-01	9.879294235574063e-01 
25898	7.442640377279325e-01	6.782897964944937e-02	5.313348007328629e-01	1.237176046547208e-01	6.068906647017003e-01	1.535113604185102e-01 
25899	1.456844539554681e-01	6.156842673596135e-01	2.619848765068515e-01	8.181558269518100e-01	7.147231467867303e-01	6.925212404865996e-01 
25900	2.021287211753144e-01	1.353683116278105e-01	6.611339203735753e-01	3.674101030993729e-01	6.064649112066145e-01	9.063595138152009e-01 
25901	4.345164270446924e-01	5.631601565871126e-01	3.279726619378315e-01	2.535376460518747e-01	7.940684664495754e-01	7.094381872316123e-01 
25902	7.440232327937333e-01	4.420758327671248e-01	2.500822972618277e-02	7.770884319678734e-01	5.983695929318946e-01	6.225875191735559e-01 
25903	4.223873472770018e-01	7.815935945233858e-01	2.239325021788947e-01	9.430702190930027e-01	8.539432296016836e-03	5.152534498148618e-01 
25904	6.931627771852034e-02	6.516546981130444e-01	3.993168278429903e-01	5.362499753298857e-01	5.384730385261891e-01	1.872693889551520e-01 
25905	8.359779931783725e-01	7.137404499108061e-01	1.657858438597373e-01	3.416799134241213e-01	9.901216794765852e-01	1.239006703206755e-01 
25906	4.311762520468266e-01	2.600886036871984e-01	7.263487459598574e-01	3.390049358913098e-01	9.125996729779029e-01	7.602602559148378e-01 
25907	2.276276224681666e-01	3.880708607654749e-01	7.999114210813633e-01	5.981273160406675e-02	8.409351894610213e-01	5.679748800880017e-01 
25908	1.761985049294498e-01	6.309895086438470e-01	7.820736512704515e-01	6.944343788276148e-01	2.557341548301160e-01	7.012808181910734e-01 
25909	6.227869294062675e-01	4.009923684939910e-01	4.753773460478081e-01	6.671478702091622e-01	5.366483303603564e-01	4.024098004162135e-01 
25910	6.500675097918590e-01	5.093832184184055e-01	4.860592742610357e-01	1.655478741792939e-01	4.748449255413805e-01	5.606487181372506e-01 
25911	2.113964918039566e-01	4.999025878403859e-01	4.415951674370726e-01	6.967550124713338e-01	9.743537532190160e-01	3.505271628240266e-01 
25912	1.579212052151050e-01	7.576622578677404e-01	6.148746463760961e-01	2.283464478238846e-01	5.964999344641913e-01	4.119798889987230e-01 
25913	2.802053465918352e-01	8.438791272413103e-01	6.838619460867167e-01	4.076516156488743e-01	1.583541371045035e-01	4.463132354991555e-01 
25914	2.609845996852355e-01	5.729192627669913e-01	6.462664295453932e-01	2.801789112157078e-01	9.827931494605751e-01	6.681556704723478e-01 
25915	1.773664536280319e-01	7.232115181109546e-01	8.651857435147823e-01	2.916271601970186e-01	2.560118796502671e-01	4.306856690330544e-01 
25916	1.233426593956020e-01	8.281920889841965e-01	1.544803425659222e-01	6.241206531324577e-01	3.201496328155027e-01	5.902275826213024e-01 
25917	3.817530198483671e-01	4.430115198750840e-01	4.559553392033583e-02	9.663196646271197e-01	2.498576053828674e-01	9.752719749808185e-01 
25918	7.200458131774365e-01	1.672474811611204e-01	6.551256368615785e-01	3.750908810571907e-02	7.440636729266661e-01	9.008705019101850e-01 
25919	4.529518652698017e-01	8.291961565561206e-01	4.922609101256207e-01	2.766826583595466e-01	9.052945696084336e-01	4.000039958654437e-01 
25920	3.882265002088565e-01	7.406669717387016e-01	9.121609617131082e-01	1.911406529350775e-01	4.034592306686345e-01	3.335559176576112e-01 
25921	9.502668431775937e-01	6.937043110782616e-01	7.557956091127327e-02	5.378009041850843e-01	1.180312082039408e-01	4.054558703741034e-01 
25922	6.932800762508622e-01	8.396436126561475e-01	2.623482095519891e-02	5.404930755394182e-01	1.193262925897592e-01	4.199593900138029e-01 
25923	7.391552964882457e-01	5.739075032374436e-01	1.775561759869140e-01	9.502307005425248e-01	5.824276956508712e-01	2.668622178042263e-01 
25924	6.471108345738846e-01	6.125750561481194e-01	6.650944549346763e-01	2.734655037006706e-02	6.116539886746958e-01	4.039537640132065e-01 
25925	3.690090887994740e-01	4.946592430959660e-01	8.959729760061538e-01	6.661361288367886e-01	1.226953963476934e-02	4.486371073031322e-01 
25926	3.470001722230239e-01	5.609840784449130e-01	3.876500876814673e-01	2.185393102537345e-01	6.313124403210701e-01	9.823136463070228e-01 
25927	4.257786603793228e-01	4.736688324124693e-01	8.019974667238854e-01	1.667976275997238e-01	6.150989642626017e-01	8.078775577284422e-01 
25928	1.456604800168202e-01	4.342333838726797e-01	7.632848520395581e-01	3.988639283811901e-01	1.486531706176908e-01	7.422072937400640e-01 
25929	2.370823398850430e-01	6.723612149337742e-01	3.917443070591100e-01	6.887423791368051e-01	2.028182603674363e-01	6.907616120245296e-01 
25930	1.846216311491140e-01	6.411486652754306e-01	1.935842401980226e-01	9.508311178997941e-01	3.833792217196632e-01	3.639299201223082e-01 
25931	5.773778913386767e-01	8.896804736868225e-02	6.409111392809069e-01	7.489686500027196e-01	7.927202970587284e-01	2.779677931586449e-02 
25932	3.641499164924750e-01	5.952446134166951e-01	3.555325552395791e-01	8.384600772806253e-01	2.554039037958749e-01	1.445246341806405e-01 
25933	9.163887438045074e-01	4.291750248606000e-01	8.255803270088532e-01	5.035323603364460e-01	4.632832844157436e-01	3.749092108874520e-01 
25934	5.783848134985493e-01	6.578260041289449e-01	1.648441674135664e-02	4.517982656189922e-01	7.934864944427411e-01	7.322777665264192e-01 
25935	2.075219574250724e-01	5.762014362635368e-01	4.733824741159662e-01	8.350120805709835e-01	1.042950939791933e-01	9.783182838996730e-01 
25936	6.962040109860900e-01	4.430208698231435e-01	2.338486590950162e-01	4.057666949789471e-01	6.467851255176378e-01	4.564500917900244e-01 
25937	6.840604541411117e-01	5.875855563024492e-01	4.301173792018802e-01	1.050761972218571e-01	8.560594304228406e-01	5.266878034610973e-01 
25938	2.095464726180004e-01	7.652930653186927e-01	5.001226617405951e-01	8.393752482596103e-01	3.388739282551718e-01	3.951645543511619e-01 
25939	1.684484849298447e-01	3.674066413475716e-01	7.973490230850563e-01	3.167616750579910e-02	6.411538834687533e-01	7.357169773612326e-01 
25940	3.051822792727389e-01	3.917721028812747e-01	4.136977359110353e-01	4.068025589682910e-01	2.325002260765482e-01	8.403086737610181e-01 
25941	3.904668110539869e-01	5.765242287898444e-01	2.254982550570253e-01	6.867882826699604e-01	4.370262278661681e-01	2.927043182462961e-01 
25942	9.949998145015215e-02	5.905550907864955e-01	3.362023870756350e-01	5.358436271528164e-01	4.411466523785963e-01	8.252206886041248e-01 
25943	2.934891956343908e-01	4.621241223352617e-01	5.040697316856104e-01	2.036765687065206e-01	6.854329228356977e-01	6.425885672799423e-01 
25944	4.668919997223987e-01	2.136025066080288e-01	7.918213086346313e-01	3.280896585153183e-01	9.842031071138111e-01	4.792450017329980e-01 
25945	7.710855907705090e-01	3.552676661080670e-01	5.929665288524297e-01	3.299565499881057e-01	5.710567827354691e-01	7.171349835784220e-01 
25946	9.460064033293893e-01	6.111889852275622e-01	1.086562000194602e-01	6.752964927602362e-01	5.153174632953165e-01	1.753054542277069e-01 
25947	7.124382167351739e-01	8.793148090883590e-01	3.949469248925186e-02	7.543931606141652e-01	3.457196555493465e-01	4.755485171342836e-01 
25948	7.822115470730941e-01	1.379868777391441e-01	7.536624051408795e-01	7.717357715960319e-01	2.808270328439993e-01	1.134773157350176e-01 
25949	2.070087979753464e-01	7.587462693480512e-01	2.948043489751770e-01	3.221407081695545e-01	4.354110527177158e-01	5.777405726226132e-01 
25950	2.494446261330102e-01	8.940759335696631e-01	6.564561714535965e-01	2.427171302788342e-01	5.141045597779800e-01	4.879632350908597e-02 
25951	8.829667331319635e-01	3.227438502277307e-01	1.720501011991323e-01	5.952771766280422e-01	8.014186113911062e-01	1.484410040890499e-01 
25952	6.411785597034596e-01	1.280817479738059e-01	9.660332902015490e-01	4.767430751116716e-01	4.296410431623863e-01	4.219822338034309e-01 
25953	6.391866315699180e-01	4.303857264812942e-01	7.316057220318927e-01	5.685279077758650e-01	4.134163807623908e-01	4.331792725570973e-01 
25954	1.468582226015211e-01	7.562256814888211e-01	5.248544891176774e-01	7.081215374781225e-02	9.917754950125297e-01	1.978344465108322e-01 
25955	9.060245021621399e-01	4.014009225041195e-01	3.003309117871362e-01	2.987842420349632e-01	3.174984320074941e-01	6.689504937217776e-01 
25956	8.830357098881902e-01	4.247749102178116e-01	5.123817649814852e-01	2.469994347984128e-01	6.766976392768931e-01	2.188380012479918e-01 
25957	4.907665150881944e-01	3.880986031857123e-01	6.444788955158864e-01	3.753768799201566e-01	3.590027318788643e-01	8.544906606930132e-01 
25958	1.077288235876718e-01	8.026901719929944e-01	2.419081050988247e-01	2.651626118846195e-01	7.247191897619590e-01	6.940118125597753e-01 
25959	6.134947136245890e-01	7.611817592276079e-01	6.859101212934914e-01	4.424475977702311e-01	4.119065137591749e-02	5.561165454777697e-01 
25960	3.820532352691445e-01	3.596588951883998e-01	9.957942277651211e-01	6.229732326691073e-02	9.526083999090769e-01	6.391756286753044e-01 
25961	3.236341063655260e-01	5.196956717301587e-01	6.749699899342306e-01	5.715027754360901e-01	4.579620145647011e-01	5.165097980012113e-01 
25962	4.973941147550575e-01	1.978438209421712e-02	7.289617459917195e-01	6.151605942402674e-01	3.118594160839715e-01	8.229372845218605e-01 
25963	8.556070667784830e-01	5.713929387516508e-01	1.371901686760626e-01	6.695871138585384e-01	7.798331051502759e-01	3.605878804820182e-01 
25964	6.350376577437309e-01	3.292254845521668e-01	5.176332751578610e-01	8.072890240932311e-01	3.952791662804200e-01	6.231683093884668e-01 
25965	8.333836626024225e-01	1.955859618248309e-01	7.653140226749759e-01	1.616167486886889e-01	6.895737264986393e-01	8.046649746252977e-01 
25966	5.694826392161716e-01	3.997727082860209e-01	9.083789691021968e-01	4.081760480567607e-01	9.010821087556067e-01	3.822099513943971e-01 
25967	6.689116884975749e-01	3.371316093138979e-01	5.023532983500059e-01	7.720975812025590e-01	1.596821884274843e-01	7.962716910816208e-01 
25968	8.206181890931117e-01	4.935123949050054e-01	3.599122266230287e-01	1.493802914947296e-01	7.986611927767699e-01	3.265162171977730e-01 
25969	4.888450928844660e-01	7.477259263912467e-02	5.009866946675261e-01	7.860334903564692e-01	3.157778831970312e-01	3.212656474446512e-01 
25970	8.056922765434934e-01	3.728595067093967e-01	9.770741528295768e-01	4.316582809944696e-01	3.956082174089690e-01	1.711367677676662e-01 
25971	5.118813542471441e-01	1.073194697981196e-01	6.689970031762873e-01	8.263890307982464e-01	5.254320593786699e-02	7.840892038135509e-01 
25972	5.294192569861393e-01	6.011579367297178e-01	5.495798597861612e-01	8.877873177969230e-01	3.526498878902541e-01	1.460747785238542e-01 
25973	2.993350604901356e-01	2.369555015104752e-02	5.643422251943844e-01	2.236879191318379e-01	4.539516315310306e-01	8.665875642368350e-01 
25974	5.077557957120319e-01	7.558092666821712e-01	9.755360019865384e-01	4.067353982555428e-01	5.683841292951195e-01	8.834824411431230e-02 
25975	2.417296187130225e-02	5.388588471860409e-01	7.956671546581673e-01	8.382048418719804e-01	1.109585758165622e-01	9.381679464580894e-01 
25976	7.226934854556297e-01	5.891636359150720e-01	1.852566712283635e-01	6.756507905239743e-01	4.037856158798686e-01	2.934078036388692e-01 
25977	1.280231907888452e-02	7.091835619256752e-01	8.956963927235611e-01	8.616241787378870e-02	5.534612570379358e-01	6.701317258133752e-01 
25978	6.091241093256479e-01	6.657709057968636e-01	6.470474284000073e-01	2.572499517871705e-01	1.201155016553258e-01	8.292587522552016e-01 
25979	2.630216786496475e-01	3.480605379276583e-01	7.478712536712815e-01	2.198306467151240e-01	8.041639964459749e-01	3.406635155639897e-01 
25980	5.683808570043031e-01	6.902957009742305e-03	8.000604404568920e-01	3.687906946564879e-01	7.722505390752517e-01	5.759706672339743e-01 
25981	1.041316836021794e-01	9.118952584746441e-01	4.917672659990657e-01	4.712433204103295e-01	7.991344840807102e-03	8.023438521035584e-01 
25982	9.671883348450419e-01	7.629009025683442e-01	8.095582892272546e-02	5.661178070988243e-01	8.802410794966177e-01	6.549293814311974e-02 
25983	1.989452920412391e-01	7.197307299355945e-01	5.918327748792054e-01	5.851348090089536e-02	8.083213214424176e-01	7.367417146014100e-01 
25984	7.294577037635974e-01	9.537753926983166e-01	1.440220708207484e-01	2.559588175759022e-01	4.681310474438373e-01	4.352091209549058e-01 
25985	5.609480275548957e-01	3.869875831325152e-01	5.859502611707217e-01	4.735353779854316e-01	8.934527806864885e-01	7.103737536853671e-02 
25986	9.236506459921141e-01	1.958315990150233e-01	5.976604843552947e-01	7.743023936279514e-01	1.443167540450771e-01	5.932472336681424e-01 
25987	4.376819679058258e-01	9.888717078561970e-02	8.140597186322474e-01	2.800305011724984e-01	1.460113005698885e-01	9.546309260211481e-01 
25988	5.254043816526309e-01	4.313084741035356e-01	5.486525275160931e-02	4.857589987105805e-01	6.160097166075250e-01	6.237087218408652e-01 
25989	3.195936335941126e-01	6.300768117986527e-01	1.400337069059985e-01	5.076157836651877e-01	5.454613957849028e-01	4.754497246806990e-01 
25990	1.383728076355277e-01	9.092270649043122e-02	7.744684226723142e-01	8.583242188631809e-01	5.142630310541875e-01	6.997887291707590e-01 
25991	7.353159901830654e-01	3.249469996616119e-01	4.049113048901206e-01	2.980897726369065e-01	5.077432822958950e-01	6.000367639223377e-01 
25992	9.369510203191923e-01	4.785154261608440e-01	7.994147359631711e-01	2.512800115255731e-01	1.050599505293783e-01	2.476288315920201e-01 
25993	2.076937963093304e-01	6.867061145447291e-01	7.768581955977126e-01	3.788087086947727e-01	1.574428247148107e-01	4.722461341997259e-01 
25994	7.360130083307515e-01	6.600853443634540e-01	4.390725559437980e-02	2.766992492243631e-01	5.293167228963537e-01	3.649613655297500e-01 
25995	2.827078478696588e-01	9.123222566685671e-01	9.699888989521134e-01	4.888989840928929e-01	4.279360797126808e-02	5.679612701942187e-01 
25996	2.686095117509462e-01	8.489595599452625e-01	1.653402244358443e-02	5.370816807845802e-01	7.405329408856034e-01	7.042046790346900e-01 
25997	7.864013910621235e-01	1.256417620398763e-01	6.093316245727792e-01	4.422329725132191e-01	6.297497725940121e-01	4.842979848550173e-01 
25998	2.392956817111597e-01	9.380060759262614e-01	1.449790308980647e-02	7.243730588920634e-01	7.223636295856360e-01	3.146870597880448e-01 
25999	5.734130487166970e-01	3.960650540414926e-01	7.343634166106424e-01	2.070846025347389e-01	7.039684022193222e-01	7.639401822025800e-01 
26000	7.367560021140653e-01	4.397776723726675e-01	4.263177784132973e-01	7.729893537594560e-01	4.457162056389310e-01	1.490670765796857e-01 
