36801	9.749053217823853e-01	8.579210273436610e-02	7.025963130816059e-01	7.933464178976147e-01	2.867038891892326e-02	4.508786025239264e-01 
36802	4.094348278108514e-01	1.124915580799896e-02	7.664482958745487e-01	7.526322504403024e-01	7.035316748712969e-01	4.005146126284354e-01 
36803	6.854382529245566e-01	4.360694179843647e-01	9.406876838033850e-01	1.803972507312867e-01	2.386103248907961e-01	6.763570195272453e-01 
36804	1.543930328351426e-01	4.020241526369962e-01	1.274804684072769e-01	8.243171704729053e-01	5.358488423406950e-01	8.393141342975217e-01 
36805	6.190666702213569e-01	3.691567149018513e-01	3.441367307360021e-01	7.792709725185308e-01	3.218572888393282e-01	7.911269975839662e-01 
36806	1.391360615412500e-01	6.652181181898598e-01	8.675981563908586e-02	3.253025754079659e-01	9.158582381762186e-01	7.312181396836592e-01 
36807	6.446522442891818e-01	3.403093694896458e-01	8.446801798099972e-01	3.786821656063661e-01	7.212206969596430e-01	4.029908324198583e-02 
36808	3.845791489188405e-01	5.007551317569245e-01	4.033003445457408e-01	3.527426630324937e-01	7.785821084043123e-01	2.824235813714157e-01 
36809	1.413379097750200e-01	8.146008250800824e-01	7.032156775689148e-01	4.906854632532699e-01	6.254318730294661e-01	4.034662247051575e-01 
36810	1.233921357516242e-01	6.402822938117273e-01	3.455508210298493e-01	8.009811232629354e-01	1.818031939993489e-01	8.356603705317105e-01 
36811	6.171220158026607e-01	4.447484725101103e-02	7.607192319409335e-01	6.700525996680068e-01	3.132151463448454e-01	5.385922816291590e-01 
36812	4.472473303262490e-01	1.232051651859522e-01	8.261403407211247e-01	1.846541773879365e-01	7.239621966500657e-01	9.852616349299440e-01 
36813	2.531592057333598e-02	8.940702416772660e-01	1.082273519092500e-01	5.103021518129307e-01	9.961326089981626e-01	7.946819495810278e-01 
36814	5.625469414845365e-01	3.015964551084613e-01	9.024628548494995e-01	6.234198269691964e-01	4.779598688080665e-01	7.035460335572674e-03 
36815	3.586146974253245e-01	6.638649127418251e-01	7.912361588996333e-01	1.388947534818961e-01	2.754351903183542e-01	9.410919040863771e-01 
36816	4.525468193253807e-01	7.127123688814860e-01	1.181533834497148e-01	6.638847778097284e-01	3.072312516982728e-01	7.586067456583863e-01 
36817	4.646728827480854e-01	2.961440604732010e-01	4.971309631942831e-01	7.527317827907882e-01	5.673528789338542e-01	6.109150459973126e-01 
36818	6.568331763342102e-01	6.444765156163612e-01	8.007859928583673e-01	2.960734177834989e-02	3.447577028019061e-01	2.944337495106488e-01 
36819	9.627417223273660e-01	8.133819138374948e-02	6.114603366210101e-01	5.028154544153631e-01	4.030534359540620e-01	3.173146446395719e-01 
36820	4.329742352190487e-01	2.325918879056230e-01	8.400350045376541e-01	4.442733827063188e-01	5.298606977449807e-01	7.526835443864259e-01 
36821	5.006062918601621e-01	7.176372346538424e-01	8.563290527958525e-01	1.188060876762467e-01	6.565329701051823e-01	6.830111899806538e-01 
36822	8.666317409961066e-01	5.808781340526887e-01	3.271153611182402e-01	7.041155501328478e-01	2.452903314052794e-01	5.958497194363174e-01 
36823	8.699347319402075e-01	6.048674290978148e-01	7.099980744879103e-02	2.717737317226381e-01	8.683290506511631e-01	6.148619159320754e-01 
36824	6.385063261426697e-01	8.670514415376060e-01	2.661235634704256e-01	8.263792491095908e-01	3.804144840945155e-01	6.581113001964511e-03 
36825	8.550809713869694e-01	3.671244313378919e-01	2.181927532232101e-01	5.465946084886946e-01	8.359203209858499e-01	2.941897765019946e-01 
36826	8.522501960480848e-01	2.674840080995450e-01	2.888528058004080e-01	4.052344969490336e-01	7.446513675642856e-01	2.620750718345989e-01 
36827	6.537997132487317e-02	7.913357834910095e-01	4.922691626126147e-01	1.529754287071313e-01	7.968766278040736e-01	3.032412308495334e-01 
36828	1.642663119579372e-01	5.999329273893386e-01	7.941416678837124e-01	1.959620621646967e-01	4.475092905168395e-01	6.624760078202077e-01 
36829	8.923135117186616e-01	6.495286978215393e-01	4.137730695717594e-01	7.632414817682796e-01	1.159286154604346e-01	3.806711483906640e-01 
36830	3.279621378005074e-01	4.050881910698146e-01	9.022562562073754e-01	1.980484687706671e-01	6.093774079662500e-01	6.163567684699883e-01 
36831	4.160096646372966e-01	3.736079106278510e-01	2.145063479586013e-01	3.579186032364176e-01	4.897481412724871e-01	8.077038885953927e-01 
36832	6.307404434356760e-01	3.420463261292974e-01	8.537965181264107e-01	2.128379446660049e-01	5.195875926301297e-01	2.028058564818578e-01 
36833	7.891001542293221e-01	1.756625992747226e-01	1.199222794768352e-01	8.658441056990328e-01	2.815328857084746e-01	4.673840600315513e-01 
36834	2.599007444096969e-01	5.989100409640841e-01	1.091179255008994e-01	8.442693854602270e-01	4.163026852094660e-01	2.854428922721102e-01 
36835	5.188768423542988e-01	3.018727579601498e-01	1.111056958374513e-01	9.444085943310569e-01	2.165622740521086e-01	3.295312774026520e-01 
36836	8.390327343925043e-01	3.701392825503929e-01	1.424974173366502e-01	3.057433672668062e-01	9.442382822567585e-01	2.487041472139276e-01 
36837	5.009161987242928e-01	9.237785647972528e-01	3.988525617864923e-01	3.456864545546082e-01	1.448840306584464e-01	4.997525442970273e-01 
36838	8.233625594586970e-01	1.565020913514226e-01	2.863435349042618e-01	9.569398468979701e-02	4.549938591269994e-01	9.578900651496169e-01 
36839	2.479631222723412e-01	2.392042013994841e-01	4.345454166587224e-01	8.124469041059983e-01	6.183999022057546e-01	4.737103731444271e-01 
36840	7.472359372101224e-01	1.321209700550522e-01	6.213682583398193e-01	6.735326245818095e-01	1.857054511060316e-01	5.674102770257425e-01 
36841	2.933093245638230e-01	8.711365846770587e-01	2.494049297155903e-01	2.915923676121294e-01	3.396422981968297e-01	7.425916430270707e-01 
36842	4.626634678282684e-01	2.506697822577142e-01	6.900504591209188e-01	4.496435467610724e-01	5.563130857475195e-01	8.909688689743891e-01 
36843	8.984723539655881e-02	4.967537782419959e-01	2.830839930479144e-01	4.118402608364581e-01	8.516437517027398e-01	7.768688259891797e-01 
36844	9.582760155169506e-02	9.427390123797820e-01	1.503478593924323e-01	5.486290627997268e-01	7.634128471496821e-01	5.449911344820986e-01 
36845	6.971153678346540e-01	7.411047771554988e-01	7.575875565525974e-01	3.167813209341115e-01	5.384191208137999e-01	4.517773343814762e-01 
36846	2.413215299485582e-01	5.422770854549818e-01	1.196058154846907e-01	6.199747493235166e-01	5.951077990161472e-01	9.580438960870319e-01 
36847	6.204611567863632e-01	2.489529663298274e-01	5.421497024426669e-01	3.219502835572072e-01	7.631810888595779e-01	4.393231797698897e-01 
36848	2.556156908740577e-01	8.913607560560856e-01	7.918842873470859e-01	5.677580490395693e-01	2.145223732772004e-01	6.987442294994680e-01 
36849	4.788743129208131e-01	7.432155885283659e-02	5.687203836962238e-01	2.247146710530281e-01	6.733736920538160e-01	8.908819342650980e-01 
36850	2.402149982495114e-01	8.510359164660001e-01	5.163399300146183e-01	1.817418533399019e-01	3.879599886542788e-01	5.860818831077454e-01 
36851	1.412436690549784e-01	8.096106903649445e-01	6.368912017030233e-01	5.123876718044784e-02	3.646673492918511e-01	8.216900279055277e-01 
36852	6.405586446218414e-01	1.427777835757031e-01	2.814482200079206e-01	2.283550365628727e-01	7.195029478532959e-01	9.732658759054168e-01 
36853	7.909445285434541e-02	6.345043858938525e-01	5.936032950501680e-01	4.312173067022945e-01	5.793969618910296e-01	4.407877913006866e-01 
36854	3.639217272582276e-01	3.831733618296506e-01	3.841136034721108e-01	4.690484490980653e-01	4.266710776498095e-01	5.826053331727805e-01 
36855	7.511006118981097e-01	4.249994328221323e-01	1.879821155778949e-03	4.762793339114810e-01	6.633078402437528e-01	3.700617539355286e-01 
36856	2.079739199704836e-01	6.416854350306860e-01	9.588045918876558e-01	4.141312607487972e-01	2.810642437011268e-01	5.611461471552912e-01 
36857	7.253216386918395e-01	1.188880324317101e-01	8.997985872646735e-01	7.604052574442519e-01	1.204535134710782e-02	7.842468388462192e-01 
36858	5.303391658909593e-01	5.563417779528693e-01	7.873429733672836e-01	7.832029608075812e-01	3.344863638923886e-01	1.930869653242093e-01 
36859	3.633451664168363e-02	7.770026989912264e-01	9.851544063512618e-01	2.891923447756842e-01	3.935082181455351e-01	7.696150674582868e-01 
36860	7.340132423230292e-01	5.783375305423467e-01	1.510897790053874e-01	7.441641237410304e-01	6.629662532320848e-01	4.356603646603556e-01 
36861	4.973933008718818e-01	7.504816181464175e-01	5.469131743296645e-01	5.590351057914660e-01	2.997605001656325e-01	3.985136858863417e-01 
36862	1.522820099998102e-01	8.536954627686256e-01	5.981521522741158e-01	7.934400463607444e-01	3.821211663957680e-01	2.235295720558198e-01 
36863	7.490687486430163e-01	2.055483991021981e-01	8.993716935030167e-01	1.087185450343002e-01	4.843080710154112e-01	4.134621923602670e-01 
36864	3.767134925593490e-01	8.748040694172349e-01	5.430037160704666e-01	6.953353220254880e-01	2.836994550378229e-01	5.754252158580853e-02 
36865	9.354126977652560e-01	2.420415522360140e-01	2.143718139584176e-01	5.676282840439696e-01	4.765865613631286e-01	3.226423071624995e-01 
36866	5.312777746493327e-01	1.095629312220986e-01	5.868828086993653e-01	8.092753574916002e-01	4.838112663689722e-01	6.881516550038854e-01 
36867	6.784803086759654e-01	4.396049934323619e-01	1.690585759040161e-01	9.043798418487680e-01	3.206038032253646e-01	7.144227568740935e-02 
36868	7.412283291897314e-01	5.994581403637059e-01	4.527599552755102e-01	2.150798038420360e-01	5.108088737894528e-02	8.923188568699475e-01 
36869	8.096080163369010e-01	8.953054341448604e-01	4.533086131391212e-02	4.140947950724220e-01	5.280780984144225e-01	2.971099409281557e-01 
36870	7.253854804365949e-01	4.885502783824827e-01	9.848011597164863e-03	4.082892902786601e-01	8.898759522506682e-01	4.054987000008551e-01 
36871	1.152559626221264e-01	6.528805322081382e-01	4.799794769052686e-01	4.712908695974805e-02	6.231670918344229e-01	8.388593128743662e-01 
36872	9.937828174353661e-01	1.738228633857450e-01	4.224421628437893e-01	4.356475613256283e-01	7.659566699953496e-02	2.894092607110026e-01 
36873	8.424408667510186e-01	2.804772548843614e-01	4.515268714168471e-01	4.343784347292443e-02	5.138079333013466e-01	4.015251304899709e-01 
36874	5.665197385721824e-01	1.947588767872326e-01	8.797118945945892e-01	4.118490829877529e-01	3.194745715228011e-01	8.596613380944139e-01 
36875	2.325697699238148e-01	9.068018111797197e-01	1.231121282599966e-01	4.222672178172567e-01	8.811044050165326e-01	7.281630712173246e-01 
36876	1.143813355298962e-01	8.482920385722892e-01	1.735619100619842e-01	7.593769351107263e-01	7.153966766842611e-01	6.586270770825505e-01 
36877	6.981248402735156e-01	7.908697890185876e-01	6.486672829402823e-02	3.160911419109337e-01	4.255774908465264e-01	6.736900307996012e-01 
36878	4.475922092600906e-01	4.904046396886838e-01	1.559407922204151e-01	9.572049424366716e-01	1.029381360270680e-01	6.567472427510841e-01 
36879	2.626104469311143e-01	8.325996073489605e-01	7.706837351341994e-02	8.528786492770293e-01	6.608275772382813e-01	4.734410428220096e-01 
36880	5.199625468154847e-01	7.495854238205241e-01	5.492182279108092e-01	3.816140500263834e-01	1.936125728497139e-01	5.670536245573089e-01 
36881	8.783801304812098e-01	3.309572972838732e-01	3.065849452042055e-01	5.482785165765454e-01	6.502826931226287e-01	4.427064899877691e-01 
36882	1.511076298536601e-01	7.876441218797002e-01	8.724882155999210e-01	2.518862960292596e-01	4.744181133426544e-01	3.830951350377316e-01 
36883	1.553063910908700e-01	7.009124348284999e-01	4.734676847002791e-01	3.312880911176749e-01	7.398489233835095e-01	9.415736646213052e-01 
36884	1.634454557323328e-01	7.961524603123316e-01	8.896090189615203e-01	4.157137529197255e-01	6.990809140900289e-01	9.068305468170557e-02 
36885	7.023502534071343e-01	4.110354266164162e-01	6.728855571892961e-01	3.031583732470646e-01	7.614154780753863e-01	5.518092826437158e-01 
36886	7.568023853508442e-01	5.424156274205951e-01	5.439459895374196e-01	2.662222361367997e-01	2.011894722013959e-01	5.832733150167950e-01 
36887	9.265565298116706e-01	2.504571834282610e-01	7.303593604586398e-01	8.843835033473713e-01	4.964334806403915e-01	1.134838828603243e-01 
36888	5.098192033960741e-02	6.803777446102535e-01	6.615591153660730e-01	6.234514132877778e-01	2.608917962195623e-01	8.395969788587818e-01 
36889	5.422804453766937e-01	7.226816631232261e-01	2.634688954340696e-01	8.323386106010422e-02	8.752427644923658e-01	2.726923987972484e-01 
36890	3.499385020296562e-01	1.500916230208221e-02	2.743031290303323e-01	2.808567336619833e-01	9.576585513497846e-01	7.081044177799324e-01 
36891	4.855450125090979e-01	9.325802312538541e-01	3.659856710560988e-01	7.393009472320671e-01	7.203700355640554e-01	5.657766665954417e-02 
36892	3.515152234733546e-01	7.235740379347405e-01	2.750055810166784e-01	1.114508599776614e-01	9.525546974507514e-01	3.901988343518784e-01 
36893	2.322734566549535e-01	8.268318073879155e-01	3.224685441937387e-01	6.405638696704398e-01	4.700057159560486e-01	7.287035252333729e-01 
36894	4.188232710245373e-01	9.197015417428833e-01	3.979174756255953e-01	4.861991122036337e-01	6.860236693811574e-01	5.116500906339839e-01 
36895	7.553272120515478e-01	3.497654852686284e-01	3.768518601423413e-01	6.096748709803836e-01	3.152425349834468e-01	5.905008488549410e-01 
36896	7.505559799903825e-01	7.943079616360549e-02	6.996610955044549e-01	3.746167259940648e-01	8.349316605613470e-01	3.729838879942624e-01 
36897	5.168660024752260e-01	7.704756511971518e-01	9.573288038803511e-01	9.910840881401928e-03	4.196094641311578e-01	2.057453585501426e-01 
36898	8.023863809575633e-01	7.924279375490240e-02	6.568794125697508e-01	7.038827466429450e-01	3.269605563056464e-01	4.377203424361165e-01 
36899	6.176100073197783e-01	9.634957217828080e-01	3.231643611448988e-01	5.855043773296501e-01	1.433179561150438e-02	5.050301148822292e-01 
36900	2.843086571774846e-01	8.837590445392396e-01	7.094959199685549e-01	4.954517268853088e-01	7.140530287133784e-02	8.422162573466050e-01 
36901	6.168430926001403e-01	3.997352520090869e-02	7.071187537106840e-01	4.897023656924049e-01	4.484967997486046e-01	5.993865969588303e-01 
36902	3.337632420962147e-01	6.577944696975114e-01	8.824976485441037e-01	4.051842998247944e-01	7.711312113632199e-01	2.020839616028576e-01 
36903	5.176666866880716e-01	2.621819573089022e-01	9.924311423937356e-01	4.008712133124339e-01	3.111330918037117e-01	4.762437743339756e-02 
36904	5.149406380282184e-02	8.554709041565101e-01	6.563962423263209e-01	3.355805888724372e-01	9.071132788707746e-01	5.764796576361102e-01 
36905	5.923409000942053e-01	7.098925020274309e-01	4.934028580962582e-01	5.921323889933673e-01	4.562673137295182e-01	4.530365261285625e-01 
36906	5.633148253006151e-01	8.216342755415593e-01	4.357930484208362e-01	3.871499945053316e-01	9.039383992327151e-01	2.034244002418240e-01 
36907	8.848272029804227e-02	5.076183863599656e-01	5.908146299107596e-01	5.884580164719231e-01	2.935746637426035e-01	8.281534190985791e-01 
36908	7.784421972504496e-01	8.093304547244721e-01	4.959167668007513e-01	2.147082544491278e-01	5.880115563997266e-01	2.650248135190854e-01 
36909	3.666685090813338e-01	3.509496938127548e-01	9.250538598005104e-01	3.492352684118818e-01	5.710154261390479e-01	4.043495740953018e-01 
36910	3.938026994767490e-01	2.030097101042807e-01	5.523451242741911e-01	3.954966156622847e-01	4.318922805184493e-01	7.234171324805239e-01 
36911	1.706449028775304e-01	8.190503387528923e-01	4.062332627846882e-01	1.794723092644588e-01	4.703050815658628e-01	7.910754346195674e-01 
36912	2.016465929110868e-01	4.354320120596608e-01	6.032823591714409e-01	8.631984994586530e-01	5.841741272369865e-01	4.164823318597197e-01 
36913	1.959492820527791e-01	6.315199947578465e-01	3.758169056479438e-01	9.178918005654553e-01	7.420377146723034e-02	8.130883182729357e-01 
36914	2.871341160423359e-01	6.190617379839144e-01	7.503771875170990e-01	4.141214507908206e-01	6.992088748630845e-01	1.466899148981781e-01 
36915	3.566391447433057e-01	4.296884889969572e-01	1.467503272094580e-01	6.459083796679276e-01	8.244559195921928e-01	9.204593330440605e-01 
36916	4.083575076881533e-01	8.435813819477010e-01	9.846584776583239e-02	1.924065037096638e-01	7.322200326438718e-01	6.828533375542298e-01 
36917	6.522255132393517e-01	3.607018720221008e-01	5.887405264480853e-01	4.886822332346096e-01	2.386341610363928e-01	5.376980405183716e-01 
36918	6.432260975603253e-01	2.854045486726744e-01	1.450747889523339e-01	8.870473995190221e-01	7.067516519753958e-01	2.811393291164395e-01 
36919	4.138540170165440e-01	4.603128156585804e-01	4.052272899354008e-01	9.088407554318850e-01	6.491899655311953e-01	2.031267590528705e-01 
36920	4.533399056115952e-01	6.325402555561001e-01	5.689688039828567e-01	2.588856787563365e-02	5.821240429021046e-01	5.405713120987266e-01 
36921	9.516463669748931e-02	5.420271947624411e-01	4.609871441281231e-01	8.555230634028159e-01	7.972439987023069e-01	2.548199541770281e-01 
36922	3.392652575799190e-01	2.002004494323547e-01	7.793404935099292e-01	5.910255923155270e-01	8.345686709625553e-01	4.846283245851757e-01 
36923	5.040707407256351e-01	1.408261239793331e-01	5.801059882708737e-01	5.879339609946859e-01	5.768874865624030e-02	8.808190572213663e-01 
36924	4.578198791328243e-01	2.035190218805977e-01	6.971252046896848e-01	5.218110100342156e-01	7.497942921036128e-01	2.226454033093820e-01 
36925	8.409760674154296e-01	6.143342099935247e-01	6.205578574610107e-01	1.205969599353847e-01	4.777894471544884e-01	5.989237585220002e-01 
36926	1.984682018634684e-01	7.319156944844332e-01	5.953654900626757e-01	9.298416690690965e-01	5.064637528249468e-01	3.335257006025099e-01 
36927	1.033188526206434e-01	7.897760330966386e-01	2.780968855778940e-01	9.515608618921251e-01	3.955120543197644e-01	5.118499741763166e-01 
36928	9.329493889786517e-01	3.040862927362096e-01	4.928390590508753e-01	4.600160698130118e-01	5.490772664835709e-01	7.541603249766837e-01 
36929	4.627511098925023e-01	9.212345306720882e-01	1.595560460808276e-01	9.672450873329559e-01	1.613950266061565e-01	6.009241993467465e-01 
36930	8.159600587966015e-02	7.341327855452386e-01	1.725501738934442e-01	8.398505653986872e-01	2.279851678586267e-02	6.715103638756130e-01 
36931	7.490685634808669e-01	1.718238931268382e-02	5.058062258480478e-01	7.396355188017361e-01	6.863955902783166e-01	7.467522673319444e-01 
36932	3.060920254612929e-01	7.645065955702686e-01	6.572316101683152e-01	6.257419118135077e-01	1.937240927801335e-01	8.588404995052170e-01 
36933	7.187734643388290e-01	2.149813684398265e-01	4.683626427116603e-01	7.189344482651783e-02	5.763818130021958e-01	4.235112302439584e-01 
36934	7.068855723465602e-01	6.723963563971979e-01	4.029414507585373e-01	3.431089652737689e-01	7.721507564080674e-01	3.007380634308644e-01 
36935	3.091539152380933e-01	6.908947407559672e-01	3.051474958355471e-01	7.056535505078481e-01	5.211845931913667e-01	3.733607331905742e-01 
36936	4.456460987026937e-01	7.417194955027144e-01	7.013232530620874e-01	6.817537607525334e-01	5.025334102090201e-02	2.867281369223186e-01 
36937	6.096910796509502e-01	3.996659860971036e-01	4.357176402469259e-01	8.855828181280099e-01	1.958326464386735e-01	5.719691562627246e-01 
36938	1.113374133916771e-01	6.775435532033858e-01	9.330975864742127e-01	4.813678117937634e-01	4.517310622259476e-01	4.994416300091437e-02 
36939	3.451434647806808e-01	1.729285687774201e-01	8.104602359828492e-01	3.537352984754299e-01	8.949774878870478e-01	2.432543408959371e-01 
36940	4.672799696087953e-01	2.164833435050739e-01	6.523749294953610e-01	8.253276417866851e-01	2.566515979564105e-02	8.085145053039828e-01 
36941	4.769401833366307e-01	7.047047174983687e-01	3.699974177150304e-01	3.954014880553371e-01	7.506306156135372e-01	2.158300076008585e-01 
36942	6.290233971628494e-01	4.698434435391196e-01	4.445466595664334e-01	1.194818775800050e-01	3.939460982899564e-01	6.427925675708411e-01 
36943	3.538807256178855e-02	8.436485510468248e-01	7.714612140347603e-01	4.067554297591009e-01	6.485995488427569e-01	5.868655807624269e-01 
36944	5.362543889821381e-04	9.725231891193857e-01	3.663398404308020e-01	5.519782254440115e-01	1.282388295876454e-01	6.786108801722298e-01 
36945	3.167717454458537e-01	4.452055913149392e-01	3.210171055200030e-01	6.710705205987093e-01	1.152155836364673e-01	8.032712894515127e-01 
36946	5.865198124716907e-01	4.556450497947997e-01	1.090268788137559e-01	2.939734991010710e-01	2.938025650032670e-01	7.298524111679175e-01 
36947	8.246217045431482e-01	2.806580376260632e-01	4.644571510429407e-01	9.697913594170113e-01	2.444359393820850e-02	7.228189305639803e-01 
36948	1.018785899494187e-01	6.502327371105017e-01	5.899388943090680e-01	7.226248379858249e-01	6.078943593835368e-02	7.491643709726541e-01 
36949	3.619500826188419e-01	7.136994378794589e-01	2.994420842581116e-01	4.104076466119291e-01	5.763002261757726e-01	3.001710234820110e-01 
36950	3.536059428802024e-01	8.089137185815570e-01	4.304386064651800e-02	4.307149473678380e-01	5.203281834547275e-01	5.469752043097209e-01 
36951	4.109882352329796e-01	6.836888992048379e-02	4.162787113355975e-01	9.799841344085429e-01	4.274077372642373e-01	8.627942218432911e-01 
36952	5.021793511898224e-01	5.726516738607953e-01	4.358030415951181e-02	9.476868594249590e-01	9.606265006211716e-01	1.201684471318468e-01 
36953	5.368075317079772e-01	7.948780909612232e-01	4.240406113782483e-01	4.718141753305993e-01	8.534848032686934e-01	4.655349419042288e-01 
36954	5.669025506527776e-01	9.113385909794514e-01	2.216293616027184e-01	2.942540290610707e-01	7.432015259407736e-01	2.896706581670743e-01 
36955	5.548344317899311e-01	2.746980522351909e-01	4.703803072824221e-01	7.994489099488080e-01	2.410000060037385e-01	5.727861547687745e-01 
36956	9.335191351341969e-01	3.026759573482185e-01	5.381689895889281e-01	5.015433340336796e-01	1.970825066057115e-01	6.350190735738361e-01 
36957	7.832222789710237e-01	6.783199883785576e-01	1.100261664972069e-01	9.811041676489174e-01	3.185743574526630e-01	8.885585400217832e-02 
36958	6.902851112022822e-01	2.404333515139324e-01	3.717669199196577e-01	9.762568279201916e-01	6.791198701018106e-01	9.294182239042714e-02 
36959	4.238492492108443e-01	5.794227504481710e-01	5.855888216901668e-01	1.694090506243771e-01	8.355808921886061e-01	4.660572779455004e-01 
36960	1.125641772151864e-01	5.822518658520393e-01	5.319963144328654e-01	8.017170793225442e-01	3.845898051182963e-01	4.985325265067374e-01 
36961	5.157815848448613e-01	7.688190673965153e-01	7.389759014164905e-01	4.555764905066839e-01	3.150843577308757e-01	2.423762726067479e-01 
36962	9.569906140545523e-01	5.333740295157283e-01	5.854334089654784e-01	1.169101657292374e-01	2.845389491239352e-01	5.861235305393684e-01 
36963	3.390552035374076e-01	4.929359184266192e-01	6.467064888476208e-01	7.072145639241529e-01	5.044100917435654e-01	9.630149045440365e-01 
36964	4.179089580477452e-01	2.202552990488596e-01	3.094423998669823e-01	4.150245354323248e-01	7.099202986956890e-01	8.477471890687331e-01 
36965	1.058884157520159e-01	7.784257237820552e-01	4.052673321353197e-01	9.754691988736330e-02	3.087196827965675e-01	9.806706316352228e-01 
36966	4.581957431794891e-01	3.183286769443694e-01	9.003241434836569e-01	1.351557567426682e-01	8.542770475299913e-01	8.178960848573732e-01 
36967	5.057030877479545e-01	1.439806518422624e-01	7.406767107898462e-01	2.935361646623441e-01	5.393360609898388e-01	3.619470180043251e-01 
36968	9.364216464182545e-01	3.991630158095616e-01	5.418149525525412e-02	6.767412629589450e-01	4.626458305712557e-01	6.921535559856645e-01 
36969	9.729691778169249e-01	6.931050261377958e-01	5.095019068926901e-01	3.106419650474071e-01	8.959457848139557e-01	3.716808962202195e-02 
36970	9.881192258126574e-01	3.453664025814392e-01	1.030957129269017e-01	5.376417175668936e-01	2.993484647752354e-01	8.315762220789378e-01 
36971	5.184820845538525e-01	4.020575338378022e-01	3.121096053438662e-01	4.392824861867894e-01	2.649197083536786e-01	6.803216695617320e-01 
36972	4.795317921570690e-01	6.490420225162987e-01	5.903494053207531e-01	6.305763818195006e-01	7.684550903311023e-01	4.714903102739603e-01 
36973	2.299836878647212e-01	1.358297758696297e-01	2.292046037529337e-01	7.550386705701261e-01	2.857784010226393e-01	9.226672641515217e-01 
36974	8.447460622993366e-01	6.947247734368991e-01	4.140593147619314e-01	7.864967209230747e-01	1.780168565430177e-01	1.710496097276397e-01 
36975	7.224778217967076e-01	5.464185891597958e-01	8.642661097485144e-02	6.392469544102479e-01	7.336279159271899e-01	2.323159462796596e-01 
36976	7.631992132437881e-01	5.255084218771304e-01	4.654125672309195e-01	8.867765442360752e-01	2.239766059004802e-01	5.985297940921209e-01 
36977	1.638730507422713e-01	7.222401345788698e-01	6.819257794618510e-01	5.684739722445343e-01	1.302506205020647e-01	5.343729038136229e-01 
36978	2.825006238960920e-01	7.525422565465123e-01	7.527164136885548e-01	1.768417292242171e-01	9.298057387781535e-01	3.406804518973015e-01 
36979	3.876672574216496e-01	4.227721984805126e-01	9.391047852440768e-01	6.122852023539781e-01	4.455864017510669e-01	3.159595473251050e-01 
36980	3.105093536457593e-01	1.247745936164408e-01	9.312133425084058e-01	4.002851948150969e-01	3.456832695751464e-01	4.398672672835743e-01 
36981	4.960105437574289e-01	3.489265538624108e-01	9.190453519707854e-01	3.503846596650507e-01	4.029924950044478e-01	5.150374195063625e-01 
36982	3.948917125407406e-01	1.949710413235305e-01	6.158588134390347e-01	6.783708699442885e-01	6.680570124851626e-01	6.113942968008347e-01 
36983	6.147385076321671e-01	7.862971693302178e-01	2.255875820706319e-01	4.727269076704846e-01	8.709384119732833e-01	1.107600616670645e-01 
36984	4.374824177726689e-01	9.386238701251128e-01	2.754284207007228e-01	5.882465996166246e-01	3.237826096336853e-01	5.772876195645454e-01 
36985	1.420249204734428e-01	6.710333717512429e-01	7.055823366444782e-01	6.224604022186064e-02	5.182674317209708e-01	8.996577913048247e-01 
36986	6.117971649631204e-01	1.812990460549034e-01	8.298475081556347e-01	6.244061844857288e-01	6.993904643362632e-01	4.858595742892651e-01 
36987	4.798138968700069e-01	6.114414335489797e-01	8.246272826835831e-01	5.499659988768651e-02	6.476192498032993e-01	6.782604151565864e-01 
36988	1.112265250812539e-01	6.153410766236733e-01	2.688592781268905e-01	7.018777726138792e-01	7.692076912066652e-01	9.455337813489334e-01 
36989	4.593397771820934e-01	1.109669491570796e-01	5.919967983128640e-01	8.925452206926777e-01	3.475096003649591e-01	5.001205011990957e-01 
36990	3.120470659861746e-01	9.638703096944389e-01	6.843327504737637e-01	2.471390322084388e-01	3.010566568693329e-01	7.327328527514406e-01 
36991	8.559542002280646e-01	2.412630374764785e-02	5.936364601671895e-01	7.315497490577485e-01	3.922296501940707e-01	8.395827603793941e-01 
36992	7.223758291406203e-01	8.012598423160449e-01	5.185275800118855e-01	4.557589579894604e-01	5.601309905081102e-01	2.106402922083500e-01 
36993	7.639288251102394e-01	8.707048320997333e-01	1.449454688184851e-02	9.977916122839877e-01	3.477598177998413e-01	6.102594395466654e-01 
36994	9.074836125084104e-01	1.008542297728933e-01	7.542734049673897e-01	9.549005314833482e-01	4.945736584401464e-01	1.345633724892717e-01 
36995	5.382429993928192e-01	2.495378505706672e-01	5.041676013282541e-01	2.943857381731252e-01	4.287314689446953e-01	7.734106564696835e-01 
36996	4.258495981234870e-01	4.622485042298626e-01	5.271517834031030e-01	7.768733847213642e-01	1.015780390048654e-01	6.358811823508403e-01 
36997	8.670273117530910e-01	1.978513534451929e-01	5.462685990742961e-01	1.950267664191466e-01	6.518259101873893e-01	2.573481032822653e-01 
36998	7.592282742868499e-01	6.611978547375259e-01	5.855303915446776e-01	8.583678003014394e-02	5.765778385384734e-01	2.697313918475162e-01 
36999	9.944914630700673e-01	1.427090746321483e-01	7.500974599571113e-01	2.074756430955655e-01	3.642664422354273e-01	2.552851192727923e-01 
37000	9.134449816476263e-01	3.959367716762432e-01	4.157524197302532e-01	7.797063785629400e-01	2.665437763331608e-01	1.983656560178729e-01 
