90001	2.866934811575239e-01	5.670317392986053e-01	4.686390629040902e-01	2.453266606549311e-01	2.373046262529110e-01	6.998654765271413e-01 
90002	8.742776782934452e-01	6.169240871581688e-02	5.636346747809753e-01	7.608054022579607e-01	3.704746098156419e-01	5.307761210794035e-01 
90003	5.216384763004974e-01	4.307040019982699e-01	4.871767751598066e-01	2.272561218934839e-01	7.263544534468358e-01	3.712896602823192e-01 
90004	5.867943863267172e-01	8.538823187262101e-01	2.846288484859395e-01	5.870222762428821e-01	2.268655575869651e-01	6.718524733916866e-01 
90005	4.152722573036072e-02	7.868069262731625e-01	5.943295305182139e-01	4.190898484588427e-01	9.001444395360571e-01	2.293080624902354e-01 
90006	9.138207504255126e-01	1.849759454725942e-01	3.469664695196411e-01	9.343375170835500e-01	4.786394455217486e-01	1.998934164541311e-02 
90007	6.520716991196185e-01	6.806454631903041e-01	4.849104412576257e-01	4.995074056731648e-01	2.338463179097845e-01	5.268954871775788e-01 
90008	6.384276441925603e-01	1.053088794129077e-01	3.372949831593187e-01	7.144801613257039e-01	3.541869683114519e-01	6.971472521758535e-01 
90009	5.383650908261624e-01	5.205731734121002e-01	8.613047455719504e-01	2.908974882336204e-01	2.362722089769565e-01	1.656113867081995e-01 
90010	4.577853523399716e-01	4.305738535825195e-01	3.276009187104661e-01	8.893706382354969e-01	2.926383045804996e-01	2.338805578767382e-01 
90011	6.653898279427206e-01	6.134564873332465e-01	5.259796253404783e-01	6.808636144404465e-01	3.366530161965116e-01	5.169444782744756e-01 
90012	5.507254152159109e-01	2.827984176493358e-01	1.229788048215886e-01	7.819177802702502e-01	9.065317653225551e-01	4.021495163730230e-01 
90013	6.066667072441319e-01	3.729740885245292e-02	8.795524094788145e-01	2.225378257731730e-01	7.895997029299309e-01	2.336951033078877e-01 
90014	5.521723508291748e-01	9.004765989765110e-01	6.563203957832647e-01	1.680442501584699e-01	7.028580226164642e-01	2.461127507967157e-01 
90015	4.503340631437083e-01	3.614741874867260e-01	7.503452750337680e-02	4.570324855226544e-01	8.507380314121410e-01	5.334084975229528e-01 
90016	5.337496613352394e-02	8.285870585191635e-01	7.553967016946984e-01	5.702879461175144e-01	3.868428897561480e-01	7.159347784631165e-01 
90017	4.900335405410133e-01	2.822054290125259e-01	5.953068827618108e-02	7.921368677003400e-01	2.564114093019832e-01	4.323852847887950e-01 
90018	4.608348261068214e-01	5.443871698656395e-01	7.974613951940761e-01	6.203745460293634e-01	4.238079379362967e-01	3.866355702743252e-02 
90019	4.204110702897945e-02	9.514322088868256e-01	3.514420395291639e-01	7.654423183228356e-01	6.184390293669283e-01	6.784559661564894e-01 
90020	4.774498563964378e-01	5.992862860218680e-01	5.178534198657480e-01	4.926548636144492e-01	3.530830297038960e-01	6.570845186597735e-01 
90021	2.654518736992169e-01	9.252951290813897e-01	1.974684299762016e-01	7.400992491858329e-01	2.211161494502882e-01	4.020130121978386e-01 
90022	8.295347841114230e-01	5.076832198754964e-01	3.528459469358491e-01	8.620816832848084e-01	7.576193483287187e-01	6.418052241403827e-02 
90023	1.020806605440180e-01	1.183061830080959e-01	5.856312457070385e-01	6.445178129407314e-01	7.725341856926805e-01	5.853581863694005e-01 
90024	9.742400971684001e-01	2.568977763513974e-01	3.054724015337494e-01	8.588036326327456e-01	1.256985266207634e-01	5.651056405121186e-01 
90025	8.522169792942563e-01	3.812637081813219e-01	1.807514747951388e-01	6.684921842975270e-01	2.838737203780591e-01	4.967900566793014e-01 
90026	7.180020386444920e-01	2.224238929326291e-01	4.796303002209194e-01	7.929417037242215e-01	2.763690038163316e-01	5.374263469946370e-01 
90027	3.650273437223744e-01	3.542942159028748e-01	8.845541074842797e-01	1.806889584596727e-02	5.692268281777344e-01	5.686981989237687e-01 
90028	3.704856129607430e-01	9.077106813196800e-02	8.698016633447184e-01	3.988498260593880e-01	4.522585240305903e-01	8.373166265951769e-01 
90029	9.096624793557735e-01	6.291142512766940e-02	8.778548715152171e-01	7.283737954252467e-01	1.947132845602488e-01	1.414209551737831e-01 
90030	4.009051253837037e-01	8.616491877925935e-01	2.705297054418282e-01	9.043310710889267e-01	5.114672096458674e-01	5.070121022727613e-01 
90031	7.665562460784483e-01	2.974347705318356e-01	4.768665048526308e-01	1.498278913538413e-01	8.604834677102933e-01	2.183445927459794e-01 
90032	4.211549380466922e-01	5.794977340362091e-01	6.355696364640873e-01	8.290204491488411e-01	4.642764550974640e-01	4.296939296805211e-01 
90033	9.957664765583618e-02	5.301973831729105e-01	7.175857377640160e-02	7.049956791062615e-01	4.963643132192944e-01	9.701659853170234e-01 
90034	5.045497938476957e-01	4.860315790071119e-01	2.397667059232026e-01	5.519671330881197e-01	3.668328895736842e-01	3.235107351794899e-01 
90035	1.587193808821046e-01	2.849596635315546e-01	7.430713207007742e-01	4.810122331309397e-02	4.532054125551030e-01	9.823643100300352e-01 
90036	5.148924947871208e-02	7.143176654899817e-01	1.815501387976960e-01	8.501643678566592e-01	4.848998581490893e-01	3.787149116411972e-01 
90037	4.388745713119082e-01	1.171480802843052e-01	2.527973547820281e-01	9.259762049620127e-01	3.906840761786128e-01	7.443787502249483e-01 
90038	7.597920286373687e-01	4.705970268696602e-01	6.767817721131948e-01	8.213516722192439e-01	8.065093712261875e-02	6.217600098619680e-01 
90039	1.269582918976053e-01	3.755966989016015e-01	9.032198383087147e-01	2.650053713050514e-01	8.182581146875402e-01	4.871593849046036e-01 
90040	6.049365017556989e-01	8.936094314453935e-01	2.759880433723715e-01	6.455682586006715e-01	3.833504353956332e-01	4.603341478031492e-01 
90041	5.030095457891619e-01	6.757858523298561e-01	3.023240678983793e-01	3.957817158013491e-01	6.402646736960177e-02	5.687074921683297e-01 
90042	3.355109080092446e-01	8.447750365515179e-01	4.946701742714760e-01	6.373511161938642e-01	5.282312506694335e-01	6.642395922490080e-01 
90043	3.128648084013904e-01	5.511299203785983e-01	8.354157493996734e-01	6.851736953634502e-02	5.441337452824353e-01	7.950438676514280e-01 
90044	3.207975545227480e-01	6.549991205055906e-01	8.773786163926635e-01	5.348612953061689e-01	7.995265803847037e-01	3.949093563328010e-03 
90045	8.208421889867508e-01	7.449366342392741e-01	4.470171079916835e-02	6.384999269584014e-01	6.775299498849209e-01	1.782658977028341e-01 
90046	5.524936758663439e-01	2.603955374745409e-01	7.151660502684101e-01	6.014760586042682e-01	7.742761432503901e-01	1.776799836928599e-01 
90047	7.637022651483688e-01	7.440198120936218e-01	2.134965458156177e-01	5.622034360376076e-01	5.370696160764632e-01	2.550673941496062e-01 
90048	1.853082209506435e-01	9.970712238710981e-01	6.434835888714073e-01	5.921698946753313e-01	7.383182686232723e-01	2.483955888402327e-01 
90049	4.525138167507503e-01	3.172138465076976e-01	6.265413670371421e-01	2.662978557251635e-01	8.479490138704151e-01	3.686419773469070e-01 
90050	9.580622330394348e-01	1.677728018621755e-01	3.621173595068284e-01	3.553208945344383e-01	5.505637777149770e-01	7.670778336640852e-01 
90051	9.591062688082539e-01	2.214512263283321e-01	1.495698044070645e-01	4.924187987664933e-01	3.456380167178682e-01	7.384919294997436e-01 
90052	8.123636367732627e-01	6.944906539441137e-01	4.104783270129752e-01	5.849976726294163e-01	1.964451876262384e-01	6.646114202519198e-01 
90053	6.604200352020997e-01	4.783587338168145e-01	1.260156831407299e-01	4.984659165427840e-01	7.809577143567077e-01	1.327751298023359e-01 
90054	4.776878291328185e-01	2.854311622314279e-01	4.918327731902067e-01	1.658315516641207e-01	8.722807986689328e-01	6.987147130795128e-01 
90055	4.319740968747623e-01	4.016849397308658e-01	7.635618235891162e-01	3.610653035147267e-01	6.234535164119754e-01	7.851072561773176e-02 
90056	4.930643349928742e-01	8.424454160183843e-01	8.346701742163878e-01	3.208425488273247e-01	8.765455496102464e-02	6.126149522169588e-01 
90057	3.386049426328012e-01	5.652881342482025e-01	2.103117999117364e-01	5.380763575884147e-01	2.426885764563882e-01	8.163445050521001e-01 
90058	6.030489848072358e-01	4.459642440904198e-01	2.483102938780380e-01	6.967700678723915e-01	1.080374151598952e-01	5.842106421524247e-01 
90059	9.685224424346640e-01	5.954522545295597e-01	7.660486676194648e-01	5.352890208013436e-01	5.933600333461762e-01	1.368453024568211e-01 
90060	6.586891478585218e-01	2.818728306874315e-01	4.980716253635701e-01	3.053949234386893e-01	9.166437849032414e-01	2.496447219345574e-01 
90061	3.710614477277238e-01	7.097447489740559e-01	8.759885109662674e-01	5.799938787649012e-02	3.304678866898859e-01	4.480735534657002e-01 
90062	4.739406414789433e-01	7.083004832835069e-01	4.892447855005438e-01	1.966107894481228e-01	4.822082857495712e-01	4.675519497730543e-01 
90063	5.370393706336710e-01	6.789983466266758e-01	6.655661591816371e-01	8.354853639571216e-01	5.986835171343194e-01	1.517352505729573e-01 
90064	6.349909664748282e-02	4.560518021837615e-01	7.414776697444997e-01	1.135018849091257e-02	9.734673802589061e-01	3.994618264561053e-01 
90065	2.211132605271764e-01	8.175061155404633e-01	6.405233358785595e-01	1.568813378308280e-01	9.640904824404378e-01	2.975137530050485e-01 
90066	5.866777365370824e-01	3.502085254607350e-01	7.059562280367331e-01	7.539955673647776e-01	1.365616167800107e-01	4.250516507587366e-01 
90067	5.196126004820392e-01	6.652048510102331e-01	2.243884520973047e-01	6.275612388815338e-01	9.903965260193490e-01	3.068460240256665e-02 
90068	8.523664620615631e-01	4.755278664799709e-01	6.634120474222123e-01	1.878099812358198e-01	9.787985454533702e-01	1.620493026437564e-01 
90069	8.156349751969822e-01	1.679462364587897e-01	4.280960458317281e-01	9.830683215394691e-01	1.355822843080268e-01	3.626738692644605e-01 
90070	8.569477021243432e-01	4.064726471042780e-01	2.930371915321671e-01	4.632254322239386e-01	1.728167455538615e-01	1.323327745863286e-01 
90071	3.918662362062531e-01	9.650474019915255e-01	7.173544058510846e-01	9.453445077896078e-02	4.086802296590005e-01	4.171658034467623e-01 
90072	6.213901639401322e-01	5.471239338736861e-01	4.879979768600161e-01	8.409303680040362e-01	8.905584097406878e-01	9.176179848185162e-02 
90073	1.606437982043823e-02	6.423430294565173e-01	1.936710226921048e-01	4.949073610030372e-01	6.284173129859025e-01	7.758655423522236e-01 
90074	3.681363243441958e-01	6.241388768174184e-01	4.465995044455551e-03	9.979767332995956e-01	1.750098955199552e-01	2.532301831850000e-01 
90075	6.335060704717094e-01	1.731195055134759e-01	3.195971773720340e-01	4.471718654464135e-01	6.840676783504702e-01	7.538272019691471e-01 
90076	1.803059660573548e-01	7.186202837106997e-01	1.751603177243933e-01	7.763837000846792e-01	4.045910176295343e-01	9.728401541983386e-01 
90077	5.626594679636362e-01	7.045547318415551e-01	5.131925330313873e-01	4.712521058507494e-01	1.322031877176160e-01	7.492804312335236e-01 
90078	5.044334143601659e-01	7.799319934771176e-01	6.745317759414537e-01	4.930681759244123e-01	2.244926457855566e-01	8.548564565999546e-01 
90079	4.815408825542726e-01	3.669205132605314e-01	6.306485529097559e-01	4.319765984715989e-01	7.504611243699566e-01	6.763181843258126e-02 
90080	5.355941317419624e-01	5.487988128426173e-01	6.832508201712864e-01	6.948109383543039e-02	5.642080589416623e-01	6.015574885284195e-01 
90081	5.638070473723183e-02	5.025949015411370e-01	3.041748254560073e-01	8.240808712217378e-01	9.576129219478398e-01	2.999074120103742e-01 
90082	7.874069963892069e-01	7.592651598182981e-02	6.714187934280897e-01	9.553569567463295e-01	1.994490859995631e-01	6.642411607371116e-01 
90083	8.468837678035371e-01	5.993793729350534e-01	3.377297922624938e-01	6.528039843728564e-01	1.821754266519491e-01	5.932833750743546e-01 
90084	2.322775390551756e-01	8.142573311109917e-01	6.015687696193768e-01	6.373316432534499e-01	5.194715072054644e-01	3.853968039509672e-01 
90085	4.591970637796796e-01	3.124623933048510e-01	1.807588630445734e-01	2.301255826459833e-01	5.520436097283152e-01	8.302437234384837e-01 
90086	6.549538587131648e-01	2.214860601672127e-01	3.586930514716238e-01	8.095720577458889e-01	4.144386307528103e-01	1.954956357087332e-01 
90087	8.586388752635521e-01	4.607972207602627e-01	9.461112297666953e-01	5.537922684229768e-01	4.678345763997024e-01	2.959816908991750e-01 
90088	2.761665479151709e-01	1.228512121771219e-01	6.212773701229608e-01	6.444167689287406e-01	8.978995113732514e-01	5.618363109465907e-01 
90089	9.329847171762397e-01	3.429393192507624e-01	9.329162808056206e-01	2.018812082992082e-01	4.321076091292296e-01	4.139545223508803e-01 
90090	7.390722042533044e-01	6.175988522224314e-01	5.129391053134347e-02	8.882855047118239e-01	3.824077432020374e-01	6.253800550151847e-01 
90091	8.980581172126395e-02	9.376668237195878e-01	3.459910896747896e-01	1.628045660844622e-01	4.287599821485078e-01	9.454250821315853e-01 
90092	3.332161538210198e-01	3.569149422881949e-01	5.714758158268469e-01	3.328643218682009e-02	9.970847611864424e-01	4.309804002974009e-01 
90093	8.110042799185467e-01	4.210733621755279e-01	1.168548269534171e-01	1.163492649018666e-01	8.522710616952036e-01	5.263792819206367e-01 
90094	1.665770038809909e-01	7.071807836664077e-01	4.643936852388342e-01	5.868185614156746e-01	2.499617477983869e-01	4.083315313198283e-01 
90095	6.859434651353344e-01	8.763368565174603e-01	4.167381739274237e-01	2.214966941159865e-01	9.994969399998073e-01	2.843604776126005e-01 
90096	2.976765918581720e-01	6.800312830023224e-01	8.227765345434358e-01	3.130855440124685e-01	5.919851667027141e-01	3.698810420962824e-01 
90097	1.400066144433440e-01	7.028628839249447e-01	5.698994658450820e-01	3.593698922126307e-01	6.962289702451665e-01	6.961502398545327e-01 
90098	6.618209445475924e-01	2.069630096434097e-01	8.220241921252064e-01	5.626205797862677e-01	1.595166287154381e-01	7.169904439434904e-01 
90099	8.850697157424174e-01	4.856932565364976e-01	2.993395234750730e-01	1.863469921601470e-01	6.027682101738000e-01	4.987856244863765e-01 
90100	3.496115031854596e-01	8.794962580964257e-01	2.028798524234828e-01	5.218203535894539e-01	6.504686776339347e-01	2.856866319371185e-01 
90101	2.098257099823315e-01	4.006072872366512e-01	9.635201581204325e-01	2.980836259956182e-01	8.188840691130544e-02	8.849103509748822e-01 
90102	1.318247909759581e-01	3.884297973159207e-01	9.052421343999850e-01	4.313197208937973e-01	4.092166245908979e-01	5.580857891299249e-01 
90103	8.494574494159708e-01	1.154442802465646e-01	8.089209899072491e-01	9.551034474360862e-01	5.178454904151131e-01	5.188830155712718e-01 
90104	7.063823132765804e-01	6.621222802481943e-01	4.059473513163590e-01	4.349051388976344e-02	2.874611759953986e-01	8.813091509380511e-01 
90105	5.865116223019788e-01	3.134019052789620e-01	2.362586945922485e-01	7.419876988354752e-01	1.923513815281593e-01	4.153441924836287e-02 
90106	5.271820627208414e-01	5.203139718173305e-01	3.610676038696255e-01	6.568539662517061e-01	5.934362379822437e-01	2.845117783631423e-01 
90107	4.614035645383298e-01	8.934525328086163e-01	3.529125472360635e-01	6.774892612355577e-01	5.713382274702087e-01	3.362706225901804e-01 
90108	4.651369429963401e-01	7.741234379834326e-01	6.387711667367570e-01	9.973043516198788e-01	3.151303559494322e-01	1.858046219703430e-01 
90109	9.612787090630034e-01	8.743814884324663e-02	6.396089086164556e-01	3.952415499383838e-01	3.578996711265057e-01	7.298916355684302e-01 
90110	1.877025058843259e-01	1.488035241746899e-01	7.529315544184170e-01	4.379352588171012e-01	7.119320651039189e-01	4.730225113641993e-01 
90111	3.460258515538142e-01	5.141230637146045e-01	4.939405246662454e-02	6.984745214613923e-01	5.006032346047067e-01	9.169297311821363e-01 
90112	8.483324944213593e-01	4.646741899740948e-01	7.828244325705405e-01	2.725555408145274e-01	5.017069261966738e-01	1.660320584035397e-01 
90113	8.874177592312924e-01	5.889586524163726e-01	3.973831763979450e-01	3.178903331480898e-01	6.977753811964404e-01	1.024474943948868e-01 
90114	6.900904883286550e-01	3.439360785782275e-01	7.102808584692260e-01	6.121627745786195e-01	3.136114715460526e-01	6.084289861172795e-01 
90115	2.997789338490025e-01	6.928013622663981e-01	3.548204344301163e-01	5.422725822252236e-01	9.632589816410193e-01	1.482941659171373e-01 
90116	6.722148584040076e-01	9.601808726223785e-01	5.663708193340744e-02	2.166587205253760e-01	6.726826211383127e-01	1.773850825969162e-01 
90117	4.651987040304216e-01	5.425015492455694e-01	4.987102891833968e-01	5.817070726465288e-01	3.834791100423446e-02	6.230762276762516e-01 
90118	4.725001042576108e-01	5.500377284123801e-01	1.995623690141436e-01	3.732330116211212e-01	2.764615878144910e-01	8.889229207740394e-01 
90119	2.882249488045220e-01	3.228339326471396e-01	6.314402733082911e-01	5.319515784806589e-01	5.487690756691768e-01	6.437272214672954e-01 
90120	2.374485853886693e-02	9.416939127819147e-01	1.000939308668883e-01	8.159090853364243e-01	5.014217791377158e-01	3.538900899773275e-01 
90121	1.006607876497230e-01	8.292433175069200e-01	2.523340101295366e-01	3.534965579481391e-01	1.404273242411730e-01	8.681402557141453e-01 
90122	3.843892204572365e-01	9.164450625942110e-01	3.264622907168113e-04	5.502475541469437e-01	5.922882755823340e-01	4.293018629464658e-01 
90123	7.467401709858443e-01	2.745517181579303e-01	6.304495572637345e-01	7.606675909436833e-01	1.423055629869715e-01	7.579088395133426e-01 
90124	8.407384921112608e-01	8.090797998600845e-01	6.000579098981027e-01	3.505303513266730e-01	1.482916585274714e-01	3.560302555055692e-01 
90125	4.901710751166847e-01	6.418720884700230e-01	6.177138028555791e-01	4.420019971574697e-01	1.496901472718786e-01	6.466770848572024e-01 
90126	3.026094677574303e-01	8.333134322760458e-01	4.427601942612161e-02	8.931168050601893e-01	6.195044243695272e-01	7.633971424048375e-02 
90127	6.315610448884477e-01	4.792076616516435e-01	7.007334201873858e-01	6.974360407718598e-01	3.636834842015422e-01	1.960669211811848e-01 
90128	2.307626697155195e-01	9.890509079141181e-01	4.186749746709424e-01	4.842450010547490e-01	1.126419554219111e-01	7.619825521291022e-01 
90129	5.532749090452053e-01	9.294185553362971e-01	7.230660819645441e-01	2.618568571050237e-01	7.995888177086026e-01	2.053500285241450e-01 
90130	4.881990254441889e-01	9.556624468835365e-01	6.381074790441433e-01	6.058027752329928e-01	1.365226950127288e-01	6.909785727988376e-01 
90131	2.533228541006515e-01	9.675075075457719e-01	4.201335321759148e-02	9.845394576735536e-01	4.328826261920889e-01	6.329858032975594e-01 
90132	5.520083809115959e-01	6.808181327901046e-01	2.070829968679455e-01	8.711293072673154e-02	4.222182687694628e-01	9.064733889994274e-01 
90133	2.685681942896902e-01	9.986272444485232e-01	1.279269664814947e-01	6.484865620707916e-01	5.648259360571912e-01	2.678126606925485e-01 
90134	8.611906156315399e-01	9.038289704504507e-01	3.970935522947540e-01	1.427885029202516e-01	4.077185532784328e-01	4.928915873729627e-01 
90135	2.110944097059703e-01	9.053992371047305e-01	4.951173050171467e-01	6.433710397874656e-01	7.895897881226821e-02	7.276699805730622e-01 
90136	1.188802464910683e-01	9.400813110566729e-01	7.202863724593255e-01	1.793674715892789e-01	4.241918459090355e-01	5.932734987569906e-01 
90137	7.087213336773637e-01	2.965277305634718e-01	9.804629526427093e-01	1.071847925463419e-01	7.103985224256483e-01	1.244029368987323e-01 
90138	7.821600103504212e-01	2.035735556787591e-01	9.894759048878230e-01	3.864250590898376e-01	3.166657993761638e-01	3.515413650296745e-01 
90139	7.534068370872096e-01	9.336343353322388e-01	4.780388331904449e-01	4.107634354615975e-01	2.643234842361808e-02	5.225660999295330e-01 
90140	9.727906710057033e-01	2.296108525205909e-02	7.819565082918210e-01	5.620035207769346e-01	5.310014928990331e-01	4.402424401953406e-01 
90141	2.561577758962621e-01	8.749839626114276e-01	5.177027658535029e-01	8.107955168391966e-01	6.187238209922757e-02	6.368816403408001e-01 
90142	4.211614246362043e-01	5.923327356690393e-01	6.327289599251468e-01	3.202600700274038e-01	8.064263726175499e-01	1.207577686226167e-01 
90143	9.067812833533814e-01	7.557524936888730e-01	4.527410933579981e-01	5.150596984488683e-01	1.646704812912978e-01	2.992758519669591e-01 
90144	6.429874352712899e-01	5.049986890194421e-01	7.303288475587298e-01	2.098260360840336e-01	3.561144091768882e-01	7.628008428388688e-01 
90145	6.044135200656962e-01	9.392403627123743e-01	2.145863829101165e-01	4.702748485565753e-01	5.383095121386232e-01	6.433677909049027e-01 
90146	4.923258516831525e-01	4.124389540879283e-01	9.371057040833282e-01	3.265646679563101e-01	6.990361762568036e-01	1.323914524547013e-01 
90147	5.782093171102969e-01	8.145715083073585e-02	3.905763778551519e-01	7.232641128882678e-01	7.280776140699726e-01	5.749967652360848e-01 
90148	3.637223367583923e-01	8.004329466685767e-01	6.212594732644396e-01	1.798220523804026e-01	4.015720467641714e-01	5.108449631502348e-01 
90149	2.846782777411019e-01	4.868606110728172e-01	5.833992581487699e-01	4.049761837639588e-01	7.911232994976817e-01	2.090624841724903e-01 
90150	5.848101779878372e-01	2.594677463790008e-01	7.484847082207057e-01	9.579805893557544e-01	5.560436911757104e-01	1.216426197136578e-01 
90151	1.330128351467732e-01	8.350609218084835e-01	2.555177570754779e-01	1.632062018405114e-01	5.573034219538959e-01	5.636470186151852e-01 
90152	8.751843638067660e-01	5.453845880902930e-02	5.546254334682830e-01	3.205618598623392e-01	6.584058354764520e-01	6.939946499742273e-01 
90153	4.723570965599612e-01	6.197875240085207e-01	8.239786312196949e-01	9.338743247398308e-01	1.437989389200049e-01	3.593283594768211e-01 
90154	7.568474373322496e-01	3.839259582353419e-01	2.584517461238169e-01	2.257497329773819e-01	4.861837316269411e-01	5.539577525623904e-01 
90155	4.308992707318727e-01	1.042902986323825e-01	6.667251053604335e-01	9.103832479624752e-01	9.003681968592726e-01	5.623289604975881e-01 
90156	3.106215909192752e-01	3.494237860316811e-01	5.904165903388294e-01	7.462633819073641e-01	4.620317694854350e-01	3.920354048378517e-01 
90157	1.708994724202356e-01	3.567479578809313e-01	6.897347808518356e-01	3.255030443242080e-01	9.709964826962819e-01	6.293753747175750e-01 
90158	5.616699666438723e-01	9.789061526779893e-01	6.891406559097227e-01	1.029210483626280e-01	6.022127460089549e-01	2.425627443618731e-01 
90159	5.447356025400132e-01	2.408540205266715e-01	9.851173095652259e-01	3.715370274698706e-01	1.709521411363247e-01	8.755646891252027e-01 
90160	6.075580128530670e-01	3.563144382011648e-01	1.433271613466594e-01	8.721874740500990e-01	6.995126511891903e-01	9.807357594584381e-01 
90161	3.336764432138486e-01	2.366197743355115e-01	5.699711396498881e-01	2.787056637127359e-01	9.345257397899986e-01	5.685504554893243e-01 
90162	3.489331382315090e-01	4.791734429499601e-01	5.721873448009202e-01	1.231651414497492e-01	8.151188737564226e-01	3.104066786463582e-01 
90163	2.866228232489746e-01	6.774113172945202e-01	3.539745376512542e-01	7.091593592628740e-01	3.182893438120489e-01	8.541754866447816e-01 
90164	1.416360279453288e-01	6.385992148058850e-01	4.455527419022763e-01	3.165877126644501e-01	6.907007440063468e-01	3.016948392879376e-01 
90165	2.832026496291187e-01	8.900865549218938e-01	3.013971270343793e-01	2.617938057604841e-01	4.434365162963535e-01	6.211614250678152e-01 
90166	2.657492285119939e-02	4.300876935980583e-01	4.977811572584271e-01	8.038253733634478e-01	7.618736562302861e-01	3.372291939531891e-01 
90167	4.871302431170231e-01	3.115850900282835e-01	7.038110204140516e-01	9.729633376803007e-01	3.691863954092059e-01	5.576444977043440e-01 
90168	2.380280118661333e-01	3.545655057860964e-01	4.019807432271643e-01	4.818610192465304e-01	5.880665487765447e-01	7.566207305001919e-01 
90169	2.524182482045909e-01	5.175593518070266e-01	3.764911714965528e-01	8.400847750344346e-01	3.136794451700028e-01	9.807454594355238e-01 
90170	1.508767013813601e-01	2.286450084567220e-01	7.939852572937469e-01	4.927909379386219e-01	9.989498842022922e-01	2.881144490661086e-01 
90171	1.345883206973114e-01	2.135974058935373e-01	6.197674647780365e-01	8.090473134548178e-01	9.514685563598729e-01	2.506361766781028e-01 
90172	2.095697770750257e-01	3.644852732224145e-01	1.624018542699847e-01	9.928113785001059e-01	3.813940114867131e-01	8.792485140657575e-01 
90173	6.923029419120235e-01	3.525313739902012e-01	3.211546435414739e-01	3.705524221791711e-01	9.780511142945357e-01	1.800592981411689e-01 
90174	8.025550519189512e-01	3.139178724193126e-01	3.765678352418872e-01	2.921939625458483e-01	7.759063115892302e-01	3.477737497462163e-01 
90175	2.076349600818082e-01	8.525120754977646e-01	1.529762703597953e-01	9.490370499313594e-01	3.396544382463533e-01	4.157577173210003e-01 
90176	3.804503583637714e-01	6.074810824553838e-01	2.915439744579691e-01	5.504895099702003e-01	9.326024593994914e-01	1.547861883371088e-01 
90177	4.480395487327553e-01	6.235164054043012e-01	1.114531564684563e-01	5.601750599495614e-01	4.459875266619083e-01	8.644743522702576e-01 
90178	4.137958293920104e-01	6.934801015848255e-01	7.370677906242721e-01	4.097150783198671e-01	5.753617138482658e-01	1.933765620401096e-01 
90179	3.708070654753617e-01	4.303161709637949e-01	6.735326392378084e-01	4.876193497718237e-01	4.662680645393289e-01	5.434833172533764e-01 
90180	9.155275860412275e-01	2.843432479675773e-01	1.454897385359413e-02	4.712016351856759e-01	2.299663380501715e-01	3.568950954616981e-01 
90181	4.859037672112695e-01	6.641860695560874e-01	1.452329216122968e-01	1.619206117882671e-01	7.725802826252546e-01	6.385506263800900e-01 
90182	1.820173177815664e-01	8.033223920685620e-01	3.178607001739152e-01	7.655788439379245e-01	7.096355836054847e-01	3.119044949084701e-01 
90183	5.384714142636451e-01	5.232857507603372e-01	1.389108048181683e-01	2.549960068366663e-01	8.021950016526516e-01	2.181997782407537e-01 
90184	7.851026614372574e-01	5.755236290098293e-01	3.006057873635478e-01	7.085164884826414e-01	1.292095998018252e-01	6.477366720425884e-01 
90185	4.117088950679143e-01	4.101843950040867e-01	2.734092186316243e-01	6.888732035056534e-01	4.699277439314287e-01	5.323859366234552e-01 
90186	1.073547579083112e-01	6.989419369845651e-02	9.384221371457017e-01	5.462701369695289e-03	4.645953865831271e-01	7.233112617060184e-01 
90187	6.703417103286331e-01	7.787111046112937e-01	3.579870647634626e-01	2.422931420431768e-01	8.321983326697315e-01	3.597509917723903e-01 
90188	4.338820674171179e-01	1.778843080755463e-01	3.342035646380712e-01	1.424650436609392e-01	9.212174057866998e-01	9.269564181579856e-01 
90189	5.841971599849345e-01	6.149055457526228e-01	2.218376063211963e-02	6.080709395080379e-01	6.657847414304855e-01	5.945323509209354e-01 
90190	2.711223827967929e-02	8.274718713240212e-01	4.524767867269327e-01	3.283582534119505e-01	6.454840591582269e-01	7.016046006219878e-01 
90191	2.606596837642252e-01	6.881081755140285e-01	1.548183903659556e-01	6.071776823086432e-01	8.119280344711527e-02	8.456576626946780e-01 
90192	4.327005410402246e-01	5.991476496414080e-01	6.904471819598987e-01	4.135730794002104e-01	8.832823579085483e-01	8.475758863599236e-02 
90193	7.507215503999869e-01	7.661338801738431e-01	3.995605007941920e-01	6.125321556677032e-02	5.027961939569157e-01	2.053723958973535e-01 
90194	7.670197537731528e-01	4.815011613620982e-01	6.978385948757426e-02	7.044777223578489e-01	6.448710560553760e-01	3.060250829670857e-01 
90195	6.060672557559497e-01	2.643568003916109e-01	2.079710209850422e-01	8.390510240379743e-01	5.710415511787861e-01	5.867361021950174e-01 
90196	3.284510181338975e-01	5.552463457729988e-01	7.353279437727649e-01	9.240824607076314e-02	4.206187984838869e-01	6.999133558612531e-01 
90197	8.549729271656301e-01	5.357352782809398e-01	3.715097243184046e-01	2.175543779929734e-01	2.192541442366542e-01	6.287610000697537e-01 
90198	3.071881948424920e-01	9.013798666215961e-01	6.904898511710870e-01	5.748219365886303e-01	8.976598892252119e-02	4.702707364230539e-01 
90199	7.685128356328383e-01	6.231529987098693e-01	8.773080780323451e-01	1.910064075043130e-01	4.098190695606351e-01	4.508595717874695e-01 
90200	9.437529182797479e-01	3.349241397006691e-01	3.939924545637793e-01	6.977033300291098e-01	8.631590054876084e-01	2.741929162338797e-01 
