49201	5.130282709935473e-01	7.609420667435159e-01	3.907798063279823e-01	4.035605795484080e-01	4.672962667688733e-01	9.314985621171812e-02 
49202	5.873248952248642e-01	2.858782191726544e-01	7.197838997139641e-01	8.817271392372666e-02	9.006770992766365e-01	9.815793378446519e-02 
49203	2.355139577914657e-01	5.326562117066876e-01	7.044667460317160e-01	3.362016249600688e-01	4.813689160136791e-01	6.062995082593140e-01 
49204	1.695992573771322e-01	9.415219467880729e-01	8.099849751922454e-01	1.660673259313194e-01	7.457594646541112e-01	6.381109398271108e-01 
49205	3.795416898014591e-01	2.668661753848597e-01	1.313640848016215e-01	6.111531081031942e-01	8.291990724591964e-01	9.012984532296512e-01 
49206	2.238544160850084e-01	7.595620381703305e-01	9.601508156685976e-01	7.094748072169007e-01	8.258076891265892e-02	6.353309024711373e-01 
49207	8.164792710584403e-01	5.094733786491776e-01	3.191451559871044e-01	3.831481395301958e-01	6.150059318196722e-01	3.021693192174925e-01 
49208	9.814751350008830e-01	3.950601468718876e-01	9.548086973049346e-01	6.718926309579512e-01	1.877510632488979e-01	1.011129104202641e-01 
49209	5.775476968071038e-01	9.949326176550199e-02	9.785609679436020e-01	2.184567051607009e-01	8.193953428047741e-01	5.042367027409687e-01 
49210	2.587624533931010e-02	6.884783622101638e-01	8.708422762714575e-01	5.190924642719905e-01	6.844555439149137e-01	3.227669817074943e-01 
49211	8.043016146695063e-01	1.573182645600287e-01	9.106507843156544e-01	5.134955103274574e-02	7.390719309741206e-01	6.856593236407615e-01 
49212	6.455835262980747e-02	5.106229998038698e-01	5.672130335929872e-01	8.239282952948666e-01	2.621233953587778e-01	7.808525794598180e-01 
49213	3.367818248374330e-01	6.028770365323423e-01	9.374497460573393e-01	8.714304567295625e-01	2.720342007242875e-01	2.666470525410845e-01 
49214	2.241844872815193e-01	7.395995834123980e-01	6.964409032073633e-01	3.576346312149500e-01	4.639014841204384e-01	8.507698391117694e-01 
49215	6.521377716234542e-01	5.936350498482835e-01	5.625436501911725e-01	5.411018916884278e-01	6.593199959898406e-01	5.584795723071730e-01 
49216	8.276782572824178e-01	2.788913839711777e-01	7.065518125482113e-01	1.871125845528364e-01	5.983870730713506e-01	1.633886474310894e-01 
49217	5.116431270694588e-01	6.180491494851909e-02	9.194399199749799e-01	5.191763135616482e-01	5.175342068198163e-01	4.794815121471849e-01 
49218	3.629537842568076e-01	2.976166185013402e-01	6.345799373575456e-01	5.532847746300309e-01	5.352883373283078e-01	4.524670424419893e-01 
49219	5.901949728233036e-02	4.831065821214733e-01	5.915675957040362e-01	6.793246350774864e-01	7.454344810576127e-02	8.353921461164553e-01 
49220	9.861743172393296e-01	5.739470695256416e-01	7.509054367247608e-01	2.214043626459044e-01	4.175414081930054e-01	4.196754652078973e-01 
49221	3.987187586823511e-01	8.942271140852394e-01	4.477501205198129e-01	8.854677336889503e-01	2.382941214041822e-01	1.906357189978615e-01 
49222	1.795855577407905e-01	5.151522073569219e-01	2.095697259102825e-01	8.387982164677825e-01	2.212030878421533e-01	7.851365189680878e-01 
49223	8.237164838022146e-01	2.072705014893654e-01	2.527112709504311e-01	5.383146974871070e-01	5.720445763665241e-01	6.863978107361099e-01 
49224	8.908124927911334e-01	3.723389955741427e-01	4.161718431661479e-01	9.480411603677792e-01	7.634486403096856e-01	7.360748207297632e-02 
49225	1.625971255466829e-01	3.142917624492805e-01	9.490506620346163e-01	6.125039934237340e-01	6.551323131210598e-01	5.718732264927778e-01 
49226	7.911166540646061e-01	4.332588095468168e-01	8.571444446611174e-01	3.285055042168727e-02	7.836299089665970e-01	7.632284472750586e-01 
49227	5.250798672780511e-01	9.792741284501072e-01	2.303555162088219e-01	4.321839530119200e-01	8.906160650214641e-01	8.459689068914467e-02 
49228	4.890510908543067e-01	6.688365169624754e-01	5.163508915236452e-01	6.948579393498824e-01	2.922804836867841e-01	3.193589142809442e-01 
49229	8.567085998977346e-01	3.716981040256284e-01	7.451001893722913e-01	4.339222413463382e-01	1.542702221553657e-01	4.039806734776293e-01 
49230	6.068828655946532e-01	4.748581596209472e-01	8.108526969854314e-01	3.471695418924035e-01	2.890347151499190e-01	4.141958549956083e-01 
49231	9.552770371299001e-01	4.946424076213415e-01	3.383264415210542e-01	7.788298648036769e-01	3.417629785097627e-01	7.319730160644988e-02 
49232	3.334823199990585e-01	5.509344947972896e-01	7.064384225536525e-01	7.850005740285467e-01	4.091726541983181e-01	9.023823744357407e-02 
49233	1.287262698812344e-01	4.902828890995261e-01	5.616824812842820e-01	6.459124869024511e-01	7.358344732550105e-01	2.104282014125645e-01 
49234	8.441627333038383e-01	8.583390433599557e-01	5.567109566828330e-01	5.148090387763937e-01	1.896763969211485e-01	4.545159600853551e-01 
49235	3.609219301302169e-01	2.502959635845019e-01	9.872187210542470e-01	1.208254329122415e-01	3.432377069180516e-01	8.978065213674612e-01 
49236	7.259850364362324e-01	3.647853841790319e-01	5.047106398160831e-01	2.236381211004190e-01	5.968452725270132e-01	5.347295219359072e-01 
49237	2.144495804784546e-01	1.496663219062023e-01	5.386303445629915e-01	5.336734353961456e-01	6.093856151116421e-01	8.123009340282442e-01 
49238	3.842554639438071e-01	2.642884188462027e-01	4.108507562213858e-01	4.229570643225377e-01	5.844869469885252e-01	7.180708786067735e-01 
49239	2.420972464132174e-01	1.791924815640126e-01	7.197010173949920e-01	5.160594213207996e-01	5.951678871349071e-01	8.198844124545542e-01 
49240	4.571313642625506e-01	5.324976136838232e-01	7.356225404151271e-01	3.711134790615547e-01	5.117174939616665e-01	3.484291001648368e-02 
49241	5.243772782967719e-01	5.211841370747634e-01	6.275890339846193e-01	4.952263556190745e-01	6.074821616705635e-01	2.761154467128014e-01 
49242	7.171827942652238e-01	7.593862752121394e-01	7.688977879490250e-01	4.189988556783287e-01	1.728411127544797e-01	9.233524966437118e-02 
49243	6.643035262359416e-01	1.822083858908252e-01	4.749333089935420e-02	3.496074183075150e-01	7.845881383901727e-01	4.646451756010970e-01 
49244	6.316013170791811e-01	1.233453591605574e-01	9.708173245017362e-01	3.931225207700754e-01	5.879174230596430e-01	3.040877505915032e-01 
49245	5.849488728209840e-01	2.652043562545363e-01	2.745363043925241e-01	8.742510784655879e-01	3.333816723453469e-01	2.121274912214537e-01 
49246	7.149252334492284e-01	4.486610363225002e-01	7.960224175666483e-01	7.003670017647277e-01	4.247301267013728e-01	2.543671388451281e-01 
49247	6.031109483689142e-01	2.799583730244314e-01	9.785629591722522e-02	4.848344842103750e-01	7.674934679414651e-01	5.228756236601477e-01 
49248	3.082350274962276e-01	8.055375903283235e-01	3.142275886999697e-01	2.582047638980421e-01	9.028020997362759e-01	2.932984263914684e-01 
49249	3.723729802038837e-01	2.224086981699568e-01	8.030210653888057e-01	7.349211289165301e-01	6.794977802137885e-01	6.888799628298402e-01 
49250	9.961114079361285e-01	4.930289374471374e-01	3.224067539441361e-01	3.276599995472712e-01	2.725265279844786e-01	6.783714719714340e-01 
49251	4.677251976288919e-01	4.493820282936706e-01	1.176611084097892e-01	6.593674996201675e-01	4.798924151087902e-01	7.681873322199017e-01 
49252	4.037116697223244e-01	1.085756395803681e-01	5.440438300564669e-01	7.729274698848638e-01	6.547913793082271e-01	5.791570883396377e-01 
49253	2.451604630161099e-01	4.826722078524790e-01	8.120745609958483e-01	1.891112169163523e-01	5.803375065646033e-01	1.958035706726418e-01 
49254	9.980489778479413e-01	2.554909855572545e-01	1.633108308228708e-01	4.797983766526059e-01	7.300300703259824e-01	3.964479904346118e-01 
49255	6.841915562635754e-01	7.172854289181219e-01	4.546430889556575e-01	4.913205436014400e-01	2.310100023341588e-01	6.373050814418253e-01 
49256	4.722024738207585e-01	4.313736777245034e-01	3.657744834820542e-02	5.053586676925883e-01	8.900623179228802e-01	5.396519929917576e-01 
49257	8.357486934771436e-01	6.010072249114803e-01	4.148968293789999e-01	6.452280087070066e-01	1.925453618800246e-01	5.563721619895962e-01 
49258	9.652632946771841e-01	5.028751381789371e-01	2.992354379093658e-01	6.259957897433812e-01	3.336818236313821e-01	3.939173640337076e-01 
49259	4.807254126381740e-01	7.189676436208087e-02	7.175729229663640e-01	4.920683280364583e-01	5.955593219874469e-01	3.519389461598919e-01 
49260	3.478869197382788e-01	9.774640188592765e-01	2.675237710120643e-01	2.144167806379964e-01	7.412121754806837e-01	3.926695745538878e-01 
49261	2.246173769186162e-01	5.446907170107883e-01	1.835090059113137e-01	9.706103861069098e-01	5.906259559087953e-01	7.970619056030771e-01 
49262	6.271398450673591e-01	4.382411940349223e-01	6.296812451567249e-01	2.538817444653793e-01	7.231895710294467e-01	2.770274128794810e-01 
49263	8.956000455847162e-01	2.845303628466276e-01	8.270970302836196e-01	3.303559488523291e-01	3.049901215578556e-01	5.270735391813384e-01 
49264	9.746007779929764e-01	3.512816468383632e-01	4.514201261399483e-01	3.929431662594020e-01	9.883889262871565e-02	4.875571607403031e-01 
49265	5.466603153749899e-01	7.833990084963075e-01	4.679299690331270e-01	3.849106837096331e-01	3.392959983662452e-01	9.671777093191503e-02 
49266	9.274795960340038e-01	4.321974465276411e-01	2.654240919224696e-01	8.041869225612498e-01	1.685329328569943e-01	7.529705006649269e-01 
49267	9.347709423387500e-01	1.838594243293065e-01	7.513303298317737e-01	7.649552924157885e-01	3.151601514005733e-01	1.912723645602225e-01 
49268	4.153711334024741e-01	4.447350951947715e-01	4.092697918691461e-01	7.011562599299036e-01	6.419528051023747e-01	4.604298938394704e-01 
49269	1.799170615009777e-01	3.307844096429964e-01	3.925665491911098e-01	8.201953814346195e-01	2.693638785282448e-01	4.865282356046135e-01 
49270	4.770116892405269e-01	5.102519353603513e-01	2.075214667190485e-01	1.506129375147658e-01	9.414330256716054e-01	3.465658131020731e-01 
49271	7.881232264192952e-01	1.375927896800625e-01	1.969077050091284e-01	6.852399247161978e-01	2.708494695592394e-01	4.893666267851216e-01 
49272	3.473750865259875e-01	1.261752566644954e-01	8.086161773928935e-01	4.343226031883821e-01	2.963087776032300e-01	6.171407177804200e-01 
49273	7.195636424570173e-01	5.832471949599295e-01	4.027201622858877e-01	8.795756158157557e-01	3.342037078504147e-01	2.956408500170434e-01 
49274	7.763867378318181e-01	2.915497285525348e-01	9.237164895891742e-01	1.318662321327410e-01	7.841694572840797e-01	2.126779403394669e-01 
49275	4.577919540725139e-02	9.241702279106037e-01	3.762265779076229e-02	3.979423171801356e-01	7.821520101445847e-01	9.456138667854472e-01 
49276	4.566463478868089e-01	2.623351077611827e-01	7.215778909891563e-01	3.509633290554806e-01	7.649273608396988e-01	4.520090587326713e-01 
49277	9.307926659496568e-01	2.488381471914365e-01	6.321409401612919e-01	2.089168434134443e-01	7.186182967755750e-01	1.109919804026516e-01 
49278	9.801458168249666e-02	7.633006675292721e-01	3.270189958810624e-01	1.686611833564336e-01	7.556675656370848e-01	6.736928544711320e-01 
49279	9.241148033992173e-01	8.226972868533016e-01	7.985972979839606e-02	2.008069370635135e-02	7.881113806464255e-01	2.783478705564912e-01 
49280	5.932495224522019e-01	4.172897571451194e-01	2.364398897473272e-01	7.896974157596189e-01	3.097230937223473e-01	5.710650445962597e-01 
49281	2.886680673456702e-01	6.119419647246176e-01	4.943178490178837e-01	4.592077056170528e-01	2.723184707875386e-01	7.559052345777854e-01 
49282	1.565152317926909e-01	6.996266848738344e-01	6.640938705557965e-01	2.833919153338074e-01	7.495519197933458e-01	3.536000493934690e-01 
49283	3.601634056405606e-02	8.076778215998266e-01	3.411740965552689e-01	5.519182731830646e-01	8.572460623637109e-01	5.436907617014958e-01 
49284	4.099994065317946e-01	2.372552847518709e-01	8.110071277522568e-01	9.535043919451333e-01	4.785455894962380e-01	5.124615369161341e-01 
49285	9.299365704799797e-01	5.775318084593334e-01	3.007120353097206e-01	2.576231273429993e-01	4.820665935473530e-01	5.039266973558886e-01 
49286	8.096270827114713e-01	4.620119850337249e-01	3.908514538885520e-01	6.955387120588186e-01	6.481923612536659e-01	2.054195670189779e-02 
49287	7.147595343681022e-01	1.249254639871723e-01	6.210857654123025e-01	1.918829186479022e-01	8.240849631622216e-01	7.166201810797571e-01 
49288	3.322439287197161e-01	8.684671796563639e-01	6.600074730919527e-01	5.901078763021337e-01	2.842534613894877e-01	1.222867231065631e-01 
49289	5.163953825613096e-01	5.600680684702414e-01	4.454156407146725e-01	7.325139875558373e-01	3.023348569014364e-01	6.329152515660253e-01 
49290	2.513410716212354e-01	5.225754623583857e-01	8.919834026801220e-01	1.252634195584255e-01	4.056824433042366e-01	6.970433179484861e-01 
49291	6.832747254510592e-01	4.347986185030117e-02	2.175337084738858e-01	6.713996280182307e-01	7.641529842783554e-01	5.736205771228905e-01 
49292	1.660428989895043e-01	6.435034720172090e-01	8.110419424653809e-01	3.684541357967710e-01	8.621654606542051e-01	3.415331889803951e-01 
49293	9.860355684898572e-01	3.845923340640566e-01	2.879762541217070e-01	9.594078709429260e-01	4.883138869856295e-01	6.153527540003279e-02 
49294	8.007488201880071e-01	7.087687476147598e-01	2.823455556279850e-01	4.839378681297068e-01	2.062179951713987e-01	6.719647547564427e-01 
49295	5.478976498950404e-01	6.630972027768377e-01	4.469412682740338e-01	2.716853975857642e-01	3.444148314420332e-01	9.498255102418907e-01 
49296	6.827601933805472e-01	4.545739571082565e-01	6.814730757721374e-01	5.835392646691302e-01	6.005262820730460e-01	3.580070764581991e-01 
49297	6.954601723512287e-01	1.694541693232158e-01	3.263392447519551e-01	4.803501521767959e-01	8.376568440225769e-01	6.099808579820410e-01 
49298	3.461813486410817e-01	9.189627789266102e-01	4.404161419817115e-01	7.830035154185875e-01	4.294471354187542e-01	5.699921486769043e-01 
49299	6.075710601850526e-01	2.497462752081559e-01	5.701979131516175e-01	1.313134070791758e-01	9.493067911318385e-01	1.724514269983606e-01 
49300	4.272228105000970e-01	2.085641453701773e-01	2.435687059270537e-01	7.075164276321233e-01	5.084147890357655e-01	9.213525515020006e-01 
49301	6.476692490533985e-01	8.116649152100799e-01	4.986854799099839e-01	1.942816576985252e-01	3.579193460277062e-01	7.105318275034267e-02 
49302	1.551580234537399e-01	6.168426881226217e-01	1.628949476849006e-01	8.001440453749259e-01	2.447455750136781e-01	8.877087922386354e-01 
49303	6.436325609033706e-01	2.994003218685868e-01	3.633077792216532e-01	5.881140121654257e-02	3.601232853998482e-01	9.153143167277388e-01 
49304	6.783433583022335e-01	6.170139808628141e-01	6.433225889913735e-01	1.669513915166652e-01	5.276987521329006e-01	6.679955978464814e-01 
49305	3.806909678833866e-01	8.303407571727979e-01	3.523231883285669e-01	7.811125123136567e-01	2.654632047977859e-01	3.586575808300081e-01 
49306	7.966684620109954e-01	7.572382138243872e-02	6.415522456253817e-01	4.787225213675361e-01	7.562542322315867e-01	6.576062898828264e-01 
49307	5.201849291290290e-01	4.228476171621809e-02	7.525907094231964e-01	7.025699332820265e-01	1.739034164660753e-01	9.026716449966444e-01 
49308	6.803783311334447e-01	4.222614499927574e-01	4.169330808971932e-01	8.626357370684443e-01	8.264441477373979e-01	4.106401527470249e-02 
49309	4.794167895385599e-01	7.718652177079455e-01	7.670748764712355e-01	5.904847082269251e-01	7.778306762244139e-01	8.448297457908485e-02 
49310	6.685885555754052e-01	6.418807813796743e-01	5.730055352119765e-01	2.339102285302266e-01	8.657087645416621e-01	1.670514916071649e-01 
49311	7.127608932382397e-01	1.416249838901673e-01	3.374984466116602e-01	6.641399033143518e-01	4.122545135346905e-01	4.967464738264111e-01 
49312	3.981655479733853e-01	1.232340965262814e-01	8.656896693964284e-01	1.603373376027094e-01	6.947493830793539e-01	7.390375182904004e-01 
49313	8.248806730261925e-01	9.119869985425306e-01	1.943379014167068e-02	6.060360636843578e-01	2.674247397204446e-01	2.092845594169205e-01 
49314	6.072744581352363e-01	4.640100779283684e-01	7.519945690020088e-01	6.510322409855418e-01	3.548885268793480e-01	4.793361944689424e-01 
49315	3.317046318182401e-01	6.155047486802534e-01	6.027997189274898e-01	8.032126183443332e-01	4.219537204658036e-02	4.692785637887015e-01 
49316	3.636528177021771e-01	6.064094493081530e-01	6.256257049486831e-01	7.161274819179855e-01	4.161890188155590e-01	7.531356046630910e-03 
49317	2.031981284911978e-01	5.011114630654271e-01	4.017749780654061e-01	4.423339183620184e-01	5.982998146158418e-01	8.243798279555122e-01 
49318	5.100241528360470e-01	3.308430253008856e-01	8.365485934029273e-01	1.143655605817551e-01	2.409795955833541e-01	4.004549788746449e-01 
49319	7.529992474881997e-01	8.219022337991077e-01	6.305407410679986e-01	2.710193904486509e-01	1.101932187190003e-01	5.995003803262530e-01 
49320	8.835010109922632e-01	3.892245579934119e-01	4.621972483500583e-01	2.414626731423353e-01	9.895866189485292e-01	1.827716721366425e-01 
49321	3.101918888012784e-01	2.665243015322072e-01	7.842123658254371e-01	7.148784134295113e-01	6.230944583998166e-02	8.562328260584976e-01 
49322	2.955059485565563e-01	5.541654391396278e-01	3.340909020586870e-01	6.129633596655060e-01	7.504727530812003e-01	1.954918964341424e-01 
49323	4.921115384828408e-01	6.911231320346313e-01	7.583533680575680e-01	6.589711208892808e-01	3.553847637034524e-01	5.209346388013802e-02 
49324	7.153457527446011e-02	9.474092230695202e-01	9.093093313524692e-02	9.378393159264061e-01	5.180792848435495e-01	4.223345574390033e-01 
49325	3.028307091566323e-01	9.200190760019658e-01	6.229413485688531e-01	1.431106971924469e-01	8.877675196817381e-01	3.548716033630765e-01 
49326	1.385690763857483e-01	8.497616247237698e-01	4.528887715551183e-01	6.825531405279213e-01	6.414164978208834e-01	1.120689278925943e-01 
49327	4.091136487981294e-01	1.076099728245080e-01	6.346699620653139e-01	2.195437609443107e-01	7.463262666250196e-01	9.101064906441279e-01 
49328	6.929807126276595e-01	9.065211473197715e-01	5.460152046531944e-01	4.750890842903909e-01	2.331139226748941e-01	2.348471943668018e-01 
49329	4.235317934412460e-01	3.863241057005792e-01	7.473591233296224e-01	1.304070759046104e-01	9.132677524016923e-01	2.485451227077545e-01 
49330	5.674682534577600e-01	4.837219298706417e-01	4.449182071255584e-01	3.529114157785756e-01	6.150829304743348e-01	1.844668455089050e-01 
49331	3.403343497522733e-01	4.733548233257872e-01	1.488971725847468e-01	4.734817431547372e-01	7.693930487545156e-01	6.299363797762992e-01 
49332	5.974830738440617e-01	8.069326328876548e-01	2.957205346962862e-01	2.174841988553319e-01	6.855728199010006e-01	6.591826647905197e-01 
49333	3.459646552234905e-01	7.729713018060053e-01	4.804496603621722e-01	6.178097358200466e-01	8.782161501256563e-02	6.870385943296731e-01 
49334	5.590593165191153e-01	8.813324425460478e-01	2.851730315940537e-01	6.930201144860155e-01	2.358787066974661e-01	6.431630708530602e-01 
49335	5.810706337837657e-01	8.452057411307237e-01	3.877654936426426e-01	4.303347063133650e-01	7.413386138780640e-01	2.344521279667502e-01 
49336	3.784721397359209e-01	5.845579986001711e-01	6.399759331690786e-01	3.904794408354543e-01	5.481314354502935e-01	5.411974695614298e-01 
49337	5.052670391514242e-01	8.544581201338812e-01	2.208993366161396e-01	8.180349391855842e-01	3.739793745075236e-01	2.401941447045399e-01 
49338	8.684639007997480e-01	1.987077058317660e-02	5.846081012674268e-01	3.181603097156739e-01	7.336742670314184e-01	2.343681010358745e-01 
49339	1.739925413759918e-01	8.218708208706855e-01	4.645284758756880e-01	5.128877438897854e-01	3.125951773857151e-01	6.394357964128532e-01 
49340	3.048785624249588e-01	8.183899046157530e-01	6.033183111295958e-01	7.529588789378983e-02	6.776569796669725e-01	3.366327135781694e-01 
49341	4.316135625713748e-01	3.715464452857266e-01	2.723496121746817e-01	7.322749988032784e-01	8.833655649826609e-01	1.010133158328995e-01 
49342	7.143174352462734e-01	1.641103058621092e-01	4.658138857139246e-01	7.490971675596410e-01	1.654522711925364e-01	4.871865632833332e-01 
49343	6.263003525257064e-01	7.547381712222347e-01	1.545807810647626e-01	6.348390183571576e-01	9.535020881000450e-02	8.771918798877637e-01 
49344	8.636362567629337e-01	3.003013789773173e-01	1.768479405175908e-01	5.651735237003643e-01	7.932644877439565e-01	3.311894289889031e-01 
49345	7.906484903895954e-01	2.669052213363906e-01	9.973221403846618e-01	5.471655801381603e-01	2.801998207452017e-01	6.865292195803965e-01 
49346	2.474329483783257e-01	4.757355858711477e-01	9.082568340725872e-01	1.034780111519784e-01	7.654013111150071e-01	4.420247269490053e-01 
49347	6.500878916688223e-01	5.466389759498191e-02	2.864141328345056e-01	8.176950094051467e-01	8.938606161195523e-01	4.658494945852588e-01 
49348	3.398200570947576e-01	1.639109523955795e-01	6.529854493728706e-01	6.899559446875192e-01	6.672235477067089e-01	5.438538901316944e-01 
49349	8.734210998984687e-02	8.729380109128910e-01	5.358902800534890e-01	5.409613352450576e-01	4.958122717412304e-01	3.141764800487960e-01 
49350	5.183380657725236e-01	7.757237522470324e-01	2.779148176039482e-01	6.445234985761260e-01	7.811992586330457e-02	5.082978000608216e-01 
49351	5.306681301832964e-01	8.702941838420997e-02	6.548398112738982e-01	5.922159567843839e-01	3.627171713513164e-01	5.334652650298185e-01 
49352	7.352660216865303e-02	5.914580448503913e-01	2.144512712659247e-01	4.081745026979734e-01	3.692882402501728e-01	7.275431946586985e-01 
49353	3.090230065556728e-01	8.452319494248846e-01	3.106659173301476e-01	5.053125235942904e-01	9.857159052063067e-01	4.530260245352711e-01 
49354	7.111069161585355e-01	6.694964795942431e-01	1.289012833398955e-01	3.470529283130040e-01	8.828933594591990e-01	1.895457439072820e-01 
49355	1.178415447129317e-01	8.797053764753242e-01	4.423875778105988e-01	7.667466957541502e-01	2.663861138290378e-01	7.018163603924108e-01 
49356	2.031284587009113e-01	8.635623617566472e-01	9.395280463321924e-01	1.543550089685592e-01	8.613216016552748e-01	5.751588268374211e-01 
49357	5.011091581313973e-01	8.442789018361838e-01	6.549302241975797e-01	2.049029279885886e-01	7.305051888424852e-01	1.656250146263455e-02 
49358	9.120008884417751e-01	3.332273509717557e-01	7.511141425224404e-01	4.013770084019689e-01	3.572804504234408e-01	5.224395765903156e-02 
49359	6.583624444300769e-01	5.722728350576507e-01	5.549678365327859e-01	3.811026045625504e-01	7.373628223651192e-01	1.701192089457899e-01 
49360	9.482086863823100e-01	9.925968671830099e-03	6.031897008229663e-01	6.936203518351621e-01	6.021686265550031e-01	1.577917278945357e-01 
49361	9.290792413924385e-01	1.806757270117241e-01	3.755971002354143e-01	6.953084692654681e-01	5.940806276570065e-01	1.266353373296603e-01 
49362	2.086072628140765e-01	8.558296608438261e-01	4.400801488798280e-01	3.153920877619283e-01	3.842911286806150e-01	6.892491322436539e-01 
49363	3.912912987609311e-01	3.435988284435655e-01	5.682881988044065e-01	4.893246804746689e-01	1.397653317232356e-01	6.924347094155149e-01 
49364	4.858297118745559e-01	3.659642299623532e-01	8.860626180283843e-01	3.253295408083278e-01	3.520164655074446e-01	6.520613159918170e-01 
49365	1.643533155935447e-01	9.580640447251609e-01	5.749248377212413e-03	6.514351269660918e-01	4.353298049848490e-01	9.233056165555767e-01 
49366	4.623567562754912e-01	3.037809058432756e-01	4.471915499544878e-01	4.652421589738377e-01	9.954715225401750e-01	2.396968763249363e-01 
49367	6.429769901221293e-01	5.277489407338050e-01	6.298763533720291e-01	7.730907384541295e-01	3.389862633344993e-01	1.625736603682426e-01 
49368	9.985639554893182e-01	2.464229060792794e-01	4.517885260416784e-01	5.286354591586778e-01	4.167156084144645e-01	9.306599272499749e-01 
49369	5.787153983407216e-01	6.941183943051173e-01	4.381211191524028e-01	5.667092935552317e-01	2.509362218269309e-01	1.631010273685530e-01 
49370	6.732804070239620e-01	6.747911726580756e-01	6.573547933052017e-01	3.550880003462209e-01	2.902119089694035e-01	2.528990696111663e-01 
49371	7.132546497839092e-01	2.893355631698474e-02	6.178209710025160e-01	8.225845509201087e-01	2.307131956403708e-01	9.182766665044223e-01 
49372	1.653903790241281e-01	9.346805398140003e-01	4.971895855435975e-01	1.309461408160983e-01	6.676299824609147e-01	5.521407078585451e-01 
49373	7.008438067904164e-01	6.065564241373642e-01	5.876452274775332e-01	5.055078434332239e-01	9.502997569380983e-01	1.955178041117096e-01 
49374	7.395560899711373e-01	4.760913607783865e-01	7.117298385469109e-01	1.807137936253812e-01	3.513759745620488e-01	5.258435396216973e-01 
49375	5.227876856384610e-01	1.275736678529282e-01	5.627192218233625e-01	3.777171285735577e-01	3.038213986557725e-01	7.137172338350142e-01 
49376	4.977765933686265e-01	4.904940328724960e-01	2.258457035844704e-01	7.126595052049003e-01	8.508060387026694e-01	5.388829631234042e-01 
49377	8.546249928520006e-01	5.931760447618736e-01	8.457641715238506e-02	5.091180165906718e-01	2.432114085867135e-01	5.767173735468414e-01 
49378	5.825988764138943e-01	4.173835015219389e-01	2.737020535775496e-01	8.386824963542070e-01	3.846193343622671e-01	5.051660632402143e-01 
49379	6.492996246146679e-01	9.736806081669364e-02	9.593785564285439e-01	1.328305186772736e-01	4.475998226714863e-01	8.490193804772456e-01 
49380	3.997860995352381e-01	9.159122218182403e-02	3.751356962418902e-01	9.190764856973858e-01	6.745262792035861e-01	3.688026496444421e-01 
49381	3.661079868080916e-01	9.224022054040033e-01	3.024704975222948e-01	6.685985903862475e-01	5.107691213048381e-01	6.021817074149760e-01 
49382	4.240819020779986e-01	8.061944901976399e-01	6.506352112128739e-01	4.177227814172887e-01	8.175057099015772e-01	5.694817120538676e-02 
49383	7.657060184199007e-01	1.196520964903792e-01	8.792628717104405e-01	6.634000667725036e-01	7.707831207290577e-01	1.245700545802851e-01 
49384	2.796467100289259e-01	6.539965623968972e-01	9.411460427168726e-01	1.842382864253684e-01	2.654486816895769e-01	4.816464948684549e-01 
49385	1.089470127705092e-01	6.967175082341390e-01	5.071403650037140e-01	7.220373513645419e-01	7.686090146332345e-01	2.676941126924171e-01 
49386	3.527930854056702e-01	3.387326943444574e-01	8.062473916713120e-01	2.140210521912655e-01	7.444234965762236e-01	7.623712130286846e-01 
49387	8.772556458788154e-01	2.649181225044051e-01	7.124926150744280e-01	6.517025123365507e-01	3.782761508942146e-01	1.104290038102811e-01 
49388	9.374859282281043e-01	1.215690691990386e-01	5.643310474701685e-01	1.051020782081984e-01	6.606054080995739e-01	3.197734175032808e-01 
49389	7.511085660574155e-01	4.119042708510756e-02	7.383255684192472e-01	5.920186349292791e-01	2.598007703628206e-01	5.771738890859666e-01 
49390	5.322773824522697e-01	8.780262748972678e-01	8.226925539770336e-02	2.080646156008640e-01	8.813102611871941e-01	2.187390562770358e-01 
49391	1.467548171058725e-01	4.947429360496318e-01	6.037215928578306e-01	2.345070394494245e-01	9.346798016785743e-01	4.654612968973001e-01 
49392	5.305097782843002e-01	7.900412681940354e-01	5.460232527878105e-01	1.004094059837636e-01	6.120040496471756e-01	3.150883931016331e-01 
49393	7.495235391795032e-01	8.562123845732089e-01	8.098020583296323e-02	6.220055370477682e-01	9.758490506592833e-01	9.240138823688565e-02 
49394	2.747089388185603e-01	7.022235927162601e-01	2.856314839964200e-01	4.255207161448642e-01	6.826745083762944e-01	3.648781778189369e-01 
49395	8.486526528406199e-01	8.347303329741211e-01	4.868372104719080e-01	3.853562718891341e-01	2.973264122163067e-01	5.232628976935771e-01 
49396	5.225436192134969e-01	8.965189179113668e-01	3.011535213895636e-01	3.264335323443868e-01	6.288368312959847e-01	5.609390294239717e-01 
49397	6.174851973002211e-01	6.008839185981785e-02	7.632723326685434e-01	8.422887369956849e-01	5.661990828281132e-01	4.979243886469964e-02 
49398	1.164963818150399e-01	8.234727724169697e-01	6.165307311524852e-01	6.099797805912901e-01	1.362523593771293e-01	4.885720848664643e-01 
49399	5.546384599113643e-01	5.526978879339707e-01	4.909532222343934e-01	1.375592780843489e-01	5.500993472671920e-01	7.443191884860907e-01 
49400	2.702024589592733e-01	4.579915820196365e-01	1.804004325512091e-01	8.100363081325027e-01	5.981960706905542e-01	7.439333571284099e-01 
