41201	3.970134608636566e-01	3.655985788918947e-01	7.079470605151028e-01	7.762235698330086e-01	1.029560243108786e-01	7.182429460761530e-01 
41202	6.660136078647899e-01	2.205886191760009e-02	9.598592942595543e-01	2.434560785011571e-01	4.276171270028098e-01	8.159644363468449e-01 
41203	5.016936482981594e-01	6.987972051628597e-01	1.660598350341563e-01	7.956100009415653e-01	3.879806304556402e-01	1.145086838428978e-01 
41204	5.543655584735796e-02	9.687367833445327e-01	1.307004557536905e-01	7.181318089211717e-01	7.944793198397360e-01	4.811652973072784e-01 
41205	9.739773311850496e-01	5.147547579688572e-01	2.706024319123284e-01	7.544841398574718e-01	7.572547788148900e-01	1.333608254365080e-01 
41206	5.871189564184476e-02	3.781194042129757e-01	4.602005718824261e-01	8.328676911091134e-01	4.041430222974682e-01	4.793722128408939e-01 
41207	3.620522180635610e-02	3.405007888415310e-01	4.320753439086312e-01	8.464335625523545e-01	4.223535033759631e-01	7.993339580877352e-01 
41208	2.827448984022328e-01	5.385127999498380e-01	2.958670739590685e-01	8.766883881896443e-01	1.477781501369387e-01	1.118283569626616e-01 
41209	7.556998755837782e-01	3.413117901524708e-01	1.291285023698092e-01	4.264402931321024e-01	2.408782582145957e-01	9.300198053874374e-01 
41210	2.489744395333912e-01	2.294651834236307e-01	9.055451773713314e-01	7.894595247120257e-01	2.728015192456014e-01	9.095909162488485e-01 
41211	7.704429628619112e-01	2.560804735562728e-01	7.291227899415245e-01	1.283848254806750e-01	9.431429608295927e-01	7.545193512612369e-02 
41212	6.495435961382197e-01	3.656561136077026e-01	8.412864919431666e-01	7.493405498800874e-01	4.525764620806308e-01	2.924320666572194e-01 
41213	1.570912384618358e-01	7.039524756468090e-01	1.452851748110651e-01	7.364957608043270e-01	3.879289504092429e-01	3.263915919250790e-01 
41214	8.724392057143787e-01	2.094559295932020e-01	5.719485651995367e-01	3.772874929359903e-01	9.243965241272309e-01	4.020459407076756e-01 
41215	1.029003726485885e-01	9.683260854590435e-01	3.132302762736465e-01	9.044263208444353e-02	7.772780500252571e-01	5.164403148039033e-01 
41216	5.362160139385452e-01	6.330261471454413e-01	5.793383895037910e-01	6.651423962045894e-01	1.652050268344918e-03	5.959185463308199e-01 
41217	1.028256848073656e-01	3.499559211075480e-01	5.757858168333918e-01	8.594280418690240e-01	2.953476891752361e-01	2.551728258590363e-01 
41218	3.405195536256582e-01	4.697656877552486e-02	6.257385727386773e-01	6.549070300010420e-01	6.688092453285364e-01	3.256732841961898e-01 
41219	8.798517649288199e-01	3.139912686717048e-01	3.287313955501657e-01	8.589807919875468e-01	3.337509163082933e-01	3.412998544872470e-01 
41220	7.139149061989589e-01	9.928550981722192e-01	2.227656189208220e-01	3.375915176898650e-01	6.502645126086588e-01	1.729421295193039e-01 
41221	8.812302195722422e-01	8.071934435458505e-02	3.489403863158200e-01	2.159012512637602e-01	2.192000077094942e-01	6.348835930870749e-01 
41222	5.934328661767901e-01	9.790562324332429e-01	4.427881933424482e-01	2.132710174877453e-01	4.914437675414935e-01	4.590383144892887e-01 
41223	3.244111844383631e-01	7.648733543399320e-01	2.123731839739654e-01	3.629488773790175e-01	2.911414225934356e-01	9.899852128168932e-01 
41224	9.831904211820601e-01	6.184327846541762e-01	2.352174874952812e-01	4.866469550105189e-01	7.007696582339855e-01	2.391230012508344e-01 
41225	5.266568267785918e-01	1.503793144965804e-01	9.093582928527572e-01	5.782402401113237e-01	6.650022374975553e-01	6.487243686552836e-01 
41226	8.055493067349961e-02	2.120093202592227e-01	9.548476428245769e-01	7.368785942896173e-01	1.406531115863379e-01	7.523478091427216e-01 
41227	4.672848979853762e-01	5.435971611250716e-01	4.765511549240908e-01	5.233906062909769e-01	2.133180394935458e-01	6.501906526184594e-01 
41228	8.192798085750971e-01	8.968820008614370e-01	5.539699672503622e-01	4.535984012595184e-01	5.970355189564709e-01	2.412307106732281e-02 
41229	5.580469820374967e-01	3.107118285911387e-01	4.126165916961455e-01	3.887296132675568e-01	5.847200898193023e-01	6.611156029135766e-01 
41230	3.332576206061793e-01	5.138835804274493e-01	5.952701506983491e-01	4.996036319594070e-01	9.000158369064579e-01	3.516157332797342e-01 
41231	3.640871538667358e-01	6.995993233957620e-01	4.453383327301506e-01	2.457733445421907e-01	6.396775280158047e-01	2.024304531681163e-01 
41232	3.118745472719090e-01	7.262949313723135e-01	3.111128867937453e-01	3.303112452574709e-01	9.292562936075239e-01	4.153898126432966e-01 
41233	5.006723927107142e-01	5.887826779149998e-01	2.179008718908295e-01	3.037881367606322e-01	7.159915543892030e-01	6.652158552388123e-01 
41234	3.564651857041243e-01	3.595673878271866e-01	9.494150473508319e-01	3.578106453170486e-01	3.149441719082533e-01	8.590055399796638e-01 
41235	5.547742136010084e-01	4.654282474545323e-01	8.418736073223130e-01	2.667959196948920e-01	6.567868386827799e-01	1.250812084397226e-01 
41236	4.098869151110326e-01	6.610842992041481e-01	3.738353163314068e-01	7.722105587915093e-01	6.204069767758167e-01	7.045721476459640e-01 
41237	6.660854750613545e-01	3.230702808686913e-01	9.774053536315142e-02	4.560685050017702e-01	7.477813129333228e-01	5.966632187366647e-01 
41238	7.902461804666203e-01	1.861622333261650e-01	9.782375676519688e-01	2.733454561713453e-01	3.210957432879047e-01	3.644911128076780e-01 
41239	9.992146723853093e-01	3.920611884500904e-01	4.545559037185402e-01	7.494611702505285e-01	1.949114977743518e-01	4.601782986243479e-01 
41240	7.132362254465080e-01	6.380186497380534e-01	2.868791006331918e-01	2.425816308408701e-01	8.612501476310899e-01	4.099914683908281e-01 
41241	7.971337656522695e-01	4.394116750181215e-01	3.464556282477196e-01	1.978411135370146e-01	9.263560375074102e-01	2.822955696495438e-01 
41242	5.916383597552608e-01	5.217238225916837e-01	1.435224988223218e-01	1.071413852616636e-01	5.744362824450847e-01	9.407487598500677e-01 
41243	7.412002307428183e-01	3.763476765411201e-01	5.292452916540545e-01	5.530995220589401e-01	3.564527519248915e-01	2.270103810797032e-01 
41244	8.297872355050431e-01	2.401609059459967e-01	4.110684156500929e-01	5.846974492316841e-01	2.429208147651877e-01	5.386255354787641e-01 
41245	3.708476685406811e-01	5.286820440139107e-01	4.500380437607214e-01	4.459038948668481e-02	6.145995521275385e-01	7.930044856406557e-01 
41246	5.091468308587400e-01	9.171196280183935e-01	4.298436786144360e-01	3.200287098806182e-01	1.412911607847576e-01	5.405057330878402e-01 
41247	6.636208108486386e-01	8.515865394886956e-01	3.079836418737332e-01	7.087482828278473e-01	5.612295663989386e-01	2.160016023871839e-01 
41248	7.341921304397860e-01	2.231422388964818e-01	4.581202985501590e-01	3.375476179996191e-01	5.433312622177833e-01	2.815168457669464e-01 
41249	9.065398586232878e-01	3.150383272627494e-01	4.875937470358821e-01	3.565290147435328e-01	3.204755807935187e-01	2.153055092816300e-02 
41250	8.504504534093655e-01	9.860879816389156e-02	3.304528575154975e-01	4.348239785952140e-01	8.232203737689427e-01	4.198309773861053e-01 
41251	1.890102305369338e-01	1.715263143074507e-01	4.603677737698467e-01	4.601608583983838e-01	4.441401791791146e-01	6.409960070170680e-01 
41252	3.666833173244534e-01	3.700970006777410e-01	8.434115108375319e-01	5.381482376339758e-01	2.766744329336236e-01	8.938008257368015e-01 
41253	4.605574090883960e-01	1.526200477706929e-01	8.677039069937937e-01	9.551625782829853e-02	8.847112296080596e-01	3.109211732774605e-01 
41254	9.992621889386233e-02	9.007235212103069e-01	3.465776431111602e-01	4.098036827397074e-01	1.684205458951467e-01	9.322909838027463e-01 
41255	9.118129646265614e-01	3.939195160509081e-01	4.479916528084666e-01	2.429977662632165e-01	9.346313504706533e-01	5.037317860761655e-01 
41256	3.404427569980922e-02	8.413914453971661e-01	3.599447190471790e-01	3.074236647792791e-01	6.152099993101829e-01	4.291614044188139e-01 
41257	4.315172425897318e-01	5.312642408030626e-01	5.479813771411221e-01	4.433923929068815e-01	7.410211235782883e-01	3.794951806544788e-01 
41258	9.914062409312313e-01	8.403541606186254e-02	3.001563006909152e-01	6.613041184154735e-01	8.252031868976080e-01	3.287498163058723e-01 
41259	8.370483687481316e-01	2.390104322856286e-01	6.863586440110283e-01	7.548335455013193e-01	4.291725847536958e-01	2.195062714758816e-01 
41260	7.949723006990214e-01	6.311553065855304e-01	4.369490521711252e-01	3.114676541917274e-01	6.963364536522637e-01	2.520526243556305e-01 
41261	7.350686040568313e-01	4.386074519132815e-01	8.154577235252700e-01	5.888837534624991e-01	5.143687427279879e-01	2.645980848567376e-01 
41262	1.013426951931618e-01	6.289786819854617e-01	7.958402558165715e-01	3.870551978177994e-01	4.058404025960515e-01	1.326358751066254e-01 
41263	5.139882686217327e-01	9.206136843329321e-01	1.001595472526484e-02	7.863334955105090e-01	4.005973794900624e-01	5.199836512007050e-01 
41264	8.731904601507516e-01	2.896675640078781e-01	4.989865612816523e-01	8.905870287300128e-01	1.604715158772039e-01	3.692189602633481e-01 
41265	6.163726260174778e-01	8.400223848263192e-01	4.186069701867938e-01	3.625400168711123e-01	8.855209445998863e-01	3.394943805251404e-01 
41266	7.607685930251722e-01	6.969432346730607e-01	6.829002951385515e-02	1.713486183515099e-01	6.287712625762896e-01	3.672663112080849e-01 
41267	2.848874708409533e-01	5.192908607685274e-01	9.317904744501773e-01	5.771259554348136e-01	4.019627920743564e-01	7.765844788279850e-01 
41268	9.109079167704122e-01	3.575166510697242e-01	3.398374025694182e-01	4.342093659655879e-01	3.912679473770676e-01	6.725132699372010e-01 
41269	6.868062638307441e-01	4.407886122253561e-01	4.954891346049983e-01	3.229352996447217e-01	4.159374519728886e-01	8.287854804257825e-01 
41270	2.368535580951462e-01	3.080964140782201e-01	6.624278970265757e-01	2.556067483692668e-01	6.794578621741865e-01	5.169372273980954e-01 
41271	7.568363913154756e-01	8.022778140558459e-01	2.793773184220826e-01	1.319771271641046e-02	7.854361986966690e-01	1.547952826218618e-02 
41272	3.970930597405787e-01	6.709958554599595e-01	1.989184340647918e-01	9.725930603041724e-01	9.423468036129068e-02	5.630455951401470e-01 
41273	9.463590940818509e-01	8.489899369116167e-01	1.462353497695766e-01	8.021073939476318e-01	1.044961288080537e-02	5.580495895955033e-01 
41274	4.336081213141117e-01	6.249232069924625e-01	1.042787304982185e-01	7.760156085534218e-01	4.939744423542922e-01	6.904099677517054e-01 
41275	5.637593384510231e-02	5.391445684576366e-01	5.200309817264801e-01	1.898152704839818e-01	4.796312165893559e-01	9.179582062862069e-01 
41276	5.881209207094229e-02	9.084407118778492e-01	8.387888708384904e-01	8.131631762613600e-02	6.221057371476784e-01	7.045374152867366e-01 
41277	3.997402914204541e-01	7.460048959069887e-02	9.731166195937493e-01	4.442771776811019e-01	5.438965661896182e-01	5.720032788518400e-01 
41278	5.342901627621042e-01	7.013858186734183e-01	2.315311894103458e-01	6.863172174617178e-01	7.699224211546528e-01	1.302138117308406e-01 
41279	5.867129444458632e-01	9.102833649088203e-01	5.857706052910022e-02	7.622126761257155e-01	4.467274885502203e-01	3.953500011787667e-01 
41280	8.741179178631520e-01	2.700697204809918e-01	1.889086322603036e-01	9.923207254791144e-01	2.722376097603629e-01	1.710248248730626e-01 
41281	5.028600075445860e-02	5.806624477743079e-01	8.408726312922536e-01	9.130920652980039e-01	7.941839955317598e-02	7.460819429374685e-01 
41282	6.434049080805345e-01	6.940425551862728e-01	2.717911323719994e-01	9.596281788332488e-01	5.017941017402689e-01	2.393605040110190e-01 
41283	2.920122240467284e-01	6.018700997180453e-01	4.550862608809693e-01	6.771335477950392e-01	6.910618434020124e-01	6.112561038561873e-01 
41284	8.686378414023198e-01	7.049778962462835e-01	5.403873550257868e-01	3.130490138982349e-01	1.755059138951501e-01	4.307045382947967e-01 
41285	6.324567992313023e-01	5.144493012858189e-01	5.603939409717642e-01	4.186097825816369e-01	3.753065149599040e-01	1.209273152956174e-01 
41286	7.488641448540085e-01	9.448281261327762e-02	2.919034534729547e-01	5.817635258687205e-01	6.445169260963948e-01	2.182367048194566e-01 
41287	5.977196988852792e-01	4.076019406050929e-02	9.437482432002376e-01	1.519008755684541e-01	7.752813319165150e-01	8.787436596204200e-01 
41288	2.244657243165091e-01	3.318957265213170e-01	8.786252948742621e-01	5.148764033133233e-01	4.363381649804368e-01	7.451760680264345e-01 
41289	3.035639874072904e-01	2.610067808066540e-01	8.797474071229159e-01	4.647436319948750e-02	7.664602042417537e-01	9.295485649107391e-01 
41290	4.088767303341181e-01	5.090939324152419e-01	3.259987777641333e-01	8.239527109300625e-01	4.661384731291595e-01	1.197576218253214e-01 
41291	4.643934185455755e-01	2.797199745155691e-01	3.588821774556685e-01	4.994836874792723e-01	7.594939220642773e-01	5.159207367960851e-01 
41292	6.587900020746531e-01	4.980767891526107e-01	2.348177590001124e-01	5.910998288424466e-01	2.303896996262210e-01	6.369758422593261e-01 
41293	4.324426764488114e-01	3.761622284255370e-01	1.473124109254501e-01	7.022455964095624e-01	1.097845487085062e-01	9.953860282754036e-01 
41294	3.641379654922391e-01	4.755054932199506e-01	7.488378321686076e-01	6.447784855591735e-01	5.403075427872228e-01	5.157991597064638e-01 
41295	4.322934797120771e-01	8.709147482005004e-01	4.283818279761126e-01	6.150735875704192e-01	9.126947758371741e-01	2.418208652368209e-01 
41296	1.313851209198317e-01	4.256799239557365e-01	5.565965583898429e-01	7.104217387490666e-01	2.261359266284579e-01	9.902007496288029e-01 
41297	9.726437851798917e-01	1.200595857102245e-01	1.494808810621810e-01	9.164081254206606e-01	8.029887084965320e-01	1.889323693559040e-01 
41298	2.376063546175314e-01	1.702242145112908e-01	4.090083000944109e-01	7.131416550380877e-01	3.651558170969404e-01	5.246678722893782e-01 
41299	6.946966552216635e-01	3.448852751015357e-01	6.767025197738255e-01	6.810456347055693e-01	6.874456525057120e-01	4.425141498961304e-01 
41300	9.768930901635835e-01	6.833945665973787e-01	2.011373249890764e-01	5.054842170434923e-01	4.139502316088756e-01	2.079205246702852e-01 
41301	6.748525992630074e-01	4.121658292966315e-01	5.789092757669642e-01	2.779493571943926e-01	6.924812472981140e-01	3.810903108955719e-01 
41302	8.043116004189808e-01	4.175581830810464e-01	5.956546210644846e-01	4.118722898791683e-01	5.422244842210266e-01	6.550522201199684e-01 
41303	5.665844018351323e-01	6.819882276276541e-01	1.607583094828116e-01	6.981552868958931e-01	2.943668067526653e-01	9.047602554370893e-01 
41304	4.741350308004229e-01	7.435151768996190e-01	2.343413522181584e-01	2.969596946374831e-01	8.141785918053994e-01	3.995072369936203e-01 
41305	6.740873929022646e-01	5.218069499842302e-01	2.044398346013216e-01	7.135064710965223e-01	6.170791381184774e-01	7.276298222200032e-01 
41306	1.747524405740566e-01	9.696427382926806e-01	5.726438614334023e-02	6.846759339324717e-01	2.818668893331491e-01	7.112569770556179e-01 
41307	7.808919520963792e-01	3.952512044054122e-01	8.110990051122277e-01	2.811808275283788e-01	8.161211767851995e-01	2.094239875118497e-01 
41308	2.405367061091048e-01	9.537898263389760e-02	4.184650816956892e-01	6.729311411118293e-01	2.405859124100816e-01	8.193265299764683e-01 
41309	3.845996425032917e-01	3.460004352373114e-01	7.473835010459746e-01	5.502299661745261e-01	6.158812447532336e-01	3.365736553944321e-01 
41310	6.880006298355279e-03	9.464614356703516e-01	7.035251556785868e-01	2.421365091925439e-01	8.587390069251731e-01	2.689556796408170e-01 
41311	5.004225285451369e-02	9.034977067797263e-01	8.129514267797144e-02	7.658065040582556e-01	8.742246380980589e-01	3.062328040356607e-01 
41312	3.343546313662790e-01	6.124152755664425e-02	9.976258715305880e-01	2.923868324465327e-01	6.660373590693698e-01	7.216820952077553e-01 
41313	1.379147699210850e-01	6.771658158132265e-01	1.458690077323392e-01	3.344869449486306e-01	9.594801784316556e-01	8.430806652490774e-01 
41314	5.579240881243425e-01	3.648916199164061e-01	8.595582250208262e-01	5.104505277269332e-01	4.188234234794440e-01	2.876522098202620e-01 
41315	9.014304828105314e-01	1.776051303293008e-01	3.622585736264254e-01	8.646484091945124e-01	4.916720424448116e-01	2.225883721321746e-01 
41316	2.469661999385749e-01	9.196317504650148e-02	8.719277647399264e-01	6.149686821559199e-01	4.235112415851157e-01	6.254782673163157e-01 
41317	6.021148936412254e-01	6.455689584602496e-01	7.972351465268946e-01	3.971069413176036e-01	3.195613953216156e-01	4.489658295407483e-01 
41318	3.481993247946634e-01	5.620043887672734e-01	2.794337371737862e-01	2.167330990755338e-01	6.530516007553022e-01	6.323711202811051e-01 
41319	5.024022469103796e-01	2.200890901253512e-01	9.228815028785606e-01	3.138442667308975e-01	3.951012808886513e-01	5.778396478935650e-01 
41320	7.711336756574778e-01	7.956527442197771e-01	1.183920956315500e-01	6.089558491465871e-01	2.986671127434277e-01	7.400911452056311e-01 
41321	6.407112946061657e-01	9.936977977779132e-02	8.372508406273333e-01	4.549238466858179e-01	3.976783863306930e-01	7.895483573027742e-01 
41322	4.698904222874504e-01	6.175337921720794e-01	6.579778666506376e-01	7.656344858248949e-01	5.942329210293938e-01	3.370318566540720e-02 
41323	7.564090286786519e-01	3.418500236515372e-01	4.203701663284101e-01	4.188095492382711e-01	2.280801069973987e-01	5.632747125150604e-01 
41324	2.343227485172651e-01	1.908671890039406e-01	7.319421832029822e-01	6.343632493278560e-01	9.241757468462962e-01	5.093117384658666e-01 
41325	4.832083126683679e-01	2.760290110004868e-01	7.011210027204420e-01	5.092565545071187e-01	7.805557615934228e-01	1.669707309736682e-01 
41326	1.523996027409760e-01	7.015970722970414e-01	7.634058899893948e-01	2.480697457755070e-01	6.405500710010533e-01	3.320538880732059e-01 
41327	3.610139783632337e-01	5.517344614464248e-02	7.034340492266619e-01	4.587005219810831e-01	5.716342738834599e-01	9.890066351554616e-01 
41328	2.063152763696693e-01	2.484736531161461e-01	5.685313251409163e-01	1.734576361519648e-01	5.489046599853588e-01	6.567452832999122e-01 
41329	3.257210157835398e-01	6.415366260875643e-01	2.311524430700032e-01	5.731071573662292e-01	6.145394927968812e-01	8.245915733855553e-01 
41330	4.668865343278205e-01	6.361655183589708e-01	4.491404874890503e-02	7.478685392044359e-01	3.258005235965402e-01	9.727909314326836e-01 
41331	3.875955286054996e-01	8.358262258483341e-01	4.502849513697810e-01	3.097160073038842e-01	4.104148872228298e-01	3.084523867500946e-01 
41332	5.295091295979493e-01	6.501153138770207e-01	3.059550551111574e-01	4.960005263657135e-01	9.986684709792740e-01	2.781658771074147e-01 
41333	4.577277111593321e-01	4.662460660165477e-01	6.333005240237501e-01	1.735349920595283e-01	9.027443202848418e-01	1.391134581321928e-01 
41334	5.379557477087099e-01	1.499960172335499e-01	7.174055059808654e-01	1.551151045074438e-01	7.248676960283280e-01	9.535565959111620e-01 
41335	6.029657463812443e-01	4.516620882454048e-02	5.670016517758325e-01	5.295714464815975e-01	1.746203059781092e-01	8.738946799194687e-01 
41336	5.996676721604938e-01	4.271403075071571e-01	6.300525442178239e-01	8.581677046494527e-01	1.292218428209185e-02	5.843716139825640e-01 
41337	8.163363205088263e-01	2.226358531659823e-01	9.863867780077167e-01	5.331728206701887e-01	3.643343948013311e-02	3.063471637952220e-01 
41338	1.329257476239529e-01	9.222476652000192e-01	3.473315619206406e-01	1.092124827461479e-01	2.590486322335354e-01	9.963205084909030e-01 
41339	2.250365062525438e-01	5.145478368084002e-01	5.515812825666848e-01	3.305535982993907e-02	9.060192604306804e-01	1.161795374657528e-01 
41340	9.272757240013954e-01	5.020345777354777e-01	6.795807506448328e-01	6.174295497886673e-01	3.714703855857708e-01	2.396537294654911e-01 
41341	3.844397618089334e-01	6.579812997763528e-01	9.308828669381123e-01	5.046949955127320e-01	4.586204477366093e-01	4.098643523475588e-01 
41342	9.063683305619958e-01	1.377022288513287e-01	9.596789078870165e-01	4.643626039715770e-01	7.285150039975818e-03	4.404237245181072e-01 
41343	5.208040244403057e-01	4.285197003637498e-01	9.987004817483968e-01	4.971388013081857e-01	5.839218539710880e-01	2.533633960850896e-01 
41344	3.970964691426139e-01	9.990901459709485e-01	1.885214394700324e-01	4.464906315219485e-01	9.445399591245810e-01	7.583862272939279e-02 
41345	6.314072662833663e-01	4.350325340349264e-01	1.695463556141226e-01	4.308851877051958e-01	1.539514194988637e-01	3.710348491790242e-01 
41346	2.960500861562124e-01	7.265450058555764e-01	7.643922020923722e-01	8.155411348268232e-01	1.013573783596446e-01	5.273173598178185e-01 
41347	3.266173915115038e-01	6.066678557071532e-01	6.890737582836094e-01	4.130398408471094e-01	2.579605497143646e-01	3.833051374613430e-01 
41348	6.167196852442776e-01	5.416866411774072e-01	9.099038903620490e-01	3.830461237447112e-01	9.160855783428098e-01	9.003844838203773e-02 
41349	4.045285216356536e-01	3.451726057162404e-01	4.271166035153359e-01	2.391477591717007e-01	9.632986998236143e-01	8.908590725708483e-01 
41350	7.508240831734966e-01	3.069075012387265e-01	1.136058212995008e-01	5.766851364260246e-01	7.180268819085438e-01	7.334743875080221e-01 
41351	2.500949619355544e-01	3.061331739243767e-01	6.429537226272358e-02	7.124495541534746e-01	4.647410109220648e-01	5.652542850656305e-01 
41352	4.079047810399832e-01	1.034337349166237e-01	6.991466431454868e-01	3.799239991426246e-01	5.210080178058246e-01	8.870153284275690e-01 
41353	2.002030391236825e-01	8.608822760929240e-01	3.181273023748505e-01	6.520602583572066e-01	2.659909571637631e-02	6.835614908082601e-01 
41354	1.691768445749736e-01	4.593369563570091e-01	9.534012052534855e-01	2.351734138237502e-01	9.822966933315377e-01	3.489457661260065e-01 
41355	7.573575008526563e-01	3.333984419923600e-01	1.633268729821651e-01	5.510351596171408e-01	4.352144444220929e-01	8.408793206716964e-01 
41356	2.749965073087852e-01	5.859072530416995e-01	7.718962138582735e-01	1.323693689188582e-02	6.717805354586014e-01	6.407534527468851e-01 
41357	8.278724151540809e-01	3.470994990245628e-01	4.102194409782106e-01	2.730433097883087e-01	1.797816514908775e-01	8.932106059638950e-01 
41358	5.323713324825059e-01	6.507824076064290e-01	2.115004189110927e-01	3.571475179068889e-01	9.604107026530861e-02	7.218586395922815e-01 
41359	5.170906944268340e-01	9.828933232930209e-02	3.534277794232892e-01	3.175009293753429e-01	8.075693223357565e-01	9.570859433501336e-01 
41360	4.417893308808263e-01	5.017019606406833e-01	7.137042744405401e-01	4.543300227127907e-01	4.945811954812904e-01	3.684492842561564e-01 
41361	9.495757063884936e-01	3.818706104274939e-01	5.063945641702108e-01	3.696540207239554e-01	9.461689877201609e-01	2.172248558407031e-02 
41362	1.573971581006022e-01	7.672878229435842e-01	4.239638447262415e-01	1.383472591733354e-01	3.748766657336141e-01	9.459514617088138e-01 
41363	7.587835330292855e-01	6.183085470838225e-01	9.954945024967493e-01	6.519539126596718e-02	6.878005182775520e-01	3.300269756378351e-01 
41364	1.434918266349683e-01	4.677181495484511e-01	8.911864935632753e-01	1.209179798437425e-01	9.061496882152815e-01	2.679454823523805e-01 
41365	2.131425611135382e-01	6.909539356287072e-01	4.548510845333107e-01	9.025743157665201e-01	5.962847452215954e-01	3.702451555621958e-01 
41366	3.838594782243787e-01	6.438581846739833e-01	5.799019330738421e-01	2.659243377220823e-01	3.208199858884632e-01	8.760387642566403e-01 
41367	5.680089104153343e-01	7.040623930138425e-01	9.371104811648784e-01	7.193420761777045e-01	2.738677245179486e-01	2.962644471767051e-02 
41368	7.221413738969702e-01	4.947444273343907e-01	7.325504675048599e-01	4.429194912042235e-01	4.539655839274871e-01	4.849269651675039e-01 
41369	2.617471775942157e-01	8.323786691238906e-01	7.399851180738033e-01	2.372165737811790e-01	3.655032784394515e-01	2.065206173185454e-01 
41370	3.198899049649930e-01	3.975645128768540e-01	2.944692482799613e-01	9.720381990549685e-01	7.034390485068672e-01	3.040286488763728e-01 
41371	2.510112908553457e-01	3.379421425817888e-01	8.727339691050620e-01	8.851089313432497e-01	4.875323608779417e-01	5.087240575959412e-01 
41372	7.905271127033101e-01	3.269761263619848e-01	6.181657536702104e-01	2.702208373642083e-01	5.271040589863225e-01	6.006225706485233e-01 
41373	6.345566520231751e-01	1.717698243492967e-01	9.992442475005844e-01	2.494766260766617e-01	2.716031987534666e-01	7.859109597803303e-01 
41374	4.426955179287571e-01	1.174650454754138e-01	2.613037294307670e-01	2.196371651190988e-01	3.708089835645115e-01	8.358025135920244e-01 
41375	8.964956268674005e-01	1.578690521218684e-02	7.760969746607380e-01	2.650402848432818e-01	7.483691383590635e-01	4.075051971990578e-01 
41376	4.168585860707075e-01	8.957492083937476e-01	3.712976221325466e-01	2.282698239717221e-01	4.490675945038947e-01	3.978126465731517e-01 
41377	3.439901669138105e-01	2.551590499033972e-01	5.652047208991050e-01	7.406905423606018e-01	5.133548564849664e-01	6.883844925351893e-01 
41378	1.366649986283633e-01	5.945042392583068e-01	3.736402028063138e-01	6.187266329642913e-01	4.658614612759191e-01	2.644336495843195e-01 
41379	7.672484988294501e-01	1.312541032667700e-01	4.300892183468849e-01	3.325256111457886e-01	6.068055291936054e-01	5.593087943843893e-01 
41380	4.294992528166487e-01	6.705132630525706e-01	8.378906032474204e-02	4.666092040895380e-01	4.700014538099992e-01	3.120211878314135e-01 
41381	1.274005431384178e-01	4.230976777290812e-02	5.293024662263527e-01	6.806811992701358e-01	5.563134581270537e-01	5.174930514224990e-01 
41382	2.684965591016311e-01	4.195745721007508e-01	9.463890603895811e-01	1.879370787216004e-01	6.672970470768100e-01	3.006209162650475e-01 
41383	7.321872460185493e-01	4.268618051256062e-01	5.250433780087753e-01	2.565122533168231e-01	7.152084259067044e-01	1.369260141673696e-01 
41384	6.056598165298577e-01	4.838094621684112e-01	4.524738804003444e-01	5.312031475109906e-01	7.378756260728296e-01	5.924750546918319e-01 
41385	7.515617348648779e-02	6.996495681163074e-01	9.477320261324117e-01	5.794144233758638e-01	6.722158811623500e-01	5.081903305237672e-01 
41386	8.997445897478040e-01	4.237681210136355e-01	7.403253799930755e-01	5.684336757230322e-01	2.101370256965336e-01	8.692090531514713e-01 
41387	7.730453043666485e-01	7.575625085379615e-01	2.349762443390416e-01	5.062148066846279e-01	2.684946273321301e-01	1.911606599478488e-01 
41388	1.999457282698445e-01	1.929090206327641e-01	5.964808389437199e-01	7.674653418312181e-01	2.979043858733590e-01	6.262298847207265e-01 
41389	2.854395755129693e-01	4.356570213893081e-01	7.876997401784294e-01	8.574043802270345e-01	1.217849504169146e-01	6.721859708256612e-01 
41390	5.300687649680087e-01	7.354714321106363e-01	5.664437768089824e-01	2.247115504894432e-01	2.379548467550274e-01	9.242213494542797e-01 
41391	7.736794614404426e-01	7.435987848687875e-01	6.553147485422794e-02	6.145748036944263e-01	3.711458310048961e-01	2.559560541843738e-01 
41392	6.105226069282818e-01	4.860856006216130e-01	5.341303680727799e-01	2.760635246304194e-01	8.531691240008813e-01	3.505891425649674e-01 
41393	8.562409810982885e-03	6.374666890853070e-01	8.320268304706724e-01	5.117263443621107e-01	4.785333937274798e-01	8.132944838453352e-01 
41394	4.716042197774956e-01	8.975201197848844e-01	3.176941176216314e-02	5.892477937882979e-01	7.447713436213752e-01	3.369588253836613e-01 
41395	5.192830290757910e-01	1.881876461578866e-01	4.274678276581829e-01	6.817876244144458e-01	8.126236823558204e-01	8.366717106405138e-01 
41396	6.326639171884252e-01	5.139535747209532e-01	4.325910267273068e-01	2.498975799966683e-01	8.366962791977750e-01	5.505937200619515e-01 
41397	5.518892335287333e-01	8.948857128865891e-01	5.193351446093658e-01	2.236657085034228e-01	2.179343670441040e-01	6.587760128217279e-01 
41398	8.443844614282059e-02	9.523115457467360e-01	1.654861066596248e-01	7.709397975728047e-01	3.939300516842512e-01	4.793209407241039e-01 
41399	4.737900495902038e-01	1.801165646089494e-01	2.283628590601343e-01	5.617217040541986e-01	3.390467963128768e-01	7.678387097200413e-01 
41400	3.582886255414082e-01	3.514416254398593e-01	1.549353291743833e-01	8.558703517282564e-01	9.117077251096540e-01	2.590991556392742e-01 
