91201	2.494845319047435e-01	4.766115284373409e-01	1.710772767814911e-01	4.300006672038830e-01	8.361285358835274e-01	3.548980391296772e-01 
91202	4.642563169811653e-02	6.928169477609960e-01	5.823964504221523e-01	5.332155865437017e-01	6.535207940573659e-01	2.974107098997054e-01 
91203	6.610081034341698e-01	9.532806672956815e-01	3.493040700930768e-01	3.598885896024420e-01	4.430234383325548e-01	2.856793785617479e-01 
91204	4.369370498769769e-01	2.301545211070957e-01	8.145842746288540e-01	3.894994768528653e-02	5.295530799975513e-01	9.774980253539791e-01 
91205	6.540273311920274e-01	8.371222427457097e-01	2.169416325661921e-03	8.932396713324107e-01	4.266129834212399e-01	4.919242220296166e-01 
91206	3.494441697205823e-01	3.568225162329736e-01	3.761767186023668e-01	5.443569552801497e-01	8.362277531772551e-01	2.138718082180633e-01 
91207	1.814533411086806e-01	1.537548302366044e-01	6.312189447537628e-01	8.437301082591780e-02	5.415076010155100e-01	9.474192572308345e-01 
91208	2.091721559254194e-01	8.064301222730821e-01	6.892014397904411e-01	5.145993155233937e-01	1.190812251102341e-02	8.738220022967977e-01 
91209	9.234495184085771e-01	5.978563924558593e-01	3.764911028669233e-01	8.807503324807130e-01	3.333426384257943e-01	2.368330127624473e-01 
91210	5.999851007289547e-01	4.530753494031740e-01	6.136272858986317e-01	2.010922913816252e-01	2.494324674960235e-01	8.221683126326128e-01 
91211	4.957393105845544e-01	2.637602931769477e-01	4.295055561127367e-01	8.392928449778783e-01	6.380828158314635e-01	2.960757429030013e-01 
91212	1.525609691859026e-01	4.546826494376780e-01	4.469848502549333e-01	8.410072713717365e-01	7.073780391312303e-01	2.322639661392515e-01 
91213	9.854732523409460e-01	1.310754355102466e-01	1.484056226617982e-01	2.854253237788773e-01	5.321212684329010e-01	6.476235193821807e-01 
91214	6.942476956410285e-01	6.607011276710267e-02	2.707238488399069e-01	3.601111672606082e-01	6.464343256166922e-01	6.617613772071257e-01 
91215	3.234356465415107e-01	6.742441516908121e-01	1.984246809450187e-01	6.519764426441838e-01	6.765890127214053e-01	7.082500179320327e-01 
91216	1.672252581808835e-01	4.811369187509325e-01	3.643669755638217e-01	9.077492517001700e-01	2.992729114547011e-01	6.226517509699093e-01 
91217	8.350961253713616e-01	5.475900543400833e-01	7.253794357248117e-01	4.894320996754438e-01	3.557469673802643e-02	8.496759605060977e-01 
91218	2.931707571997104e-01	6.729069515064474e-01	2.926126274308468e-01	4.302138735289819e-01	5.007776995399905e-01	6.937619175492727e-01 
91219	8.497083454458627e-01	5.538684651275531e-01	3.739903639968268e-01	5.560639072327377e-01	5.001799774226610e-01	1.609732869715247e-01 
91220	1.683088417036845e-01	9.031616647118782e-01	1.264995361273715e-01	6.430075220311031e-01	4.467438237396273e-02	8.698836971844273e-01 
91221	6.288509761041396e-01	5.184373810096704e-01	6.508977857225164e-01	5.286494463456018e-01	1.874413454995660e-01	6.533742582637714e-01 
91222	1.667890281252770e-01	7.330534052083786e-01	8.816751610352598e-01	9.856249644694348e-02	9.863330269135560e-01	8.950914497370310e-01 
91223	6.160487590789971e-01	5.571955598493405e-01	7.128618122246729e-01	2.712086064656719e-01	9.766041352553884e-02	7.703699197372422e-01 
91224	5.524896031354514e-01	7.896305172515883e-03	6.922554435630759e-01	5.322139558893881e-01	2.341713682963271e-01	6.207132212268454e-01 
91225	4.254821887865677e-01	4.003423209380891e-01	9.847529885558772e-01	7.236322223025853e-01	3.947790976113186e-01	4.337765968476259e-01 
91226	6.095385429328087e-01	8.048319665507706e-01	1.935740841016019e-01	9.228669134757745e-01	2.808283750240086e-01	3.012934824315949e-01 
91227	3.371289229414426e-01	3.126540682042001e-01	6.868496586882227e-01	2.348648816963969e-01	4.214478786923888e-01	7.061898447057888e-01 
91228	1.464251095134021e-01	6.694278227974766e-01	3.058749130848842e-01	2.304730445476936e-01	9.126547301664334e-01	3.663401485487388e-01 
91229	5.331067803107672e-01	3.173861952211007e-01	8.069480189879114e-02	1.867899618335099e-01	9.731148030019739e-01	5.126723072642805e-01 
91230	5.751512846105835e-01	2.899621010155569e-01	4.450828516001567e-01	7.562277686613156e-01	2.105911631358134e-01	9.169001099505232e-01 
91231	6.751126979991598e-01	6.959714735101438e-01	4.533061588213615e-01	3.568052182924017e-01	7.400507069282249e-01	3.120670072527995e-01 
91232	2.784249777688501e-01	1.892393333971378e-01	3.637990414361618e-01	6.324245610126732e-01	1.757193147755040e-01	8.671037978007845e-01 
91233	5.537496195365487e-01	4.834829288621389e-01	5.230688924051636e-01	6.407935179301462e-01	3.669067115860917e-01	2.736695428810053e-01 
91234	6.256852821609062e-01	1.344139986708058e-01	7.604370459003462e-01	5.413682086726475e-01	9.883830306816513e-01	2.043737680122678e-01 
91235	5.170134708886387e-03	7.439793616936947e-01	3.313968127270471e-01	7.512792286425617e-01	8.780047574370731e-02	9.046156349468161e-01 
91236	1.353931280568002e-01	1.973106977424229e-01	8.652747489628423e-01	1.238232739596529e-02	7.590228381381138e-01	9.280248969906753e-01 
91237	4.630295106367173e-01	4.497651825387826e-01	4.785214724375741e-01	8.596677841019320e-01	5.972491674023372e-01	6.084391882201230e-01 
91238	5.370680556251831e-01	6.928115917498084e-02	6.797705478894387e-01	2.420816998458328e-01	9.051171307142255e-01	7.254257894962719e-01 
91239	5.825814743130946e-01	9.127043019368427e-01	3.468065097602505e-01	2.035249742272741e-01	5.938962599829707e-01	4.356885792114329e-01 
91240	7.413852873845042e-01	5.309567876838255e-01	2.572494908822495e-01	7.284050603763207e-01	4.399117191505858e-02	2.809061094712305e-01 
91241	7.218582894097865e-01	6.919424402153904e-01	2.465579332144775e-01	7.109392127849088e-01	4.036431292814167e-01	1.821787783442256e-01 
91242	7.306245503769803e-01	4.616780509971335e-02	5.928146542640955e-01	7.380536878099451e-01	2.603956898484422e-01	4.918931624285245e-01 
91243	1.821981752088585e-01	7.515573144440209e-01	2.717125685479332e-01	3.089835265837482e-01	7.909800459595058e-01	4.097545082263321e-01 
91244	6.422075122095825e-01	9.452877100434023e-01	2.462204439702866e-01	2.119330852790148e-01	9.527942460163508e-01	2.573665445085767e-01 
91245	3.218346821399166e-01	6.785232742351758e-01	7.934363335398700e-01	2.492174647868950e-01	1.940321243161681e-01	6.224037006309941e-01 
91246	9.363146683759067e-01	2.685595446718642e-01	9.130517543923404e-01	6.930330034957837e-01	1.807461522549779e-01	6.099190733681426e-01 
91247	4.112326881317306e-01	5.938642287633293e-01	1.214172315395087e-01	8.578460594283877e-01	2.597262184360372e-02	8.191712350803878e-01 
91248	5.493548231946823e-01	6.830129381417448e-01	5.134255632051353e-01	8.518270380562271e-01	1.766988343341602e-01	3.757586936262543e-01 
91249	8.261710263915238e-01	2.851553048980660e-03	8.221515945995754e-01	4.599016260140507e-01	5.455479890513032e-01	4.561498747697063e-02 
91250	4.096090048845201e-01	9.411819581388746e-01	4.823600610344272e-02	8.878287302949103e-01	6.598872038179953e-01	3.669839991472346e-01 
91251	5.659648654168403e-01	7.101181542873986e-01	2.245248489965739e-01	7.742767793852949e-01	2.922200995922379e-01	6.736714321413835e-01 
91252	4.944190560277091e-01	6.973012952381538e-01	7.661793981553791e-01	8.002212752765172e-01	7.374706580492674e-02	4.446403154307070e-01 
91253	5.456973611698093e-01	6.625779883656878e-01	4.494804601655428e-02	4.527158771672754e-01	2.493015781866325e-01	8.775556219558430e-01 
91254	8.718515508266907e-01	8.445949611931639e-01	2.373116279707790e-01	8.374039001466107e-01	2.783389648019283e-01	4.205130524298047e-01 
91255	8.057062811393491e-01	5.299633232749128e-01	4.882440502532308e-01	6.560219175873744e-01	4.742269605193691e-01	3.869433250553900e-02 
91256	5.653800277881980e-01	6.943392666832677e-01	3.526686013357050e-02	6.220755080660180e-01	4.358841398834810e-01	7.217056203906200e-01 
91257	3.286906295215374e-01	8.441694967337531e-01	3.686084280975707e-01	7.617904952765280e-01	3.612406821856915e-01	5.398016302059550e-01 
91258	8.547294996263867e-01	9.927470625097956e-02	4.545560407851081e-01	8.460872345979126e-01	3.863239766250712e-01	4.124502107313275e-01 
91259	5.792931724050067e-01	5.243415896121574e-01	7.550981989811997e-01	2.752588083783110e-01	6.316157527033072e-01	3.934989700590010e-01 
91260	7.039951214580213e-01	3.356303076615574e-02	9.445914918015083e-01	1.581654545067405e-01	8.432759360824587e-01	1.797533958956966e-01 
91261	5.529040054009763e-01	8.331900596717049e-01	4.109125408547297e-01	1.698119511527656e-01	7.544755212300189e-01	3.280450813374310e-01 
91262	9.425375270599405e-01	4.711312936905991e-01	1.171994864980618e-01	5.403503274489762e-01	1.680139306157724e-02	6.630147709239942e-01 
91263	6.576946624238867e-01	5.605635287739394e-01	3.271240544743439e-01	8.240854944799030e-01	6.971305328409569e-01	4.653020732829150e-02 
91264	6.300806360702240e-01	5.953304155003377e-01	1.809258456420791e-01	2.592348969030043e-01	5.502918956012917e-01	9.255114050010722e-01 
91265	7.309602140065190e-01	7.392145503184575e-01	6.773980702368149e-01	3.726199199088261e-01	2.165806450800539e-02	6.844540513420038e-01 
91266	3.205637197296185e-01	3.301836376876327e-01	5.184904047041113e-01	1.138205059133680e-01	5.754594806055140e-01	7.673364579226618e-01 
91267	2.188482356170975e-01	9.085192030445777e-01	1.642945218445461e-01	6.667764967238831e-01	2.214184073526098e-01	9.296225887665297e-01 
91268	8.520188236197684e-02	8.416889388932243e-01	6.059362813475903e-01	3.690563599646462e-01	6.595591249482047e-01	2.127678557501920e-01 
91269	1.707166033138392e-01	1.330593307102057e-03	7.383229297338334e-01	4.813415765166210e-01	8.832673223700339e-01	6.912336998932361e-01 
91270	8.287103149101334e-01	4.848989182452362e-01	2.190662185835598e-01	3.416272778282117e-01	3.114957514148752e-01	4.942372033595654e-01 
91271	5.871713596858175e-01	3.448761942451391e-01	5.189510369452278e-01	8.330073889214907e-01	3.973366519120427e-01	4.937780366247594e-01 
91272	2.189779141142616e-01	5.920446925277775e-01	7.119997015005832e-01	6.103378688414066e-01	4.245994045468199e-02	7.644200491491561e-01 
91273	3.269645352733695e-01	2.339606417955683e-01	8.893791127865919e-02	7.510473234889299e-01	4.888069325673234e-01	6.540972002989435e-01 
91274	8.617317075305317e-01	4.698472676026474e-01	7.772256139698007e-01	2.007085911677241e-01	5.583973147358927e-01	4.110481318909953e-03 
91275	5.457560456056597e-01	1.849308283205439e-01	7.386396705368306e-02	5.127659706439933e-01	8.827015414039472e-01	5.231104335030438e-01 
91276	5.401646600867640e-01	1.995873073868459e-01	8.886475350769428e-01	3.485754178488414e-01	1.469692394483404e-01	6.869875255612768e-01 
91277	7.009605717226770e-01	4.482445549773294e-01	8.358163263812785e-01	6.138111239933924e-02	3.841952473618943e-01	4.359906115209290e-01 
91278	9.071516709929886e-02	4.858968659013546e-01	3.287774356064267e-01	8.001717999530517e-01	3.051492007207768e-01	5.879578692631380e-01 
91279	6.280077936179553e-01	5.805512233579888e-01	5.282954245127399e-01	5.530270440735414e-01	3.635781721998310e-02	6.147774778685082e-01 
91280	9.664800908499607e-01	3.420522131332357e-01	5.796600598418993e-01	6.377037378418714e-01	3.575511472671110e-01	3.173678893336552e-01 
91281	4.621815910085238e-01	5.512790535400098e-01	6.294379709386528e-01	5.802760436405262e-01	8.512506554240107e-01	4.998562543546775e-01 
91282	9.325897121934514e-01	6.393240635179082e-02	1.771967966004097e-01	6.896165392675826e-01	3.818645066461859e-01	4.137488561885464e-01 
91283	5.274034686585891e-01	5.962001416468644e-01	3.379388630537254e-01	3.576555972297339e-01	9.304003374674567e-01	3.932212401530395e-01 
91284	1.361352168076007e-01	7.877620615471934e-01	4.444731109900532e-01	6.451172158846152e-01	5.564041935989120e-01	3.652532574822684e-01 
91285	4.643574477104998e-01	5.975419401932298e-01	4.062780349663875e-02	5.903858904197326e-01	9.223360786722979e-01	2.928938037040592e-01 
91286	8.771000388428655e-01	1.673774739560966e-01	3.408267377868907e-01	5.190320656842778e-01	4.570211399015866e-01	5.279058337573074e-01 
91287	3.078988091744295e-01	4.461676187980880e-01	1.759911879134417e-01	3.151868467632539e-01	3.865508981998023e-01	7.849215608375133e-01 
91288	3.031980742324963e-01	7.968503599934437e-01	5.129354893477560e-01	7.445360427339933e-01	1.714937551258894e-02	5.469808088176322e-01 
91289	3.879286548064810e-01	4.832679159766061e-01	5.964494198304557e-01	2.510945680329241e-02	6.509018656778446e-01	7.635584493962928e-01 
91290	7.139429192859419e-01	3.456909925198903e-01	5.791460525306907e-01	8.093439737082229e-01	2.819272959597846e-01	3.111425641990473e-01 
91291	2.130205020328299e-01	4.901977117558673e-01	9.960257721241740e-01	6.384374557768059e-01	2.944736192802331e-01	7.087882741622710e-01 
91292	3.816392550899626e-01	4.061264630758488e-01	7.009531699897660e-01	4.980780353809282e-01	4.199392249527722e-02	9.265091249905345e-01 
91293	9.909578820229178e-01	6.766480220848791e-01	6.493097120389197e-01	6.306998835591066e-01	5.535998155353600e-01	4.313046342541504e-02 
91294	1.288726089142451e-01	3.848354051336000e-01	6.730449444729747e-01	6.694259832295802e-01	5.710091381010367e-01	4.981680689723593e-01 
91295	6.138944809465590e-01	5.958640974815844e-01	7.488948290646719e-02	5.434335812045217e-01	6.974882490545236e-01	3.947938097835775e-01 
91296	8.377398758672905e-01	6.845804001042383e-01	2.662813999326170e-01	2.175977725505314e-01	5.302508632289321e-02	6.924274974765317e-01 
91297	7.821260300651125e-01	3.224734318911318e-01	2.466796068971371e-01	4.077598679227629e-01	3.570709224070956e-01	7.889786663872647e-01 
91298	5.559148196096578e-01	9.222061092083190e-01	3.827430040337406e-01	5.117856819598249e-01	1.172330154066670e-01	4.829843650292754e-01 
91299	2.435955043747884e-01	6.434216171780444e-01	2.964814543514310e-02	8.186228716265967e-01	4.056377745155121e-01	6.427983066567213e-01 
91300	8.667784132682463e-01	6.684467114537450e-01	7.626078687407402e-01	3.504950383460109e-02	6.867987119531168e-01	8.632950941929729e-02 
91301	2.919334598064351e-01	2.730778047584029e-01	6.608724077755174e-01	9.398349763758159e-01	3.133134552974334e-01	6.680588648472165e-01 
91302	9.120666584988687e-01	2.387730977131637e-01	1.749321692247222e-01	6.346820072993525e-01	4.798837575970249e-01	2.362262752550072e-01 
91303	3.419442376727294e-01	7.095148600421876e-01	7.242352104651948e-01	9.876742753588036e-02	9.394727909155596e-01	3.279813476409940e-01 
91304	4.429348516488290e-01	2.411738592701156e-01	4.477043208818913e-01	7.788164198217169e-01	5.238092734677694e-01	5.866299834249701e-01 
91305	7.983554787194356e-01	2.861084900278996e-01	4.605943456846616e-01	6.072078828143072e-01	5.737086971904679e-01	7.370016521548310e-01 
91306	3.091695672873930e-01	5.590908589885192e-01	1.656614449310037e-01	9.326297487886075e-01	6.781053089686140e-01	4.683874432661856e-01 
91307	6.131771352926911e-01	3.030357200521319e-01	4.298114137517868e-01	8.982715706944441e-01	2.796146558204612e-01	3.048174814262535e-01 
91308	7.967518126406081e-02	7.156241811067396e-01	7.529929057988645e-01	2.204377407668262e-02	4.044913637467564e-01	9.795245426762406e-01 
91309	7.888534326413986e-01	3.155647326351190e-01	2.873948534800796e-01	1.258917202661052e-01	9.491969990452438e-01	1.216852205642002e-01 
91310	8.398834351042083e-01	6.242725494785337e-01	3.142613939311378e-01	6.516235523917645e-01	3.171393899358415e-01	5.218785290627623e-01 
91311	1.350841976979193e-01	6.012396352503748e-01	3.728445130078473e-01	4.618955691673834e-01	3.392791538388648e-01	9.208044395382885e-01 
91312	7.592955884668592e-01	8.284021551652444e-01	1.270416584242396e-01	4.613217665126880e-01	5.193940151088836e-01	4.581153516370857e-01 
91313	7.829731879955005e-01	1.736813129795131e-01	8.799724885973460e-01	5.251409344022349e-01	6.292443330063313e-02	2.162624078159360e-01 
91314	5.881794174947274e-01	7.842614366491296e-01	1.665628882734027e-01	6.038378424793869e-01	8.180439574352689e-01	5.685170034514757e-01 
91315	4.161579809138966e-01	3.746371966033819e-01	3.318668227940013e-01	3.582418580557397e-01	5.543139795870061e-01	9.862464661231644e-01 
91316	8.162880979092330e-01	7.438793679381552e-01	5.595979927247607e-01	4.935494673128896e-01	2.205362164958006e-01	1.123205524949356e-01 
91317	4.295789514838455e-02	8.456295737597409e-01	3.685644431227624e-01	4.181124202887901e-01	5.354509750512608e-01	6.589891413027976e-01 
91318	8.061794146865049e-01	2.562166734135595e-01	7.722957655741005e-01	6.164843325685297e-01	5.864774386476929e-01	4.384379637129880e-01 
91319	4.248882239389436e-01	9.140808938566536e-01	1.850171468837832e-01	8.679092695286038e-01	3.845347587279166e-01	6.409893429492237e-01 
91320	5.646377368173173e-01	5.579756180231993e-02	3.429118244873786e-01	5.858939554156849e-01	6.766648801308637e-01	7.097497071332122e-01 
91321	6.357742049679507e-01	5.652314193763965e-01	3.294794812894913e-01	1.301750460076350e-01	7.909826196787556e-02	8.069548745873458e-01 
91322	4.859094838916614e-01	4.953226699044773e-01	4.340651768452773e-01	2.294176427956071e-01	3.613168359591137e-01	7.435348738001242e-01 
91323	8.282050874351620e-01	5.067455748893404e-01	8.539532567433755e-01	2.865378054255066e-01	4.125272075529310e-01	1.629880817138926e-01 
91324	1.571557783730425e-01	1.552217487933719e-01	7.800547328515829e-01	5.396603656889791e-01	7.631768198525909e-01	8.384920400989082e-01 
91325	4.489406714351060e-01	6.628357369110995e-01	7.805139629430613e-01	5.124470059087531e-01	6.498431059516396e-01	4.821338646065459e-02 
91326	5.943610553627433e-01	3.578039053188818e-01	7.328146074762838e-01	4.828904696681369e-01	5.679048073592601e-01	7.123373092864344e-01 
91327	3.128056869548593e-01	2.004604624070312e-01	6.084925448002863e-01	6.868150662729822e-01	7.687693925250358e-01	6.736002096366888e-01 
91328	1.855368358909841e-01	5.551399440442595e-01	9.652065029751130e-01	7.690731528025400e-01	6.962555143866936e-01	1.153887339660610e-01 
91329	4.697240346431599e-01	3.958225580836838e-01	6.341692428377549e-02	8.639715811989305e-01	3.386018474755757e-01	6.785550524217174e-01 
91330	5.455251004828969e-01	1.982090816381809e-01	4.503971041439596e-01	3.088983793079331e-01	7.827067685837125e-01	7.006900170804565e-01 
91331	3.811835519189022e-01	1.754911696173841e-01	8.454209216442494e-01	4.315963417041879e-02	9.070205649766444e-01	4.496794549366505e-01 
91332	5.354727113419436e-01	4.228970100695725e-01	9.948908506193879e-01	7.550586095188605e-02	1.272211048359654e-01	6.198903657581279e-01 
91333	2.587441202159382e-01	3.543753580604715e-01	3.501135706832190e-01	6.366950067195505e-01	7.351116457435469e-01	5.652877747380270e-01 
91334	9.148753261292416e-01	2.090417548908935e-01	9.945283283602923e-01	5.920950743711383e-01	3.934820675349079e-01	5.072352941790770e-02 
91335	8.566743036042477e-01	5.951085290871236e-01	6.205256200623027e-01	2.749822347055063e-01	1.712552612773721e-02	7.493368146800308e-01 
91336	6.542679753611906e-01	8.174692906217962e-02	6.299869229387813e-01	7.115662733570036e-01	6.895837372825037e-01	1.847309756838602e-01 
91337	5.540168252229953e-01	2.847029581462238e-01	5.610862045385645e-01	1.169785152614541e-02	5.933383294726018e-01	5.923029767812771e-01 
91338	1.347730836213163e-01	1.789951454981162e-01	8.839063399900942e-01	5.148501542803993e-01	9.909344058482009e-01	4.248200690155302e-01 
91339	6.664100408363640e-01	1.999256262873272e-02	8.548566030522038e-01	5.309499775112374e-01	9.344897561608286e-01	1.943814253599785e-01 
91340	5.550519611423184e-01	6.111122088546828e-01	8.808005761991294e-01	1.998960309306409e-01	9.531900716945525e-01	1.718247954312542e-01 
91341	8.703587973216785e-01	5.517845883736072e-01	5.942852498000266e-01	1.565534111337301e-01	5.186257046935387e-01	4.573108494997141e-01 
91342	5.293757021124118e-01	8.118051531675181e-01	3.779422502487673e-01	2.889551457521745e-01	9.175792345334179e-01	5.910261965271577e-01 
91343	4.912201083136000e-01	3.752676167238311e-01	6.067010875333805e-01	2.286497152933151e-01	9.343748529133858e-02	5.899202409140774e-01 
91344	1.369019451480797e-01	9.247628196193508e-01	3.312355572249901e-01	2.653108445565938e-01	8.406246019971916e-01	4.624278560377538e-01 
91345	4.519538779209657e-01	3.494530187933351e-01	4.380490725429263e-01	8.308210193148440e-01	2.011089390792815e-01	3.783681725483221e-01 
91346	1.520079244747238e-01	5.649641259905599e-01	6.735052533680954e-01	6.080364786552570e-01	2.100156563851673e-01	1.841517280715391e-01 
91347	3.488056016897666e-01	3.570369583332935e-01	9.723759351217338e-01	2.450843498573383e-01	9.033706009494775e-01	4.170417855851453e-01 
91348	8.613786899505123e-01	2.070050491246021e-01	4.186557327067321e-01	4.511962134443961e-01	3.737269383801056e-01	2.821976593054597e-01 
91349	6.558147739506655e-01	7.599767810502596e-01	8.303899245293043e-01	5.141202864363554e-01	3.979748484970467e-01	2.808968054678873e-01 
91350	8.214182382715467e-01	2.551477838756651e-01	7.534348318182811e-01	1.676750163992188e-01	5.175273781207004e-01	6.093548033878460e-01 
91351	9.927265894613394e-01	7.579445232334605e-01	3.052873432138470e-01	5.843737288235330e-01	3.760838742117780e-01	3.928393989393959e-01 
91352	2.264955502248803e-01	1.797405960119656e-01	5.987169080715299e-01	5.316979239789099e-01	1.310382073256425e-01	9.240402222105905e-01 
91353	5.645040183433572e-01	7.661488586856998e-01	8.817452855238983e-01	2.728670382656484e-02	2.343647277132093e-01	4.556153370181524e-01 
91354	3.817161301761670e-01	4.560536760310652e-01	4.086114500648064e-02	9.718633856332612e-01	5.747925147813110e-01	7.405106408217237e-01 
91355	3.344009874209753e-01	7.388721125137240e-01	4.851801113721741e-01	7.837422964634970e-01	3.059998379827169e-01	8.356940568282401e-01 
91356	5.456981982570370e-01	2.559413003330664e-01	5.855760714048789e-01	8.179581963720464e-01	1.419208477102246e-01	7.123692340774888e-01 
91357	6.736896814513276e-01	6.936730424610080e-01	8.185921805780886e-01	2.298699614032135e-01	2.719400397265774e-01	4.611359055439129e-01 
91358	5.981080669890037e-01	5.296937419499662e-01	5.676672769722333e-01	1.515124756391368e-01	5.931155038434516e-01	4.539684481816880e-01 
91359	5.596207439954667e-01	3.568168070678025e-01	5.006745358990530e-01	5.944637432014416e-01	3.709774224700889e-01	4.131737378310949e-01 
91360	2.704467586924388e-01	5.355350799758233e-01	3.640034544586719e-01	4.756399267384074e-01	3.719677361316375e-01	6.920099936593824e-01 
91361	2.473251034621748e-01	8.285392480909977e-01	5.169397809627808e-01	5.257343534496182e-01	8.209665653726649e-01	5.774665208555336e-01 
91362	5.616345282308606e-01	3.306320381711744e-01	2.835628933903143e-01	9.941750360911279e-01	1.184117600005941e-01	5.108029708363081e-01 
91363	5.601803625463133e-01	6.212508054081001e-01	3.101031283191391e-03	5.844994223326367e-01	8.496329728451282e-01	5.260408473159873e-01 
91364	3.581998635960574e-01	3.778463232434283e-01	4.221454223014998e-02	6.579789304592820e-01	4.217978646691459e-01	9.736482930583601e-01 
91365	2.527851882211466e-01	6.306152853751069e-01	9.446587685463225e-01	3.749561801081583e-01	6.443355768818919e-01	1.875303214327915e-01 
91366	4.317132457649353e-01	9.325009571006080e-01	2.675421876373279e-01	1.520939239511306e-01	5.150044959286848e-01	8.632167136478750e-01 
91367	1.811354107556452e-01	9.168906689323625e-01	5.336533129486064e-01	9.129050290569385e-02	3.474849602275457e-01	9.196035323208659e-01 
91368	9.031264674824167e-01	2.518912551458417e-01	3.214190219749990e-01	6.199656298740114e-01	4.723359606948030e-03	5.983534338239709e-01 
91369	9.953574625387002e-01	6.271166758692787e-02	8.936635070117842e-01	6.537279157180392e-02	4.548498476737595e-01	4.959098387500762e-01 
91370	6.473760482936046e-01	3.175390124756727e-01	4.450695276462383e-01	5.681275445697044e-01	3.997957030521459e-01	6.712175538799805e-01 
91371	4.009874148526712e-01	4.648667277353858e-01	3.940876419259259e-01	9.688971323707852e-01	4.959311146049788e-01	8.854902258261962e-01 
91372	4.698291088432610e-01	4.120303596713514e-01	4.971038209089355e-01	2.347390607733210e-01	3.813971184776322e-01	3.240810908410706e-01 
91373	2.955470564300955e-02	8.019558866622312e-01	2.021840339105332e-01	5.071709825858208e-01	2.123203115930108e-01	8.457230684103743e-01 
91374	6.907503182454366e-03	7.209583957085313e-01	9.801844359216022e-01	5.456512501722743e-03	7.907139822909386e-01	7.425259248998392e-01 
91375	7.115710709824958e-01	7.858962751735123e-01	1.234123081531339e-01	5.977792292477621e-01	4.820048124070800e-02	5.736926239319209e-01 
91376	1.740730563919762e-01	7.182460170210478e-01	2.036844713997485e-01	4.089649832477283e-01	6.981009524623634e-01	5.124137885332002e-01 
91377	2.956564613603044e-01	1.427799075654037e-01	4.915630362912449e-01	1.451400823942661e-02	9.891069800282009e-01	4.556754884272037e-01 
91378	4.541905318505880e-01	2.586146497553935e-01	8.610957067682676e-01	6.929040508970356e-01	4.770356098795338e-01	5.871236938099569e-01 
91379	2.447264359827813e-01	7.874281694847318e-01	4.345070565834138e-01	2.528241643961617e-01	5.187057192962373e-01	8.517973619812872e-01 
91380	7.117333417278072e-01	4.941030822004194e-01	5.610133574156378e-01	1.873720787242442e-01	4.854757535020038e-01	3.527825141027758e-01 
91381	3.937799764663628e-01	8.556187281409928e-01	9.618758208397301e-01	2.468316150460094e-01	2.398910558835136e-01	5.553197570539568e-01 
91382	4.841754644357260e-01	1.079082043707864e-01	8.280392096466278e-01	4.901741477017647e-01	4.437436769357611e-01	5.115889604212723e-01 
91383	4.433683876785557e-01	7.393937994355664e-01	8.056404735909910e-01	2.859808806434496e-01	3.822210569421027e-01	4.687266060358467e-01 
91384	8.685072544704268e-01	1.798015756101227e-01	3.116389749986357e-01	4.769592008690006e-01	5.926198530737529e-01	7.164557027954461e-01 
91385	6.174275143356589e-02	7.221725927670318e-01	6.876188099412960e-01	2.548509519403172e-01	9.201347266656199e-01	6.004392198814532e-01 
91386	9.319200447158313e-01	8.404091736803800e-01	4.794176932957531e-01	2.960822293301258e-01	3.699696984385411e-01	4.880407721547575e-03 
91387	6.996294954694957e-01	7.871253118494531e-01	3.995634050965599e-01	4.837919740756551e-01	1.679885473180074e-01	5.254570505110803e-01 
91388	3.142729382812814e-01	4.296031853979786e-01	9.765787052822275e-01	1.120124165359854e-01	6.690225622403606e-02	6.193743464825191e-01 
91389	2.232866582887870e-01	1.966267149127737e-01	5.157740181857534e-01	9.426621371952566e-01	6.058948819548641e-01	3.542529442691981e-01 
91390	5.717840588327585e-01	4.754758733267619e-01	5.500118890000596e-01	4.412780110498166e-01	3.124961197010319e-01	4.385643998931026e-01 
91391	9.373675802861703e-01	1.088393945787826e-01	6.869002093711907e-01	2.550096237967564e-01	5.080380365326872e-01	2.795686644712200e-01 
91392	5.922151994246689e-01	4.197284690427081e-01	9.250241286646383e-01	2.489069622471951e-02	8.115621624353563e-01	3.244889838429901e-01 
91393	5.511255815548143e-01	2.745817047024049e-01	4.449510606472015e-01	3.014510349287191e-01	6.118555523445069e-01	2.003351479919663e-01 
91394	7.186018558706058e-01	8.332277523778887e-01	4.295993518456824e-01	8.300863394343743e-01	5.227156030812511e-01	3.007496758525968e-02 
91395	1.243708393092113e-02	7.920070276519482e-01	6.033182890716581e-01	1.455159569514223e-01	7.628938007567372e-01	8.935068891956206e-01 
91396	4.509585605608663e-01	8.698266728977638e-02	5.074527924320844e-01	4.820840293907473e-01	5.936283064665564e-01	5.671106189063915e-01 
91397	6.046840752442916e-01	6.015054210088963e-01	3.258490808860487e-02	7.344888754244626e-01	6.936000114763596e-01	6.164724339676834e-01 
91398	2.449555600912320e-01	9.978872612922379e-01	3.142873168154595e-01	6.137246437304573e-01	2.408915751530316e-01	3.648564730857221e-01 
91399	9.236508855845886e-01	4.778860406149119e-01	2.706244578633657e-01	6.248335987531131e-01	1.097612100967809e-01	2.908950943708259e-01 
91400	3.975674030783926e-01	2.486354043696266e-01	6.464811763580847e-01	9.852782385576877e-01	1.728065781569425e-01	7.303174622516313e-01 
