39201	6.387016799492772e-01	2.538545365347307e-01	3.442783842523200e-01	7.250986742149268e-01	8.273587291959554e-01	3.366620326287451e-01 
39202	8.973403688244865e-01	6.857437855416404e-01	8.060039365215186e-01	2.653892087065536e-01	3.370623605820064e-01	4.538175392199451e-02 
39203	5.100850049307503e-01	3.970566237372657e-01	6.854527894811751e-01	5.985176778575282e-01	6.773944167285348e-01	6.061687636860705e-01 
39204	3.984884793428582e-01	5.027624156828726e-01	7.160246740519010e-01	8.629818394655461e-01	2.787641339962882e-01	1.594551246777344e-01 
39205	2.356312745617589e-02	4.516326627882636e-01	8.377393788189919e-01	3.361958510073705e-01	5.976357081847561e-02	8.486970873629758e-01 
39206	5.363563157730414e-01	4.555906608845542e-01	3.720372016712850e-01	7.404818856843709e-01	3.025801347978597e-01	5.119027034340103e-01 
39207	3.928082456478850e-01	5.453402408449843e-01	3.232273385395421e-01	5.772871937471882e-01	3.337957923890867e-01	5.452365563388084e-01 
39208	8.388827972705403e-01	5.961885138826706e-01	1.332522597089359e-01	4.243612021994896e-01	9.066834668143308e-01	5.254102220109650e-01 
39209	5.960978414553073e-01	5.221662409979232e-01	2.416707525868255e-01	6.986077096794826e-01	1.874538836416049e-01	9.096501742180844e-01 
39210	4.055862689640721e-02	4.943315697430554e-01	4.884570205271882e-02	8.093565042709342e-01	5.715678910217802e-01	5.866699349572384e-01 
39211	3.298452956132616e-01	1.410037998429590e-01	7.085764453512337e-01	7.470986956804987e-01	8.479627708919710e-01	1.040756035091914e-01 
39212	6.983673635526542e-01	1.702300337984071e-01	3.850140937567763e-01	5.230313644588508e-01	1.608654095951976e-01	9.438710194460028e-01 
39213	4.291519190850464e-01	9.404692080200752e-01	1.713112525345720e-01	7.493026732458787e-01	4.423873700942281e-01	3.782841514812997e-01 
39214	3.749482118022324e-02	4.485657214206904e-01	3.887710056297790e-01	9.224917465790496e-01	7.881791395158099e-01	3.085230771990997e-01 
39215	5.898002400260447e-01	1.608940377982765e-01	4.447654754631650e-01	8.379251926965966e-01	7.662135168392511e-01	4.505770272208057e-01 
39216	3.752418201516012e-01	4.853602114352683e-01	3.501761640644678e-01	5.782105786747946e-01	3.804894953025491e-01	5.140460228848260e-01 
39217	8.556634531984801e-01	1.543417881894390e-01	8.257880061636124e-01	4.732159671814904e-01	2.447640495957072e-01	4.369579748693876e-01 
39218	5.638621647211778e-01	1.391583614770130e-01	8.211031404955765e-01	7.002463607605663e-01	4.313495460566692e-01	3.049790854203920e-01 
39219	6.826329259258915e-01	8.009455909882753e-01	3.002938739073893e-01	7.716287860136546e-01	9.595289640951493e-01	9.438323938955007e-02 
39220	2.646172918361026e-01	1.483539900740409e-01	8.992140293521976e-01	3.223298278219343e-01	5.675258183236349e-01	4.859592804816775e-01 
39221	4.554080401806831e-01	1.550037298313420e-01	6.159238905770918e-01	7.277607983210633e-01	2.954838414991275e-01	6.960729951754847e-01 
39222	3.418670290847006e-01	4.659688935380430e-01	5.288174520773462e-01	3.432377327580567e-01	4.596987617603788e-01	6.730680661226698e-01 
39223	6.717472572401676e-01	6.277939150942164e-01	8.798688200154310e-01	2.968332169842460e-01	3.165611971563841e-01	3.108308119015115e-01 
39224	1.143710111828489e-02	6.907264137548088e-01	2.825070522504751e-01	2.587447346056866e-01	7.075795547874315e-01	8.276872734199238e-01 
39225	8.167902577793709e-01	1.686830370373155e-02	9.752109732824199e-01	6.155465899629493e-01	4.874495681630850e-01	4.824241579198313e-02 
39226	9.546504825633176e-01	1.012982825664330e-01	4.426044332276747e-01	8.037509850518023e-01	1.458393320600050e-01	2.435679220428221e-01 
39227	5.254558702535173e-02	1.491215226430334e-01	6.736030308287113e-01	7.829787059047062e-01	5.068414477101236e-01	5.168466047072157e-01 
39228	3.022759099069400e-01	5.386787245317252e-01	8.068737226265696e-01	4.060337169231981e-01	4.125662009193316e-01	7.342361878237647e-01 
39229	8.141528414949508e-01	7.017177454520261e-01	4.272910951805327e-01	1.275833719999932e-01	3.876648916619769e-01	8.034444464595896e-01 
39230	7.074127002041553e-01	9.996765813645182e-01	4.302681099875628e-01	3.183413691902673e-01	6.364221610454867e-01	1.296285813603380e-01 
39231	8.086250142184986e-02	5.617292207028308e-01	3.624133471028197e-01	8.566639040035844e-01	3.200608417387322e-01	8.402625707770913e-01 
39232	5.379388479625586e-01	2.231788560659508e-01	4.190204506506433e-01	9.604097978007179e-01	8.375228303028920e-01	4.877152650817307e-02 
39233	2.818096447158497e-01	3.045033784569799e-01	2.434785600060456e-01	9.073864136801889e-01	6.945316663669004e-01	2.325244704042041e-01 
39234	1.504492098470715e-01	5.409721267189449e-02	8.761429650522995e-01	2.001211486570964e-01	8.939955686781044e-01	5.348072144446918e-01 
39235	8.447959526341449e-01	2.827338244808948e-01	2.712483559527157e-01	9.782992306945841e-01	4.883255050976283e-01	3.485126444859652e-01 
39236	3.313201385232120e-01	4.881115199517824e-01	9.431093928289224e-01	4.898291401721622e-01	4.115153827238448e-01	8.275551327988573e-01 
39237	4.078583145364556e-01	5.646719426643193e-01	1.328610379951800e-03	7.750976873293030e-01	2.771436550775013e-01	8.258990591598723e-01 
39238	5.759753607064811e-01	7.640737733810038e-01	1.026083425337864e-01	8.439559165572158e-01	2.195982828261221e-01	3.539762666745184e-01 
39239	9.245650923046767e-02	7.988649277140502e-01	1.552272165190534e-01	9.660522589572240e-02	9.557166209367521e-01	8.481352023275888e-01 
39240	5.380741421037754e-01	9.483071356546328e-01	6.492276288099097e-01	7.407774909431171e-01	1.887224254041019e-01	2.967369953683593e-01 
39241	2.912648343924700e-01	9.410413825871223e-01	4.238458568772802e-02	4.879893767334352e-01	9.395493486895061e-01	3.415544400118242e-01 
39242	6.493209076184194e-01	8.743808017443069e-01	6.666775969548229e-01	4.558716634878439e-01	4.164396076067517e-01	3.971354982739163e-01 
39243	9.297553984997055e-01	1.020858277909841e-01	3.226316413345554e-02	3.882628783035328e-01	9.173588241367561e-01	2.505261723208017e-01 
39244	4.360005004769853e-01	6.740933681350217e-01	9.422352563068196e-01	4.087155000123643e-02	4.901931633741163e-01	4.147460431174533e-01 
39245	6.120680178436491e-01	6.547112226979772e-01	6.008840869209475e-01	1.468901631847107e-01	9.058906214644623e-01	2.713312134304643e-01 
39246	4.047307319781847e-01	6.346011787356803e-01	9.192771768884660e-01	1.371725914406356e-01	9.785476919313099e-01	4.199904003231487e-01 
39247	6.131030367550472e-01	1.739493618563744e-01	6.621269865274110e-01	9.241879522218270e-01	6.487711579148972e-02	9.459071920314847e-01 
39248	8.603630577226032e-01	4.044602823689517e-01	3.050772325867956e-01	6.481475858809751e-01	6.565577103291541e-01	1.178269298326174e-01 
39249	2.220800324800408e-01	5.890017549349749e-01	8.255359470449550e-01	1.879118155469922e-01	7.881450182576799e-02	8.461114965242342e-01 
39250	7.966045159550352e-01	8.808798758487942e-01	8.246757968756757e-02	6.393159419822450e-01	3.413954489036502e-01	1.570667887664381e-01 
39251	7.209587550923507e-01	3.143162330803004e-01	8.530036516091348e-01	6.174415888174981e-01	1.024784314064140e-01	1.935209861043713e-01 
39252	4.109399365727526e-01	4.996868468389617e-01	9.466671187638492e-01	6.065119113097145e-01	4.222174564010994e-01	4.407548883456230e-01 
39253	5.205454894363605e-01	4.802997065449399e-02	5.084457295770979e-01	6.873597242580592e-01	6.372157222445909e-01	6.336950913617008e-01 
39254	5.163704538355460e-01	3.945783403119180e-01	6.013929357733807e-01	7.673676099404214e-01	3.952995072223837e-01	5.196111254986140e-01 
39255	2.984869757125700e-01	7.156242058055695e-01	6.038536207912807e-01	3.398043048473254e-01	6.105205851117103e-01	5.018586216479021e-01 
39256	4.664090195374257e-01	8.399033511277990e-01	1.452224429538993e-01	6.725572304442300e-01	9.065083415137631e-01	4.053920064059263e-01 
39257	4.052440291532228e-01	3.613236759141062e-01	7.943799934428524e-01	6.856655888894958e-01	5.460530059200827e-01	2.259362935058992e-01 
39258	9.404158653970338e-01	4.167759065340497e-01	6.861579027847626e-01	8.822322776325603e-02	5.997530832315310e-01	6.534128922334279e-01 
39259	3.658078298878181e-02	8.098994848973532e-01	1.790540495758581e-01	6.654688851392430e-01	8.787318424443236e-01	7.911893936959292e-01 
39260	5.609503853450697e-01	8.570146695810619e-01	2.035605277069893e-01	9.257299634148021e-01	4.319934047242276e-01	4.028964343144537e-01 
39261	9.877764065970962e-01	4.603673852014141e-01	6.001061409981392e-01	1.426172461349690e-02	7.917954233292259e-01	4.002352908701289e-01 
39262	6.587562959463813e-01	2.114028567489489e-01	4.591122366096989e-01	7.515246025263249e-01	1.610327709071763e-01	4.555046273629494e-01 
39263	9.439395307528756e-01	4.777373004348801e-01	2.313744775147666e-01	6.646434500496547e-01	4.202588604923500e-01	1.816038862380750e-01 
39264	6.565335683690217e-01	6.050045448465873e-01	1.203478567778090e-01	7.477704816774852e-01	9.615566239310641e-01	1.858266294878103e-01 
39265	4.685186927555257e-01	2.320883717609323e-02	8.736439813216215e-01	8.331450968761644e-03	7.132438125861935e-01	7.870392614170199e-01 
39266	4.563094867894530e-01	1.948845533227322e-01	4.257742350306664e-01	9.296744211350814e-01	4.960398618190381e-01	3.670905447666150e-01 
39267	3.127869870160968e-01	5.911086745120174e-01	9.078683236690537e-01	7.026481561488233e-01	2.351694215816916e-01	3.944940447875273e-01 
39268	2.538232864474573e-01	9.007795743372526e-01	2.863684506940691e-01	1.594601964636117e-01	9.397972219988295e-01	4.866762320968910e-01 
39269	9.751026728578043e-01	2.990373086781506e-01	8.292056165850409e-01	2.342626099055303e-01	4.713516105655605e-01	9.542733982427415e-01 
39270	5.840875742171812e-01	8.742588830321114e-01	2.644333387556722e-01	1.655658369747212e-01	8.919448487032384e-01	2.777416478094680e-02 
39271	4.549930435831587e-01	4.981526998466268e-02	3.539877736643303e-01	2.439903506114690e-01	7.842735156410072e-01	7.495465731400655e-01 
39272	9.076759670140766e-01	3.116562905279630e-02	8.022447372753696e-01	5.378226755446724e-01	1.694058384412212e-01	6.142639401460959e-01 
39273	8.751693076889273e-01	4.626357019174292e-01	2.868519223720461e-01	6.280793935213456e-01	2.080182384645067e-01	5.778692266596558e-01 
39274	3.632335280037666e-01	4.421990903181336e-01	4.309787940108555e-01	9.624661510519449e-01	1.543954994898382e-01	5.319410220641954e-01 
39275	2.671352721260890e-01	9.191568251968298e-01	4.605895975990997e-01	4.222991408409774e-01	4.722693910537363e-01	5.624240218005374e-01 
39276	6.734493423072885e-01	5.844174768590001e-01	3.397098917616952e-01	8.523132508497943e-01	6.157615011199774e-01	1.396203938243278e-01 
39277	4.136717951167128e-01	5.676521718061101e-02	4.285473664031986e-01	8.863165482514901e-01	7.049575636530503e-01	4.318730659105804e-01 
39278	3.413801882167541e-01	8.099901638718562e-01	6.331367636313119e-01	3.019163935653756e-01	9.319437192940545e-01	3.309886716614102e-01 
39279	7.143216534768809e-01	4.390840029505511e-02	6.889799059263051e-01	9.037884883015225e-01	2.380087901400159e-01	2.608306823023688e-01 
39280	8.573257896460987e-01	7.371708210271352e-01	1.654992685288155e-01	9.863863235683870e-01	6.416200461925464e-02	3.448803334287094e-01 
39281	5.538429160192405e-01	8.613005676066700e-01	3.627863496072602e-01	9.074275165249318e-02	5.317072704231371e-01	4.327020700177294e-01 
39282	3.144863883608014e-01	4.659116410587591e-01	4.773706705341410e-01	7.962413615639394e-01	2.520310756032595e-02	6.298280962080920e-01 
39283	5.951934622566264e-01	3.276447020169889e-01	9.107777523024896e-01	8.782589092844011e-01	5.049231371566454e-01	2.680202117393504e-03 
39284	3.906681641812369e-01	2.801400120474506e-01	7.968624676161359e-01	5.658388706980662e-01	1.259407974470130e-01	5.639320501622597e-01 
39285	4.559482211836961e-01	7.820896345042375e-01	6.663108331749972e-01	6.388641538294165e-01	2.338563928193697e-01	6.163677271772939e-01 
39286	1.685029323850873e-01	2.879678620088516e-01	5.612417085496831e-01	5.234020774557868e-01	8.829523073933259e-01	8.109730868795385e-01 
39287	3.379730393510636e-01	7.780819741246046e-01	3.128413053554720e-01	3.320308688840700e-01	2.387524257913994e-01	9.185907262954237e-01 
39288	5.430239279380111e-01	9.691474328909292e-01	4.110368371858230e-01	3.471316062197941e-01	4.500592129480042e-01	2.188468766419330e-01 
39289	2.349471481407682e-01	4.916696815650013e-01	9.036780406484652e-01	3.809370120231715e-01	9.037167339848597e-01	2.972466746876035e-01 
39290	7.638282899399169e-01	3.172672818819796e-01	2.939973114015137e-01	4.798467969036125e-01	2.554289584833708e-02	8.204585113306240e-01 
39291	1.816223564854019e-01	4.332010738452220e-01	5.339046391260622e-01	6.599733420417750e-01	3.645062556464517e-01	5.161779240181010e-01 
39292	1.815528271338916e-01	6.167708073914566e-01	8.464505915524003e-01	7.724960547298912e-01	2.017317335564132e-01	1.639350911635308e-01 
39293	6.911127307772840e-01	6.025450887000036e-01	1.758768971325582e-01	6.471998875306332e-01	1.956937929698232e-01	2.313938562658606e-01 
39294	7.084575099024357e-01	3.605748749822926e-01	3.595764279078084e-02	5.059157412163700e-01	8.103649193549476e-01	3.999077757724616e-01 
39295	5.638355001704636e-01	7.014505841612882e-01	5.711377143403421e-01	4.496686242740355e-04	7.864982066789574e-01	7.121565270224259e-01 
39296	3.929978035702139e-01	6.731142054696544e-01	5.364630555672194e-01	9.767565875796312e-01	7.120035486750506e-01	1.290845542601192e-01 
39297	2.547539004203489e-01	5.306519607557697e-01	6.983376317478968e-01	1.889872349271375e-01	3.826653085007296e-01	6.208021061944389e-01 
39298	4.190908220324728e-01	7.144851017078504e-01	5.097916726987145e-01	6.195820709063221e-01	6.395917343246593e-01	1.384978845304226e-01 
39299	4.865543565216157e-02	8.677175904357983e-01	4.933604802559015e-01	4.463080273382714e-01	3.782194590101334e-01	7.854124643368577e-01 
39300	5.439813095709076e-01	6.678996053427882e-01	9.671818949055189e-02	4.633233017200073e-01	8.402294390726212e-01	5.996151517883167e-01 
39301	9.772459099442748e-01	5.727173145026176e-01	6.840358096205270e-01	8.408462536142292e-02	2.298448225886605e-01	2.146193017747716e-01 
39302	7.377623963683488e-01	4.065263209922304e-01	2.583087387048199e-01	5.509531068436323e-01	5.452922900862691e-01	3.542638690555611e-01 
39303	6.443663030515975e-01	2.129019285515553e-01	8.506194189432984e-01	4.144976946846988e-01	4.190687720803585e-01	4.069126559792219e-01 
39304	9.332061315079312e-01	3.666043621921679e-01	5.270433788911123e-01	5.339286471711431e-01	6.571012026729457e-01	4.288880160085833e-01 
39305	1.568794013806236e-01	6.433892529934573e-01	4.487546421749161e-01	8.434377839559090e-01	2.734849859811487e-01	4.149902552376562e-01 
39306	8.562149441455762e-01	6.060369607356200e-01	2.338968552679430e-01	7.729215332181764e-01	8.044417789655617e-02	3.245948808014297e-01 
39307	3.586813811580567e-01	5.293086100947392e-01	8.000940748902031e-01	2.482913276074871e-01	5.891412904584329e-01	6.002865734211955e-01 
39308	3.765600354751557e-01	4.881760839223489e-01	4.982771358593731e-01	5.872898690769965e-01	1.523797815988654e-01	7.087932301879838e-01 
39309	3.107808255772406e-01	8.068405315116671e-01	3.118348396060185e-01	4.063968593334235e-01	1.489349379232612e-01	6.499192721102854e-01 
39310	8.429705953093481e-01	6.921989206681400e-01	7.575504365821349e-01	3.085153119885305e-01	9.530987315698789e-01	9.947641517959535e-02 
39311	2.378397478575948e-01	3.847724972300628e-01	3.798454757587727e-01	4.437654839752324e-01	7.019707822678531e-01	6.468459029162220e-01 
39312	5.520186421380384e-01	7.002487123439313e-01	5.919971685696427e-01	3.816747838909941e-01	6.680582783930781e-01	3.663909220604795e-01 
39313	2.345685767153970e-01	5.519280931919326e-01	4.807468103509152e-01	7.537483387456683e-01	1.206137537724907e-01	5.718713345520547e-01 
39314	4.612687498648173e-01	2.713682924387337e-01	8.322299561999584e-01	2.763798482285772e-01	8.098935982967052e-01	1.622974298270308e-02 
39315	6.062499358116675e-01	8.935419127578921e-01	8.242556211338214e-02	7.639322483148574e-01	3.396632580421262e-01	6.705844424087445e-01 
39316	5.668538545389123e-01	4.132955305923373e-01	2.251724693709610e-01	8.705883377827751e-01	5.880438222702596e-01	1.378640341404702e-02 
39317	3.352432140594195e-01	2.110727887153810e-01	8.218866820858569e-01	2.616336716547151e-01	6.387364102668760e-01	3.435971678230790e-01 
39318	4.196024006235888e-02	7.921122139443226e-01	1.987110824713229e-01	4.420566285455448e-01	6.245339219045927e-01	7.475758706609879e-01 
39319	8.507377184692702e-01	1.184576044716760e-01	3.972580314297512e-01	4.122875316383191e-01	7.728012359254431e-01	5.587821557758603e-01 
39320	2.339533752090885e-01	8.649547966329707e-01	3.712411996751757e-01	1.443563957945329e-01	9.343811112446357e-01	4.122288971717826e-01 
39321	4.859423725947365e-01	8.505774152886960e-01	2.841470037483413e-01	8.195536292265064e-01	8.838482599352179e-01	1.436591061692498e-01 
39322	3.009550358633793e-01	3.563620974815513e-01	6.395762708987532e-01	4.625699602275342e-01	3.206576189713536e-01	4.235152031523336e-01 
39323	4.607241187956477e-01	6.160556120646978e-01	4.088048771898694e-01	8.915818720178862e-01	4.133072238979279e-01	4.147793273507676e-01 
39324	3.030659467021996e-01	4.801500124244376e-01	3.790283675150307e-01	6.118895679855778e-01	9.881258554979940e-01	3.973222514554227e-01 
39325	9.698918617059817e-01	2.634060481171352e-02	8.358962565788042e-01	2.077140796610774e-01	1.028645245464053e-01	7.837292624597210e-01 
39326	5.334368323280340e-01	5.833242516725945e-01	6.380059277714395e-01	7.862138875345734e-01	4.662330214037697e-01	5.856778165694855e-01 
39327	2.528122644143800e-01	3.939777810010414e-01	7.939849936787829e-01	3.072739227350816e-01	7.352130510493680e-01	2.081722737452761e-01 
39328	2.870200718242814e-01	8.047421208846613e-01	6.232936428558178e-01	1.500262350398571e-01	9.010677752698162e-01	4.702915674091199e-01 
39329	4.624910690138924e-01	9.205218117045757e-01	1.206495106998260e-01	4.991814795084131e-01	6.550966131856129e-01	4.068811382522857e-01 
39330	9.836908408105001e-01	6.433344602141133e-01	5.273546633397301e-01	7.083993003936442e-01	2.014581997417356e-01	3.931454918837388e-01 
39331	4.160548534745887e-01	6.356143118108623e-01	8.429803317365006e-01	3.616408561397659e-01	7.982851862328938e-01	1.150406912150371e-01 
39332	2.202482487595300e-01	2.030442418248599e-02	6.350942109303617e-01	6.416810319696544e-01	6.304440608009226e-01	5.325483764554079e-01 
39333	5.799670284341716e-01	3.920431009811295e-01	6.666986594239552e-01	3.203679767117741e-01	7.326043303525287e-02	5.333101868766713e-01 
39334	5.398647731180884e-01	4.045038840353072e-01	2.934729520126442e-01	4.278593327213609e-01	5.753545159738426e-01	6.255491384530585e-01 
39335	2.120653104125243e-01	3.965229375734016e-01	7.930796085047521e-01	1.523498409738843e-01	3.385177561547923e-01	8.427873994584647e-01 
39336	1.693527238305960e-01	5.044216831437486e-01	5.872106258645322e-01	3.931823033395400e-01	7.246686544033192e-01	8.375053816326805e-01 
39337	3.064615902130556e-01	4.965983325198444e-01	9.676181442854619e-01	7.290174522670367e-02	4.448611700268951e-01	7.631359654290066e-01 
39338	4.360476307964222e-01	5.654670649935274e-01	3.015510409472550e-01	4.394609911746619e-01	9.541432182748419e-01	6.533783665444007e-01 
39339	4.593674872762312e-01	6.594496343864538e-01	5.212096965501428e-01	9.037652283851794e-02	3.640161127354068e-01	9.081019622703915e-01 
39340	5.522980049523796e-01	3.208726729431853e-01	4.494837153387544e-01	1.632296466373912e-01	8.578282426591162e-01	5.483062187164613e-01 
39341	7.951048120789833e-01	2.658892548715680e-01	7.538020658609724e-01	7.721076603123203e-01	4.109789535627651e-01	3.069071990798883e-02 
39342	6.498125044949352e-01	6.414958447441967e-01	6.366750072516278e-01	6.697045810532648e-01	1.799878152684398e-01	5.405362796538307e-01 
39343	8.226134620324722e-01	4.217176258563486e-01	4.959988447316682e-01	1.229492617700378e-02	6.104555057613410e-01	4.226558832385401e-01 
39344	4.125786972368444e-01	9.797694082142709e-01	8.105739775319198e-02	4.011020651348792e-01	2.726460382544127e-01	6.572224857054634e-01 
39345	7.403131882650366e-01	5.557834813835953e-01	9.693134781248626e-01	5.548164685532547e-01	3.811713075154111e-01	8.435967871619868e-02 
39346	3.073098156081210e-01	2.290682471661654e-01	5.631831095212843e-01	3.310293375041381e-01	3.496823783589413e-01	8.494507290102961e-01 
39347	9.925330371566257e-01	8.280360056893254e-01	5.668249937922842e-02	5.305867187738490e-01	4.082996508808268e-01	2.449206176848169e-01 
39348	6.000357532031884e-01	1.605522165620666e-01	9.757034375213671e-01	1.809968223647721e-01	3.879005846271749e-01	3.992955436644830e-01 
39349	7.216502315741914e-01	1.969002298442628e-01	7.867710632886955e-01	3.967354528170036e-01	6.107680605806831e-01	8.400857408241353e-01 
39350	3.689556206128022e-01	8.256854714838195e-01	7.781976462332663e-02	3.752508014241822e-01	6.078200974531525e-01	9.385032714363825e-01 
39351	6.869494314464004e-01	8.695065280156289e-01	1.741339197239837e-01	3.162430119803962e-01	4.610011363011825e-01	2.726506610148812e-01 
39352	3.953848378976109e-01	8.033656999861000e-01	4.189982275956573e-01	1.296433445518614e-01	9.270858775330665e-01	5.180143951262441e-01 
39353	5.898879244107385e-01	3.677871098782795e-01	7.837074692464836e-01	3.208249395686283e-01	6.806719048239708e-01	6.368501907061928e-01 
39354	2.716029587955238e-02	8.336257414509214e-01	6.581702283474360e-01	1.538057662170815e-01	7.305072019774422e-01	3.764745034497254e-01 
39355	5.950653113200808e-01	8.484760416487446e-01	7.764336238043290e-02	4.854470230835350e-01	4.618696606628975e-01	6.386578482268568e-01 
39356	1.548747268295428e-01	3.662703808726208e-01	7.160355749110263e-01	6.319202610963551e-01	1.178504428623028e-01	7.259298724489808e-01 
39357	8.633172963986004e-01	1.243319916228888e-01	2.113721586741212e-01	5.153072625160692e-01	3.182477860614774e-01	5.446078599984427e-01 
39358	6.442371774441941e-01	5.162161867715588e-01	2.515113527919427e-01	3.929394282412437e-01	9.580866887054342e-01	3.060265755411787e-01 
39359	3.539751521682307e-01	2.820442470028062e-02	6.858979100634323e-01	8.592149746817992e-01	8.168702511558922e-01	3.590580018838442e-01 
39360	7.785669496248626e-01	4.232348991291256e-01	7.434910582455962e-01	1.427889925612653e-01	4.262977308259686e-01	4.262176569647251e-01 
39361	3.358986355491318e-01	7.596321714303633e-01	3.520142965734888e-01	2.374505925742885e-01	6.489408146453681e-01	6.013737001134500e-01 
39362	5.394339910562223e-01	9.084869687763170e-02	7.425981829088860e-01	3.393476638771393e-01	8.126795830775531e-01	4.923363103739924e-01 
39363	8.368977045433934e-02	4.745922473127878e-01	5.062566668843749e-01	7.946149083030987e-01	6.463437823003356e-01	4.690244951088104e-01 
39364	3.536217169436741e-01	5.629781437409165e-01	4.808873221058094e-01	8.435414566293797e-02	5.376101154166352e-01	7.857396810615597e-01 
39365	4.038931507088818e-01	5.419515404554359e-01	4.433282803915365e-01	2.580884072733523e-01	8.774600186642086e-01	6.502277493952456e-01 
39366	2.897151305400419e-01	6.037782455382683e-01	7.812213083776214e-01	8.544438864859921e-01	7.361086337876399e-02	6.287285568023147e-01 
39367	6.403513321171372e-01	6.596892018162288e-01	4.638523376907190e-01	7.261228543000461e-01	4.201282035328789e-01	3.797365826109825e-01 
39368	9.420081016224913e-01	8.454067083210615e-04	6.994279500102969e-01	9.849686252195594e-02	4.785109160039913e-01	6.259094238005563e-01 
39369	5.603713866709348e-01	9.534265681128622e-01	2.471185517961528e-01	1.007744469237430e-01	9.066683726626592e-01	6.337810421463101e-01 
39370	4.202356808764340e-01	3.507547055085658e-01	6.043233362137889e-01	2.854984186215845e-01	5.217518511427662e-01	6.233111753791738e-01 
39371	5.731779171890190e-01	6.090391956379411e-01	3.398111353595042e-01	7.261536678018871e-02	4.195006459311265e-01	6.798878675107864e-01 
39372	7.558551749685105e-01	6.266544421221462e-01	4.988179298605393e-01	5.234977122792136e-01	3.859711273993577e-02	5.746339329305877e-01 
39373	8.542973779305325e-01	5.684110567384552e-01	3.808085464722137e-01	4.487986357377079e-01	2.841675973670515e-01	5.625274060663439e-01 
39374	9.165316138673716e-01	7.637177293130992e-02	8.747441879912859e-01	6.261316429119625e-01	3.004698026441321e-03	4.871495923110495e-01 
39375	2.164243960601948e-01	5.487133182317541e-01	7.205545853595243e-01	7.461864412217706e-01	1.287018581214017e-01	3.838661786249837e-01 
39376	8.464193123348208e-01	2.813535600153556e-01	3.430293843321054e-01	3.738690057799761e-01	3.678971374254236e-01	8.722724419760148e-01 
39377	5.683545541980907e-01	5.365591455062898e-01	5.036621301456007e-01	4.731666689100374e-01	9.557003990508195e-01	4.680353474810772e-04 
39378	4.688229185664210e-01	4.720254891968548e-01	1.666583964416497e-01	5.703577079153495e-01	3.191756763598169e-02	8.906216569852136e-01 
39379	6.677881169892204e-01	5.288709652903602e-01	7.760354797731679e-01	4.043847449736013e-01	5.706097052608188e-01	2.104624120435617e-01 
39380	2.027838287586612e-01	8.149529336655853e-02	9.366504005330522e-01	7.998818726082381e-01	6.560512400017066e-01	4.923602658037743e-01 
39381	2.631442677656942e-01	6.093541451864570e-01	4.581949883858261e-02	3.500980811678363e-01	9.209710175116780e-01	4.543713851670249e-01 
39382	4.455628642869188e-01	8.401071802833296e-01	5.526488615069672e-01	7.008109275354885e-01	9.089758876076548e-03	3.854596431137990e-01 
39383	2.554966202373380e-01	8.812816993323025e-01	1.578214614880757e-01	6.954656111514054e-01	4.361275553156408e-01	7.059204419747754e-01 
39384	5.397397329935011e-01	5.044204886221604e-01	6.181147057052516e-01	7.276201367246096e-01	7.944573560139131e-01	4.221775817264177e-01 
39385	2.239284749756920e-01	3.898111407867681e-01	6.407626688973924e-01	4.653581412682706e-01	8.369938402428689e-01	9.755890595778818e-01 
39386	5.080985581486859e-01	3.385980678925566e-01	1.697855027980431e-01	7.806869001561292e-01	2.048725762511629e-01	8.106533763604232e-01 
39387	6.108432033761785e-01	5.611386102647602e-01	3.280216894884523e-01	6.353536277770364e-01	7.392698392173178e-01	2.282687131838727e-01 
39388	8.057341101960620e-01	3.102990908246235e-01	6.417867384790216e-01	8.457766045416473e-02	7.061137904766535e-01	5.625254930554613e-01 
39389	3.847078039145496e-01	5.353440165274514e-01	1.132658522200805e-01	4.872886857279541e-01	7.534586342342722e-01	6.162255314366655e-01 
39390	6.820288867664438e-01	1.553966502920684e-02	4.004424241257747e-01	4.247135577249591e-01	4.857767675789539e-01	7.608500719774582e-01 
39391	5.974659067291438e-01	2.497225084311710e-01	6.205720866235940e-01	2.956387887175004e-01	5.189224719660170e-01	8.409113693050549e-01 
39392	3.957130125315105e-01	3.599829901857977e-01	2.799213589922597e-01	5.881369391839765e-01	6.499036094408404e-01	7.795027496592236e-01 
39393	1.255520224298546e-01	9.078415067784278e-01	9.034169828324190e-02	9.686883841092482e-01	2.070489697561735e-01	8.931647391078272e-01 
39394	9.491429393410400e-01	3.444668112342023e-01	2.689865278033557e-01	7.654692062195776e-01	1.666854212210201e-01	2.674009560990339e-01 
39395	6.502321251138589e-01	2.715212074718968e-01	5.597137706279038e-01	9.016847331947747e-01	4.112461200683132e-01	3.562590876185461e-01 
39396	6.741477737893038e-01	4.636379253306880e-01	2.031194204132267e-01	9.342039696356308e-01	5.054937503643641e-01	6.731611890596437e-01 
39397	7.641785570021126e-01	4.003473508440477e-01	7.002875005981840e-01	2.031047609367206e-01	9.750948657769871e-01	3.699864250422614e-01 
39398	9.368826347530865e-01	1.840335243183704e-01	2.061610149688953e-02	4.786074918643932e-01	5.349671792378443e-01	3.147494042133090e-01 
39399	2.136541921095037e-01	9.467741243046593e-01	6.478850832813037e-01	1.160036428570066e-02	3.115049528920993e-01	6.544618685773567e-01 
39400	7.496995825874664e-01	2.340784488395234e-01	8.332565603876005e-01	2.454442559475800e-01	2.837737464248209e-01	2.318291467306844e-01 
