37601	1.671974031490302e-01	4.609736608335477e-01	8.180816155258033e-01	6.438998333741661e-01	8.062551000630472e-01	2.683632196492488e-01 
37602	6.918405118841098e-01	2.727823209125132e-01	5.769724553570605e-01	8.463485987490139e-01	4.325156182445644e-01	1.252376600381831e-01 
37603	7.288518846052194e-03	7.384416566958154e-01	3.852740276106639e-01	8.591030099724090e-01	5.774620995087419e-01	3.136695102526831e-01 
37604	6.104463317456111e-01	5.327616856781753e-01	6.729476676455435e-01	3.784301551302584e-01	6.397547907104111e-01	6.122379039671976e-01 
37605	8.224127427823094e-02	4.562100272260157e-01	3.908882561608538e-01	2.197298865176453e-01	2.865621684672316e-01	7.997033728834423e-01 
37606	4.738782139459797e-01	5.699952695451259e-01	7.080553671258492e-01	5.061682044841894e-01	2.894359539445688e-01	9.016131999824394e-01 
37607	5.096407903677612e-01	5.396075997948042e-01	8.020171955047575e-01	3.821666563634812e-01	5.221048850733456e-01	9.453639851593604e-01 
37608	7.621271107355048e-01	1.924577203797782e-01	8.935923151656420e-01	2.245669275475132e-02	4.992482863673323e-01	4.380784643895525e-01 
37609	4.137225129291794e-01	2.203220961624071e-01	8.988905189789309e-01	1.111232304633530e-01	4.658310899106606e-01	8.381256845666309e-01 
37610	1.378252936737813e-01	5.461884126546671e-01	2.372287281073862e-01	3.501440461706627e-01	3.466286600159542e-01	8.107234119556861e-01 
37611	5.843480542861311e-01	3.331586472098140e-01	8.965245827364529e-01	3.995869253821926e-01	2.600984836231762e-01	6.727414961828484e-01 
37612	7.077686607226713e-01	4.616381883559583e-01	4.308999446456189e-01	3.611349845931150e-01	5.185856722339828e-01	4.521519997073500e-01 
37613	4.372365855878063e-01	3.633961807466461e-01	1.158940846057673e-01	8.344082433336876e-01	3.717911809492737e-01	8.734581619614997e-01 
37614	4.089632069042571e-01	5.544351166891646e-01	6.279794030186587e-01	1.288764521821282e-01	8.370915312710862e-01	1.716047140447331e-01 
37615	4.774293571636887e-01	9.085628647801002e-01	1.315042170479456e-01	5.094139196753351e-01	9.064340661876961e-01	1.522764618313163e-01 
37616	7.300370416566636e-01	1.044225320461104e-01	7.361578125290986e-01	7.010303625282789e-01	6.823116242522180e-01	2.835490535186193e-01 
37617	8.138386234315278e-01	4.740666698545274e-01	1.715028259006095e-01	9.755855243825453e-01	1.401975349775827e-01	6.053195576078373e-01 
37618	5.747625769822960e-01	3.897694119399655e-01	8.873295196934543e-01	3.880307658666018e-01	6.763559136391601e-01	4.951785893230353e-01 
37619	2.718501608779533e-01	4.694076651531724e-01	1.951596933974324e-01	5.961721858415490e-01	6.059389829243045e-01	7.761446598397028e-01 
37620	5.431640024252034e-01	7.196857568588774e-01	4.821873559829662e-01	3.137419312061522e-01	4.738598944316652e-01	5.720201660755209e-01 
37621	3.950438578336331e-01	6.650865817878808e-01	5.644938563796696e-01	8.234134588325266e-01	4.737164957102183e-01	2.794239943305017e-01 
37622	4.725348352358827e-03	2.533629248444985e-01	4.316049480062726e-01	9.538324641643460e-01	3.223222582827597e-01	9.265340248584167e-01 
37623	9.454988184280708e-01	2.169956696760604e-01	9.014781251307724e-02	9.857271368507806e-01	4.774663548525563e-01	1.969669723190867e-01 
37624	8.573872138971868e-01	2.418980392681878e-01	6.103747394604004e-01	7.331462051088353e-01	3.127806423068313e-01	5.531371429915246e-01 
37625	4.990800922215475e-01	2.579181389907792e-01	8.151837280582476e-01	2.655922313213919e-01	4.409015305635233e-01	7.881508844628956e-01 
37626	5.273488476001951e-01	4.030862290290760e-01	5.746641735583052e-01	6.769505656600432e-01	3.650408082582117e-01	6.971022238735129e-01 
37627	5.585148383491164e-01	6.329798976952333e-01	3.208216675884258e-01	4.279092814574547e-01	8.618179913090390e-01	1.539800838366102e-01 
37628	7.456705169191995e-01	7.448172486807308e-01	1.908806535635530e-01	2.711450379434468e-01	5.286433526639522e-01	6.182707593509056e-01 
37629	1.802765877608956e-01	2.838087364356235e-01	9.157168640939637e-01	1.691668087047180e-01	1.991109155294766e-01	8.428052951567204e-01 
37630	5.424564081260832e-01	9.372764778900295e-01	1.435981670227070e-01	2.146733395291264e-01	4.117484554672490e-01	6.312180931838045e-01 
37631	8.492843905002390e-01	6.653367249954336e-01	6.559377794952463e-01	4.232504090631562e-01	5.499810432031014e-01	3.311511893989117e-01 
37632	7.325954296180143e-01	2.907575311050868e-01	9.456896620349506e-01	1.607531737586121e-01	5.884879949505994e-01	7.222665738738892e-01 
37633	3.120005823960009e-01	9.274971490026034e-01	3.703673137310688e-01	5.757404107084299e-01	2.792866751768762e-01	5.562509220710967e-01 
37634	3.051874859223938e-01	2.732520356027874e-01	6.709850191603928e-01	1.105024160400641e-01	6.105085432987050e-01	9.254376812162313e-01 
37635	7.162948250666099e-01	5.667997681664214e-01	9.449873259627267e-02	9.420348488640973e-02	6.927784430836901e-01	6.483029692495283e-01 
37636	8.627330067635127e-01	6.361137776139842e-01	4.948245551067956e-01	5.205887770383666e-01	7.850492654577832e-01	3.611297524368636e-01 
37637	6.770443907284224e-01	3.649277825803438e-01	8.609738729503982e-01	2.873726352283146e-02	5.204048516219713e-01	6.542061206590805e-01 
37638	4.226903996731143e-01	5.037813652660084e-01	7.716938997254912e-01	6.678418930748670e-01	5.276619869796269e-01	2.691516115623211e-01 
37639	1.072436048907903e-01	7.888214397001038e-01	9.008259124249213e-01	2.441828270738707e-01	8.126160676789653e-01	2.207480026118992e-01 
37640	5.218644477447487e-01	1.140344684337268e-01	6.361575811884292e-01	4.249214310582440e-01	9.964937461494571e-01	3.423590513578086e-01 
37641	7.389048030148807e-01	1.603536638201253e-01	2.220951682442077e-01	7.852904922979336e-01	2.019379803531564e-01	5.795568377347370e-01 
37642	5.023256455732169e-01	6.127677186077831e-01	7.685695141381845e-01	4.786101973464455e-01	3.976755364845793e-01	3.357667531505444e-01 
37643	8.710471184804779e-01	6.266730109338166e-01	5.211932062678104e-01	1.226404624109220e-01	2.540840391727681e-01	2.447027366524380e-01 
37644	7.669228092189104e-01	5.371676220119410e-01	2.732538909843688e-01	6.939741840994995e-01	9.228203234596047e-01	6.508364511048687e-02 
37645	4.623799574373171e-01	3.665234277612840e-01	8.830926493967501e-01	2.131478948926550e-01	4.085102229102516e-01	7.944199628036078e-01 
37646	3.571134330554554e-01	1.359399801787445e-01	8.129954349417703e-01	2.333030920107765e-01	5.586377094656155e-01	6.063016077515646e-01 
37647	9.202112711715001e-01	4.086816723377565e-01	5.740416964228693e-01	4.369771079270094e-01	4.547579667586688e-02	9.311982937086353e-01 
37648	9.151603310938305e-01	7.230452719834042e-01	2.564652983416000e-01	5.264135862146117e-01	6.427100121874648e-01	5.656435266983195e-01 
37649	3.100176145275186e-01	2.605784933343352e-01	7.123152136583478e-01	6.893528757197841e-01	3.978554556239975e-01	6.753762119760066e-01 
37650	3.798546393496063e-01	8.604752721323041e-01	1.556064385808532e-01	5.062292229582221e-01	2.934366062662676e-01	3.761997606089622e-01 
37651	5.477678531071813e-01	6.395204395644456e-01	7.133885142787826e-01	6.957525891299362e-01	3.313659198115271e-01	1.100002569002121e-01 
37652	4.740181210822336e-01	2.859327780081559e-01	6.357447300339408e-01	3.732125026905121e-01	3.304985572596507e-01	8.653872352677865e-01 
37653	3.879737263828417e-01	7.292029140560404e-01	8.982614743688083e-01	3.509626385148995e-01	3.253562247530564e-01	5.459392701416983e-01 
37654	7.528542534440240e-01	1.279470115365233e-01	9.813773536241691e-01	2.276142890494662e-01	5.554585344240026e-02	8.155328489771956e-01 
37655	8.483747041080555e-01	5.227874298789317e-01	2.980168413413808e-03	9.678789579547136e-01	2.382498183502759e-01	4.843293262587179e-01 
37656	2.470059729652750e-01	3.038632344983083e-02	8.682242162938413e-01	2.430414310754419e-01	7.262197580100700e-01	9.234977927594231e-01 
37657	6.889449798825413e-01	8.895898658508877e-01	6.236943156726676e-01	5.269169955945232e-01	2.991951505408534e-01	1.188285952991441e-02 
37658	6.157225869770356e-01	6.227850806496718e-01	6.628712185050011e-01	7.292746903206652e-01	2.196578680050927e-01	6.294394136872531e-01 
37659	2.892790267469433e-01	6.436522250556043e-01	9.039577781592216e-01	5.199217729893011e-01	2.718664279779995e-01	3.396734335358506e-01 
37660	5.386742920961328e-01	2.499611211347507e-01	4.728493315772100e-01	5.851154757269440e-01	6.524304905951386e-01	6.691188413725631e-01 
37661	2.307560697407289e-01	7.701606415039934e-01	8.754895148018020e-01	8.230163145789887e-02	4.465299081498559e-01	5.368843608989855e-01 
37662	4.934931910112459e-01	1.542622486961928e-01	5.347749938228327e-01	3.342453204652861e-01	9.526270473959795e-01	4.751445154570185e-01 
37663	3.304550734061629e-01	7.544824612227374e-01	6.875983973767467e-01	3.378493647524357e-01	6.273396008011061e-01	9.021930703758785e-02 
37664	3.898824448605904e-01	6.875284344486986e-01	3.878142451041577e-02	7.675964879037116e-01	5.001737647144204e-01	4.745115676028382e-01 
37665	1.914397463775986e-01	7.087226927253035e-01	2.901060250256203e-01	9.079783947433188e-01	7.395187015153906e-01	2.342037881178933e-01 
37666	6.105032989206318e-01	5.700432763210468e-01	6.968005677324783e-01	8.986149110387527e-01	3.708236131147609e-01	6.496533287889678e-02 
37667	8.889843194167959e-01	4.919826231367656e-01	5.869149481110851e-01	8.252497240095785e-02	9.527427381670381e-01	2.513770555773148e-02 
37668	3.740337062811998e-01	6.421783351740513e-01	8.297237343591963e-01	4.460009632942121e-01	4.547903901775135e-01	3.108516587631500e-01 
37669	7.759231769553735e-01	9.005869478197870e-02	7.440548605428716e-01	1.049187553912969e-01	7.971297398507232e-01	8.380966844799940e-01 
37670	2.750899979071338e-01	4.615481381477116e-01	2.278421888111741e-01	6.610229357533741e-01	7.328384622223072e-01	5.109850435613776e-01 
37671	6.868886374187672e-01	6.558857931482801e-01	4.198735382315113e-01	2.687628962646742e-01	4.096808898241214e-01	4.463543161979077e-01 
37672	4.113745358455152e-01	9.515226116779867e-01	2.678130146743168e-01	1.955444555525893e-01	7.300823663551863e-01	5.804970354039380e-01 
37673	1.826089856530676e-01	3.647966907853805e-01	7.630700447445122e-01	4.378994209898174e-01	4.041186940344088e-02	9.448498809332588e-01 
37674	5.165072555972783e-01	4.322990979057861e-01	8.354772789336429e-01	2.717341415654242e-01	6.753296441753407e-01	6.673495052612521e-02 
37675	2.106079694692178e-01	6.160983734938807e-01	3.259976091411317e-01	8.643632724101630e-01	4.026790015428686e-01	3.763199561640553e-01 
37676	1.798971746180262e-01	7.220026037733476e-01	9.576582341872457e-01	2.020419176168969e-01	3.401809417641873e-01	6.847242545214763e-01 
37677	4.502528642731465e-01	9.112367677152323e-01	1.115270176207477e-01	5.896290845975107e-01	6.476421290320347e-01	3.444121152480167e-02 
37678	9.983859299751546e-02	7.594141914894389e-01	1.974163899287995e-01	7.840458358545477e-01	6.336070384669279e-01	7.044437045136962e-01 
37679	7.075627229191064e-01	8.993926724075798e-01	3.635133394858716e-01	6.622446601702094e-01	2.939713361741094e-01	3.904571887368679e-01 
37680	3.653613594189473e-01	8.177810493983800e-01	8.358382314863656e-01	4.706322513704723e-01	7.631365320704163e-01	5.538776599679676e-01 
37681	4.727871640405368e-01	3.678719283302902e-01	6.766723161729378e-01	3.457499096092831e-01	2.257709551460157e-01	7.018713549679878e-01 
37682	8.859086683994185e-01	6.911256950144298e-01	3.379828465351348e-01	3.166433044665843e-01	1.986477996216137e-01	2.299654594003127e-01 
37683	1.991036918319299e-01	8.935248938811936e-01	2.094967218793361e-01	6.678065034142833e-01	4.334846551575868e-01	5.184135361341697e-01 
37684	3.718716905146998e-01	2.172114448524117e-01	3.124557587865174e-01	5.672005626614079e-01	7.242677210951658e-01	6.819680379080528e-01 
37685	1.904868373570129e-01	7.178404200345962e-01	3.254442418566852e-01	8.077757386290216e-01	2.764094393974687e-01	6.514487243254632e-01 
37686	5.243388159149792e-01	8.403744930252378e-01	2.892669555763295e-01	6.352285974491787e-01	3.377305544408817e-01	3.882613652364120e-01 
37687	7.454548152949524e-01	2.099837139177276e-01	7.025261353797122e-01	7.254262391854700e-01	3.547162326530563e-01	2.312680076630195e-01 
37688	5.716058502821451e-01	2.517431850681072e-01	2.010684826603401e-01	6.229481585537484e-01	4.364676304666298e-01	4.781996946806365e-01 
37689	5.367390839895356e-01	5.199489533697239e-01	1.648320160480930e-01	3.474259426608197e-01	2.085959577256810e-01	6.799454847589210e-01 
37690	3.878599316699390e-01	6.607594248057886e-01	7.979040294524895e-01	7.600445924238100e-01	2.589835323461493e-01	6.374520022780499e-01 
37691	6.261755422493314e-01	7.749763132400482e-01	7.182429833662035e-02	7.898635164119872e-01	1.643180735609109e-01	2.347799627982219e-01 
37692	2.409260341225248e-01	7.612624507525008e-01	5.964817260128039e-01	7.969957961886740e-01	1.808540495180865e-01	5.154648870514097e-01 
37693	4.411906041715263e-02	6.187523050737668e-01	5.271189508792442e-01	8.287651280522457e-02	7.366708217035187e-01	6.359122044372670e-01 
37694	3.251005515191738e-01	3.861866005781115e-01	2.320488139329306e-01	9.678727644885046e-01	3.412988308603609e-01	7.038056319106274e-01 
37695	2.661542771893147e-01	9.803959930514892e-01	3.892231705799207e-01	1.293102323645927e-01	5.881701393158891e-01	7.517505747568829e-01 
37696	4.169798375718387e-02	2.544699275049089e-01	6.826948912969169e-01	8.815897139769859e-01	7.776386168070093e-01	6.301467319626113e-01 
37697	2.585251301001421e-01	8.990286413749650e-01	4.355803683722599e-01	2.931463808702365e-01	8.875007279416909e-01	1.175381242141417e-01 
37698	1.927588463523848e-01	5.420492861830065e-01	8.113100527992866e-01	7.316625366854108e-01	4.559543986622463e-01	6.315606257350526e-01 
37699	7.129421747436369e-01	1.882955564419188e-01	7.075809197170291e-01	2.467776448669899e-01	5.726836973374130e-01	3.837253404078997e-01 
37700	1.865329974677020e-01	7.610897667950260e-01	4.449827570314095e-01	5.252699140013413e-01	5.878458198285527e-01	1.334001759831918e-01 
37701	6.348050368941529e-01	3.343915050192270e-01	2.848557422526393e-02	4.869872757919519e-01	3.913304923084687e-01	8.489817533044599e-01 
37702	4.840906472824965e-01	7.404040283304230e-01	7.820124519679130e-01	7.532815603653480e-01	3.789347464659417e-01	1.123426890730083e-01 
37703	9.369021612930496e-01	2.800573038489067e-01	3.463270675426326e-01	3.913787810337067e-01	6.461541818865264e-01	3.718266573323324e-01 
37704	2.630631560011811e-01	7.261456429416975e-01	5.567655914654737e-01	8.911177653438418e-01	5.339311903431563e-01	5.663761491754040e-01 
37705	8.299913687695325e-01	4.109453661790405e-01	9.305134092675169e-01	1.189122206595659e-01	7.618713601692051e-01	7.391449004326978e-02 
37706	6.132686940323624e-01	8.345944890265904e-01	4.489787805312544e-01	5.641897299831733e-01	4.401804118301670e-01	2.980740812912189e-01 
37707	2.999128786088351e-01	4.346559342717977e-01	1.192913686746594e-01	9.857073266420875e-01	6.923485887923118e-01	1.801039900484851e-01 
37708	2.195438110469024e-01	4.336301108117275e-01	7.551658893890376e-01	5.180373016662052e-01	9.914609601121860e-01	3.595787476245897e-01 
37709	7.240769903997217e-01	1.895339377813989e-01	5.775740790775444e-01	4.241205437110976e-01	5.835939499316984e-01	8.451369304269497e-01 
37710	6.666386761508909e-01	1.669309231664563e-01	8.195058402881986e-01	6.157155784843105e-03	5.918324013113748e-01	8.056302449221175e-01 
37711	1.981838452937968e-01	8.029544535162225e-01	4.745298954642916e-01	7.830498170613389e-01	6.801494782102382e-01	4.078998807390039e-01 
37712	6.882081285055981e-01	6.533787315008921e-01	2.651911947295683e-01	2.460844097730767e-01	8.852277971174903e-01	2.041479902579534e-01 
37713	3.071988857927466e-02	9.450009267420678e-01	6.360004894053123e-01	3.915833354479160e-01	5.615784148393793e-01	3.640109717399593e-01 
37714	1.528014220104382e-01	1.317287660119039e-01	5.871941926279278e-01	9.845832442815404e-01	1.689222617705439e-01	8.496876723322639e-01 
37715	1.235330723937090e-01	8.209399939087745e-01	4.666528691405064e-01	7.940422965181889e-01	1.751334764450986e-01	6.686104526463748e-01 
37716	5.566303008028410e-01	4.144881524462762e-01	6.187209557687950e-01	6.319600014652290e-01	2.384716786508435e-01	2.049204608671407e-01 
37717	3.722874919961072e-01	8.689468747079515e-01	5.482158926231921e-01	3.258691134921968e-01	1.920311376654776e-02	6.926002458647820e-01 
37718	2.870103078005776e-01	3.314379906717310e-01	7.617345244432537e-01	7.294232111548182e-01	6.791467727301563e-01	4.175420415692499e-02 
37719	2.722197957113010e-01	4.177669576421073e-02	8.012064701735730e-01	4.708629510389984e-01	3.869827552766680e-02	5.539265137069737e-01 
37720	6.679083877970970e-01	2.189713785239272e-02	6.623519155074110e-01	3.574228965981532e-01	6.287094895220260e-01	6.753357302636616e-01 
37721	8.434668485580732e-01	4.998829341078923e-01	5.771122421754168e-01	4.337572018567417e-01	7.055762409118692e-01	1.113804547368554e-01 
37722	7.464612613162580e-02	4.055433586683955e-01	6.876816356426831e-01	9.167752832861780e-01	4.170293722696584e-01	6.714203423441013e-01 
37723	3.438766783008960e-01	9.806140279316223e-01	4.693865257493873e-01	2.044651836856778e-01	5.478464159822274e-01	5.796873107029503e-01 
37724	6.686396894683722e-01	2.607984248399238e-01	4.906907884140600e-01	5.783156020806819e-01	3.669971386431178e-01	5.101632070852161e-01 
37725	5.094339860353548e-01	4.643633932950780e-01	3.570853624352167e-01	1.513011263524096e-01	9.082288030481407e-01	6.253113021209412e-01 
37726	6.164088118497310e-01	2.448047844779126e-01	8.184975255673353e-01	7.767584521398068e-01	5.120265274801646e-01	3.154258046433418e-01 
37727	6.074149118412805e-01	1.012263786922042e-01	9.402377115176970e-01	9.791661691204175e-01	4.140200697483646e-01	3.185554373012011e-01 
37728	2.612466324618488e-01	8.959498653534561e-01	4.806474073154413e-01	5.436674915124218e-02	7.490530498038453e-01	6.428714188998081e-01 
37729	6.500334480146724e-01	3.055307928762252e-02	6.300232095707001e-01	8.339487619551228e-01	4.286220435920436e-01	5.154198228332829e-01 
37730	7.775706185247373e-01	4.423955759516179e-02	6.587571878552523e-01	2.427368459862156e-01	9.872586230345829e-01	5.756066846897885e-01 
37731	4.022274134610037e-01	1.783018433193495e-01	3.013793419151173e-01	8.860273821602017e-01	4.282787854105677e-01	6.350227776115507e-01 
37732	8.249065815210459e-01	6.525231995279822e-01	7.687991531024401e-01	3.459425702916783e-01	5.627547830435486e-02	3.511863091049882e-01 
37733	4.489107275000566e-01	5.688611150423256e-01	3.805522118480194e-01	6.084618049844048e-01	8.991024531434022e-01	2.904689318496690e-01 
37734	7.603564693251174e-01	8.385586832156344e-02	9.631869996775856e-01	4.505810910489002e-01	2.327573331394494e-01	6.699897158454452e-01 
37735	5.532281848274466e-01	9.031889509648056e-01	4.430599608794762e-01	3.989626886798412e-01	5.232885428291986e-01	2.190387542006512e-01 
37736	9.133170005276696e-01	2.797863479366172e-01	1.377178674084628e-01	2.016946287255840e-01	9.117955594467797e-01	3.806731978050356e-01 
37737	9.257847034720762e-01	4.053775249644346e-01	5.779255593784255e-01	4.705210577035367e-01	4.493468273715436e-01	5.769941330458043e-01 
37738	5.994224436307364e-01	6.461775659257327e-01	3.794588476258171e-02	6.401646219481503e-01	5.276041853724694e-01	4.051168683139792e-01 
37739	5.307301693391798e-01	2.545698632382133e-01	7.279519479587528e-01	7.265940593300897e-01	4.269032972739328e-01	1.463191040045198e-01 
37740	3.775562432378995e-01	5.087443015968285e-01	7.646352976501836e-01	4.250455898278555e-01	4.566131405291940e-03	5.540188804333082e-01 
37741	5.596711277180723e-01	7.438782179347504e-01	3.584836882540270e-01	7.634164529570822e-01	3.487400695416736e-01	7.071280808411098e-01 
37742	5.601882250833257e-01	9.994628066474337e-01	2.367242930216795e-01	5.186028217395755e-01	2.154784824451545e-01	4.433517001373856e-01 
37743	6.320971547571849e-01	4.568239032553296e-01	2.728442953250476e-02	4.147399833903775e-01	5.552659733588898e-01	9.046532478408985e-01 
37744	1.901565003874951e-01	6.664572659201194e-01	4.766498621716191e-01	8.508365141726962e-01	3.430844352276206e-01	6.053029145851602e-01 
37745	1.604236626341089e-01	9.467300006324686e-02	4.683125121633068e-01	6.313493986708129e-01	8.446290733642210e-01	6.261908411997712e-01 
37746	1.456232080450657e-01	4.985606437067383e-01	4.208590086363350e-01	8.391495079087862e-01	4.596972683997821e-01	5.322202060666258e-01 
37747	3.029050180732223e-01	4.588062229084821e-01	5.104145079810891e-01	8.560700904420014e-01	1.190050309206858e-02	7.238746431923235e-01 
37748	1.309302067672953e-01	9.961862195212968e-01	4.272794971677096e-01	3.549518127861639e-01	3.237412297435538e-01	9.487800219551029e-01 
37749	6.267054038265476e-01	8.337519622227137e-01	1.104487976248981e-01	9.471142061605721e-01	4.422891869891666e-01	1.356957986944154e-01 
37750	4.420281688312735e-01	4.086084713621329e-01	3.174179700860298e-01	8.621178714138550e-01	2.540832667811777e-02	6.924958665053611e-01 
37751	1.971604436852011e-01	4.132792217479548e-01	5.850122834788957e-01	4.352975323141743e-01	6.313210832696712e-01	4.478082524532502e-01 
37752	6.530122471352892e-01	5.461555028471783e-01	5.890291338830752e-01	6.266687388966927e-01	3.891777715011210e-01	2.473169672714478e-01 
37753	2.477767377273765e-01	4.482468093717465e-01	5.275400553214096e-01	3.466779564494131e-01	8.301265198253548e-01	4.911408293816135e-01 
37754	5.165846865638476e-01	2.657336530013688e-02	5.578083213293629e-01	4.309348847962824e-01	9.290909406682690e-01	5.040064851015778e-01 
37755	4.928246365684659e-01	6.735354963539175e-01	7.821542577189978e-01	8.241051583006516e-01	5.245890434565685e-01	2.484234008051350e-02 
37756	7.360651035417536e-01	3.051111951060044e-01	5.855361762917883e-01	4.586204045564468e-01	1.810697532888286e-01	6.695543419320151e-01 
37757	5.403730876441493e-01	5.688439411500806e-01	6.987705867597391e-01	2.546042961231028e-01	3.828522547419240e-01	3.603363576456884e-01 
37758	2.786863980048454e-01	3.452680615388006e-01	5.984893952095659e-01	3.419647975700582e-01	6.679763219465029e-01	5.264773170806580e-01 
37759	6.199222999885984e-01	4.753431551163056e-01	6.157627813355391e-01	1.553832125802502e-01	5.370725123129190e-01	7.716593122952373e-01 
37760	3.359981716635358e-01	4.483978600920661e-01	3.317993937387204e-01	6.639731492471895e-01	6.035410493542562e-01	9.192773045399675e-01 
37761	5.727503337683230e-01	4.567767952276909e-01	1.812219796375741e-02	9.018646126293692e-01	3.649770059180567e-01	5.589976390836409e-01 
37762	2.043309856037110e-01	8.972863162828884e-01	7.685316341433479e-01	5.672543806780311e-02	6.642010277647589e-01	3.783927702972201e-01 
37763	5.583755303325739e-01	3.714314890291501e-01	5.292293851394492e-01	6.309246030261078e-01	3.743832120590710e-01	4.363013690084374e-01 
37764	2.362680924286834e-01	7.920619967590581e-01	6.634947470378688e-01	7.758512597056333e-02	4.708057946897299e-01	7.201230965116608e-01 
37765	2.160788270211303e-01	9.845165710519126e-01	6.134578925555129e-02	7.193918135923889e-01	2.579744395090203e-01	8.065274018457481e-01 
37766	6.686930018766277e-01	5.618563591933987e-01	5.401143910646619e-01	5.495705548644567e-01	3.362427556406320e-01	8.433010573237132e-01 
37767	2.006851269130381e-01	6.604648465332540e-01	9.597336844510304e-01	2.373065330832794e-01	7.381748198085492e-01	2.451150692618931e-02 
37768	2.231489081419533e-01	7.550149223096172e-01	5.085416163301845e-01	5.824337707071210e-01	6.733685242863616e-01	2.385194726545822e-01 
37769	4.313805573024784e-01	9.743653660004611e-01	2.451552334261085e-01	8.535329735913604e-01	2.002796813653983e-01	4.256894789940595e-01 
37770	7.583689075848523e-01	1.124121597424391e-02	3.220483163150543e-01	4.274278676592089e-01	9.841216957622746e-01	2.520569107193316e-01 
37771	6.509142895391500e-01	8.427139671291748e-01	1.084111338387737e-01	5.360980867092061e-01	2.803478141146908e-01	3.852021786113543e-01 
37772	1.624529838577209e-01	9.921248279617296e-01	8.337522248170186e-01	5.884116680407262e-01	2.656118106898542e-01	3.738269922929465e-01 
37773	6.659560551671984e-01	5.157841440480615e-01	6.377611942351108e-01	1.252386173059380e-01	7.516795727222073e-01	5.792370099148586e-01 
37774	2.716722741276261e-01	5.997116255762847e-01	3.598454445518695e-01	5.407624293687300e-01	7.336207518789331e-01	5.287506040380039e-01 
37775	3.503955243659594e-01	2.736707709678579e-01	7.845076456413399e-01	4.342274302037329e-01	6.849920285072566e-01	6.710740385346763e-01 
37776	3.735245809589418e-01	3.662584084821824e-01	8.170479812007193e-01	4.050351788224451e-01	9.446403122637292e-01	1.191525749901321e-01 
37777	5.640989612569096e-01	3.899211669319624e-01	5.140636578488882e-01	2.270760176761606e-01	7.767302611294538e-01	2.101577104894637e-01 
37778	4.565515514909333e-01	2.002494759653027e-01	6.725638363608941e-01	4.618499210612099e-01	6.788175409933808e-01	5.922604814271276e-01 
37779	9.218960930940465e-01	1.149194583429755e-01	9.386284005179193e-01	4.913952422884829e-02	4.286044908917246e-01	8.546645959340149e-01 
37780	4.971281176507338e-01	6.526822728675274e-01	7.717410088755481e-01	4.080412452155988e-01	6.029645125595908e-01	3.322439826647791e-01 
37781	8.975003342987644e-01	1.734795004245334e-01	2.183553952979279e-01	6.391387256775162e-01	9.232333635683589e-01	3.067868082553514e-01 
37782	9.839834243004970e-01	2.797379015867035e-01	4.473503998770790e-01	7.420065093873698e-01	1.591883236027758e-01	4.842446644111312e-01 
37783	8.334364069486486e-01	4.242050334895182e-01	6.145438541757282e-01	3.175800528465342e-01	5.171718730080647e-01	2.938333068192511e-01 
37784	4.052471589971418e-01	5.492158192068528e-01	6.372080252314647e-01	7.771445595970196e-01	3.665545133456286e-01	1.806048326732024e-01 
37785	4.639920713365773e-01	6.409380626371962e-01	7.167939501454668e-03	7.390887140985144e-01	3.520600038864121e-01	8.787705823373370e-01 
37786	3.898202158752834e-02	2.725103652717287e-01	7.974419820134255e-01	7.386095570699068e-01	7.211946679075308e-01	5.222013385786181e-01 
37787	5.881211763312036e-01	8.997182726991716e-01	2.858746733521822e-01	5.052485367447049e-01	1.324188281132725e-01	4.255744388317629e-01 
37788	3.321377092619416e-01	6.641985382743500e-01	4.335023275973834e-01	2.076432269450945e-02	4.034411430524736e-01	9.106705463731927e-01 
37789	4.164001875220327e-01	6.691979644034932e-01	5.806288444779183e-01	8.016148022368083e-01	7.109810945583386e-01	4.154178590436419e-02 
37790	2.113301895614059e-01	6.218135845773601e-01	4.921592129341369e-01	3.267756700835925e-01	8.943135106852451e-01	1.899420084203248e-01 
37791	3.880276049098059e-01	8.320509886534383e-02	4.910921541335859e-01	5.136890561907848e-01	5.271942452459909e-01	4.492463392521212e-01 
37792	4.406091313598935e-01	8.750758631283690e-01	2.250117911595957e-01	2.889074995446648e-01	9.451550813756843e-01	7.971420372576044e-02 
37793	4.352335825749119e-01	5.426395561276209e-01	8.601433172778444e-02	5.072182388287786e-01	9.954326984073715e-01	1.701209947042926e-01 
37794	4.929702953470778e-01	7.356627072817391e-01	2.935906236116620e-01	5.895716591144280e-01	3.229964220630400e-01	2.967102978217697e-01 
37795	3.883382063928583e-01	4.069155264339561e-01	7.118323444279500e-01	5.449678557062881e-01	6.926149197692000e-02	8.537362536511309e-01 
37796	3.839152763489342e-01	3.492096484888143e-01	2.744043240330081e-01	5.796713739580269e-01	9.816633399118180e-01	4.947382143659885e-01 
37797	6.581554284947543e-01	3.729782592757747e-01	3.646890957187825e-01	6.782268462768588e-01	5.737586242720456e-01	4.117131039840277e-01 
37798	7.328168619227804e-01	9.842201946926871e-01	5.283604379788919e-01	3.242531826185455e-01	3.576079072225891e-01	5.440933207926224e-02 
37799	2.318706438203814e-01	1.365805031103157e-01	4.716714578341770e-01	4.575420006740037e-01	6.007582993348070e-01	9.969074325194497e-01 
37800	6.931903200929446e-01	3.646081176164868e-01	4.718968631335331e-01	9.393333867296890e-01	4.487239818075922e-02	6.131451678379196e-01 
