58401	9.072840092915267e-01	2.892076176299551e-01	8.126405236086068e-01	6.394653458127466e-01	6.340220652318217e-01	4.189304483030387e-02 
58402	7.145734660097743e-01	1.096742138618237e-01	2.481237830661073e-01	5.253527615453315e-01	8.230197808910562e-01	7.301483125733229e-01 
58403	7.933541758852058e-01	8.730801567495619e-02	5.354336780252664e-01	4.551121695328096e-01	6.263108167879814e-01	4.207189924051852e-02 
58404	2.466918315551664e-02	8.842096124352551e-01	5.365803778715885e-01	2.217504972074217e-01	7.540405779132959e-01	8.945772658417618e-01 
58405	4.600926425538703e-01	7.979903246851374e-01	5.932861645292484e-01	2.075049237898804e-01	4.286418285093729e-01	7.176769926866672e-02 
58406	8.237125863466205e-01	1.953367419385271e-01	5.832685036643601e-01	4.175181380560397e-01	4.605891308975906e-01	6.601353261444355e-01 
58407	4.193809733522689e-01	9.118564031759069e-01	1.792346001088499e-01	3.311581026037247e-01	7.060092335535035e-01	8.877474157874325e-01 
58408	4.479544161388835e-01	9.741136351302564e-01	1.902769928540558e-01	3.248551426699666e-01	7.506510611068331e-01	3.533715424917579e-01 
58409	6.336599895412984e-01	3.557372049733703e-01	5.645805102219313e-01	6.024878315939808e-01	4.932713634708270e-01	5.316600074785109e-01 
58410	7.368577348377235e-01	1.914359999534265e-01	2.824873640872808e-01	6.244947486052327e-01	9.856897833651288e-01	3.845904073155345e-01 
58411	7.502803323518680e-01	1.923035490872991e-01	8.727311170371277e-01	2.520942970749394e-01	1.794158907113011e-01	8.361682025341521e-01 
58412	7.147281445204920e-01	2.013993884409175e-01	9.066737047311975e-01	1.396978553191557e-01	1.816844864251231e-01	7.202910539757703e-01 
58413	2.947392966475161e-01	6.470712278747695e-01	2.122747143208029e-01	7.165774343911873e-01	7.162218938598912e-01	4.970753127642334e-01 
58414	3.381487764000443e-01	8.935223436286741e-01	1.719783373912278e-01	4.201654944829762e-01	3.833368824740124e-02	8.366443064671640e-01 
58415	1.994723348314383e-01	2.062777692037824e-01	6.948497671733954e-01	7.249878514401779e-01	5.281556939255284e-01	3.740094884050743e-01 
58416	4.595094548814003e-01	5.078894183097014e-01	5.100237085121695e-01	1.509165811712847e-01	7.049386952212172e-01	1.928235307684934e-01 
58417	7.742089195015180e-01	8.257124519060314e-01	1.320769129574118e-01	7.154881128926657e-01	3.197241634526080e-01	5.818498108540291e-01 
58418	7.468163485134689e-01	2.566685500926015e-01	3.345320906957014e-01	5.126434590315908e-01	7.717508388254463e-01	3.500934941845318e-02 
58419	4.537143281863505e-01	5.625551380979340e-01	6.367503345755764e-01	4.350122097031860e-01	4.456934627780137e-01	6.453769774049339e-02 
58420	3.057156406813540e-01	8.633886696203071e-01	5.915021363487053e-01	4.711774285998332e-01	1.575125476875566e-01	6.598537647237190e-01 
58421	6.656029315450490e-02	8.251299960927321e-01	2.837348082975943e-01	2.873252947692967e-01	6.944142539528246e-01	5.460504178429162e-01 
58422	8.861611339263925e-02	9.928519607830426e-01	6.232171470818946e-01	4.270443836345054e-01	5.516572304342501e-01	1.343802161030476e-01 
58423	4.992604279761013e-01	2.946974885094594e-02	8.357080832159146e-01	4.878652928646081e-01	3.686264439103906e-01	8.672959760618227e-01 
58424	3.745400630955859e-01	4.547440716608618e-01	4.831251452248880e-02	7.347111988375152e-01	4.571105226039245e-01	9.562184123940891e-01 
58425	5.301643377530834e-01	7.353114444159965e-01	8.955093388739765e-01	2.157216517423826e-01	2.947190315840235e-01	3.810016209370269e-01 
58426	4.094060297442075e-01	1.030774384350339e-01	9.221908721504088e-01	1.695969204313607e-01	6.387586046850499e-01	7.953193078363749e-01 
58427	6.699048931648059e-01	4.053296536794919e-01	5.094631301288897e-01	7.760087027626043e-01	4.750215052774511e-01	1.271492813105293e-01 
58428	4.917801179605182e-01	9.519043128211739e-01	5.329094629079018e-01	1.256654147918695e-02	7.633513460094946e-01	2.653299067216653e-01 
58429	2.653104363264162e-01	6.314478511010970e-01	8.303262174480500e-01	5.895474868616132e-01	1.452970039163266e-01	2.258646093471128e-01 
58430	9.998587966216026e-01	1.052196077992162e-01	1.157465665243351e-01	9.191191584419635e-01	4.810693743048339e-01	4.417882029419527e-01 
58431	7.018122975607703e-01	9.497166586905538e-01	5.882031391997196e-01	3.323298295720736e-01	4.514217569247287e-01	3.748487009812906e-02 
58432	4.101212643281353e-01	7.474365926044434e-01	3.078768803104578e-01	1.587469116293608e-01	1.384783588481817e-01	9.404049589715751e-01 
58433	4.708782312493366e-01	3.104897278248853e-01	9.513321149257196e-01	2.178932967323127e-02	5.089310110273463e-01	9.330899818231200e-01 
58434	9.421111373666483e-01	5.900883131363555e-02	5.307136288097243e-01	4.039989277311883e-01	5.139138913895289e-01	3.751207743337096e-01 
58435	1.694309497311787e-01	6.456437405458031e-01	3.129889089780824e-01	3.916750736510888e-01	4.526790156058970e-01	6.069860187004408e-01 
58436	9.299174511492387e-01	1.858683074952482e-01	7.519809885877367e-01	1.900845264508002e-01	2.801162083559932e-01	6.473497768169243e-01 
58437	6.585000107781963e-02	2.927026621266099e-01	2.389703899745958e-01	9.397476901035537e-01	3.097882529607964e-01	8.601574273236440e-01 
58438	9.201803867340091e-01	1.548933297757427e-01	4.449926254617070e-01	3.649151347121577e-01	4.854604206261562e-01	7.426786541968068e-01 
58439	6.412707329185451e-01	7.667947204215809e-01	4.528947611635549e-01	5.551465422710222e-01	4.375774967704853e-01	3.699030950340493e-01 
58440	2.929247442252995e-01	2.138113552356872e-01	7.070941459958864e-01	5.100166558120057e-01	1.792285911946656e-01	6.692843221115650e-01 
58441	8.161828536776224e-01	8.443860382228797e-01	1.349566771195065e-01	5.538612360629047e-02	4.727726838866435e-01	7.553012538255973e-01 
58442	6.021853931036053e-01	3.038322341484407e-01	7.231738274410245e-01	6.555300341560140e-01	5.371020200037966e-01	8.139390685047105e-01 
58443	6.258908151703393e-01	9.978037114129887e-01	5.569578118471327e-01	7.274779734064127e-01	1.431643896319582e-01	4.307546377408744e-01 
58444	8.652074452232419e-01	7.399459933318153e-01	2.025849646811845e-01	5.552018367887503e-01	3.355278851246526e-01	5.738502811241137e-01 
58445	1.467975508465185e-01	1.353667771629742e-01	4.728229703745812e-01	7.848716451045918e-01	6.472772119307295e-01	7.616634828672105e-01 
58446	3.495959363644774e-01	1.510296472236255e-01	4.359324740417161e-01	6.704501732630744e-01	3.586506836861654e-01	9.400775110357347e-01 
58447	5.580830564351783e-01	3.125638012050222e-01	9.583115170323505e-01	2.378769148342363e-01	3.664304911524511e-01	9.943582754228061e-01 
58448	9.372841992144927e-01	1.814898791389625e-01	6.477218928965959e-01	6.189383404235864e-01	1.831374365789215e-01	3.042861832239270e-01 
58449	6.206029896554731e-01	7.922796875830940e-01	6.982955586968800e-01	3.259337980275868e-01	6.625687477077946e-01	3.688747717815414e-01 
58450	5.282274984373793e-01	9.601511786265718e-01	2.885669545010694e-01	2.663361549737370e-01	4.437119965210798e-01	2.441569168271924e-01 
58451	9.742002022451006e-01	2.651956591646649e-01	6.421517591460861e-01	5.712533012439023e-01	6.368105463549947e-01	1.465612135131742e-01 
58452	6.909918137671345e-02	7.291289070683084e-01	7.602801304505049e-01	4.411912311900547e-01	4.025393496516185e-01	7.974844911009722e-01 
58453	6.288969336360126e-01	7.907568963568608e-01	2.339554354330973e-01	3.087396834144912e-01	8.246992980065536e-01	4.537468652472658e-01 
58454	1.232906747178730e-01	3.173012108054307e-01	8.050447019094035e-01	6.429993678652651e-01	6.541717403750152e-01	4.712496379147083e-01 
58455	9.667391180397943e-01	6.266611634212771e-03	7.465289712165465e-01	3.970024731518818e-01	4.676324775539514e-01	5.529304096363498e-01 
58456	8.160920499377604e-01	4.248646042705874e-01	1.283267524600398e-01	6.852721492318616e-01	6.638507581187965e-01	1.352950330487680e-01 
58457	4.011111693850093e-01	9.099296330517384e-01	3.247559974009799e-01	3.343130262218539e-01	7.732122373388918e-01	2.333423152476660e-01 
58458	2.504455314526011e-01	4.771264250567886e-01	6.030210476601687e-01	4.077163920979796e-01	7.868875062071132e-01	7.127137080269619e-01 
58459	2.994847995429824e-01	4.683374978922442e-01	8.259553467991571e-02	3.600420185915307e-01	5.861035394398568e-01	8.202095356218778e-01 
58460	7.316854306821201e-01	2.314176324851723e-01	3.928904869416902e-01	7.241085705221946e-01	6.302846934238376e-01	8.328349427585924e-02 
58461	3.659165377055221e-01	5.918882135425130e-01	1.616499141669032e-01	4.803369876131661e-01	6.908168189645423e-01	8.911818246624046e-01 
58462	6.718928446502226e-01	9.943283641349564e-01	2.735093692017965e-01	7.565324040448101e-02	3.114312200983949e-01	5.320709461958330e-01 
58463	4.909988618357330e-02	5.066621898146036e-01	8.422343588739406e-02	9.248098639978432e-01	8.630790816346479e-02	8.169423898534262e-01 
58464	3.250881947149603e-01	2.751892512679910e-01	8.727790043621463e-01	2.624190600628709e-01	8.207465606517986e-01	5.940179707914104e-01 
58465	6.990875697033019e-01	4.418598997066985e-01	1.083453459227355e-01	6.532334788534548e-01	4.497934862843533e-01	1.534151130254810e-01 
58466	5.140241400626195e-01	5.192508666519660e-01	1.919743794551040e-01	5.389826603029740e-01	5.750322909430234e-01	7.990880974981054e-01 
58467	5.578196200346996e-03	5.347658005342519e-01	7.851707223511055e-01	2.919944136306923e-01	9.991892591643593e-01	5.377584641532210e-01 
58468	7.104811126049071e-01	7.256880838434461e-01	1.062364431877285e-01	4.288497407852188e-01	9.656667039956263e-02	8.777683583712030e-01 
58469	4.819099878689773e-01	8.821453908817167e-01	4.235562402858521e-01	5.978021442525984e-01	4.844090581959992e-02	4.745293950610355e-01 
58470	2.278188520100615e-01	5.903158710187388e-01	7.435128047769092e-01	6.875657316646346e-01	4.698693920812030e-01	5.680491611220413e-01 
58471	4.455587013905379e-01	2.492143818469128e-01	7.090467835070045e-01	8.821812881066318e-01	4.556199357027286e-01	1.966904434198814e-01 
58472	8.113329619437726e-01	1.290612122384699e-01	6.754003642819519e-01	6.288091996078897e-01	5.847745243070788e-01	4.432022138762634e-01 
58473	2.313703450068484e-01	6.936669504956076e-01	2.653146927219997e-01	8.345354205902826e-01	8.400882591411175e-01	2.203248982467789e-01 
58474	4.180748609002803e-01	5.790700737199739e-02	9.600314931813104e-01	4.819162790391454e-01	4.298061243602025e-01	7.842644606882458e-01 
58475	6.008399363146937e-01	8.802533369553239e-01	7.914990578899486e-01	5.427372773886928e-01	6.680473997605022e-01	2.297086233971646e-01 
58476	5.602387515080907e-01	4.710566357679546e-02	8.958037137907254e-02	8.361431110604646e-01	9.103665152508219e-01	5.265117336877736e-01 
58477	8.189339290359015e-01	7.131548965009364e-01	3.756673183080681e-01	2.325219373209194e-01	2.845583664003443e-01	9.324549560595925e-01 
58478	4.983789570943805e-01	5.265133100738301e-02	7.445371220242651e-01	5.944404836974062e-01	2.669285650347700e-01	7.699525025691225e-01 
58479	2.901234122948985e-01	7.144552218452035e-01	1.828018708327439e-02	8.061840146368194e-01	7.856583748003533e-01	6.036601224537136e-01 
58480	9.061322161044545e-01	5.357461528860942e-01	1.949215433473983e-03	7.698775089201415e-01	5.888942444624279e-02	3.800176862456224e-01 
58481	3.817480229464631e-01	8.570476105671101e-01	1.503344205525350e-01	5.997347560975799e-01	2.603125689528780e-01	6.099264567041686e-01 
58482	5.836159815246704e-01	5.255122720628719e-02	5.662645234927624e-01	2.473919285825409e-01	8.074063649271883e-01	9.682010465479590e-01 
58483	7.261195558001453e-01	3.173933963387235e-01	2.129511653112393e-02	6.475083379718338e-01	3.669084626120243e-01	6.477494034866764e-01 
58484	4.693693173472660e-01	5.771145402192075e-01	4.396316968024620e-01	3.986303570478533e-01	1.980556241140239e-01	3.712295194260403e-01 
58485	4.821051039226727e-01	1.405624333674577e-01	4.874778040375634e-01	5.636871279887566e-01	8.219291432977295e-01	7.520123569307440e-01 
58486	9.968008281821094e-01	3.373285735981268e-01	6.063496337450820e-01	1.350296223000508e-01	4.761759411146028e-01	4.105667046435284e-01 
58487	1.087463120015562e-01	5.525584653124149e-01	7.451280423025136e-01	8.695063520562080e-02	9.737927174979646e-01	6.629201128787896e-01 
58488	7.056761551140640e-01	2.074452081379550e-01	6.050836068695162e-01	3.330025660528316e-01	5.067185974035011e-01	4.457975680722805e-01 
58489	3.720307814798796e-01	9.574484187559222e-01	9.313216328226858e-01	3.725414143792981e-01	7.260006770082479e-01	1.029529212694331e-01 
58490	5.818810450246321e-01	2.356208710301137e-01	3.448627986165173e-01	4.662790835463710e-01	4.958794194366485e-01	7.127814611319399e-01 
58491	7.294036708818061e-01	1.442707231535756e-02	4.094041093726488e-01	9.051459257017628e-01	9.153925761520795e-01	1.196439022247258e-01 
58492	4.443050747610423e-01	6.790685696116627e-01	2.695912523090863e-01	8.970839813450759e-01	1.701904644793807e-01	3.690692227710362e-01 
58493	6.959797893029211e-01	1.559730341771770e-01	4.751323185510891e-01	6.759191717287760e-01	9.516417517474585e-01	5.112988798232841e-01 
58494	5.894750113433200e-01	7.826247908808304e-01	5.789983459588310e-02	8.837038406851956e-01	2.369765837831648e-01	5.629791446110222e-01 
58495	6.287399018705934e-01	2.816294602873684e-02	6.586526770685750e-01	7.895746953249538e-01	9.357223666187657e-01	5.777477727957949e-01 
58496	8.260408276708908e-01	2.524973320052879e-01	5.200808333469648e-01	7.530792032524033e-01	2.989479267699235e-01	1.786328803070519e-01 
58497	7.999732744533214e-01	4.295802696989062e-01	5.551015106723667e-02	8.287238492326831e-01	7.971967453628603e-01	3.109139272917705e-02 
58498	6.718711271963091e-01	1.908966880545981e-01	8.443373614140488e-01	9.081487931404338e-01	5.119183221624721e-01	3.162390312476754e-01 
58499	6.538470791592823e-01	8.524618968396536e-01	6.045602007026502e-03	7.983412641590153e-01	8.229556338213282e-01	7.153786986299515e-02 
58500	8.213800957241796e-01	7.319246155510800e-02	4.909359630701802e-01	8.208259962709635e-01	2.725989305937920e-02	6.085157281674931e-01 
58501	1.936271314835329e-01	6.857516850975680e-01	1.968105379074020e-01	6.938441911112956e-01	7.028677499380701e-01	2.130769128680181e-01 
58502	1.080326042277707e-01	7.322342862220793e-01	8.759257826471377e-01	2.235338226958466e-01	7.301427482750156e-01	4.397700000208847e-01 
58503	7.210167327086687e-01	4.559390669759925e-01	2.183763557125809e-01	1.028267059380655e-01	8.565787524866884e-01	2.696196933328557e-01 
58504	7.635039309975539e-02	5.051783766416980e-01	8.858912647310022e-01	1.735060218007445e-02	3.473763346492908e-01	8.845010923050636e-01 
58505	8.249470418234131e-01	1.194724301687129e-01	2.972297415529458e-01	4.728018716331807e-01	6.348252128117728e-01	4.774462237298343e-01 
58506	5.054067240149337e-01	5.353616785532447e-01	3.386805383540670e-01	8.065484333544697e-01	9.105383935682191e-01	1.333967025092859e-01 
58507	5.482334201183704e-01	5.398644853878451e-01	1.395963939740202e-02	5.384573196996822e-01	9.489178864149351e-01	2.916292889154265e-01 
58508	2.986269884537897e-01	8.100503762732680e-01	7.783563697534976e-01	6.122659743571005e-01	1.327275865902593e-01	5.459119465233885e-01 
58509	9.038215641878576e-01	3.805116815598774e-01	7.758791671479527e-01	3.612250785085385e-01	8.831599073777290e-01	1.056775867718699e-01 
58510	5.530273256508991e-01	1.036155480652375e-01	6.564740106387483e-01	5.052541502769878e-01	4.321680918117476e-01	9.172869560755543e-01 
58511	7.937626672210374e-02	7.548605926800946e-01	6.040179604354874e-01	6.285445786294568e-01	1.654761559238237e-01	3.489550620766804e-01 
58512	6.585142709832857e-01	4.147479526188029e-01	6.561910443495961e-02	3.702707779682414e-01	8.499626110622053e-01	4.306448720773534e-01 
58513	2.961456973238331e-01	5.886199522125679e-01	7.827969132064325e-01	3.769510497246367e-01	4.996151839261747e-01	6.934676941373962e-01 
58514	9.909534848106958e-01	4.418734689945926e-01	6.832295035137823e-01	6.055448034332128e-02	5.376054144514490e-01	2.362757048810869e-01 
58515	8.175111260671020e-01	6.110296084550384e-01	5.390316000720314e-01	1.957993293710689e-01	8.999765186982379e-01	2.527913461280066e-01 
58516	6.047943246937062e-01	6.844025978723769e-01	1.440816137265020e-01	2.330856508558120e-01	2.293989892378017e-01	6.672495618896144e-01 
58517	4.732419916289468e-01	4.896691598060884e-01	6.807223193062699e-01	4.223329377424220e-01	5.377452630207246e-01	7.726835893531510e-01 
58518	5.869469352312866e-01	6.171104777306621e-01	7.211822522041168e-01	7.347222320762214e-02	4.015488405522361e-01	5.316588022405926e-01 
58519	8.395703181692218e-01	3.839178913761775e-01	6.780783961561130e-01	2.738883497391688e-01	3.198878799819059e-01	9.245970038212740e-01 
58520	8.436243232483317e-01	1.616722258762383e-01	2.655167580510190e-01	5.267324441529955e-01	4.771312182132936e-01	4.696651157787839e-01 
58521	6.186356509582318e-01	2.441824798626120e-01	4.890912672399434e-01	4.180068862393992e-01	8.998091970144813e-01	3.134321195357382e-01 
58522	3.952401480366126e-01	3.870746675399229e-01	1.654171955496363e-01	7.058092955817548e-01	7.454627247036438e-03	9.731662697491197e-01 
58523	1.839653465961100e-01	3.101200110926968e-01	2.730717171878734e-01	2.312014365818451e-01	6.142439835881139e-01	4.991992684198279e-01 
58524	1.633405455948307e-01	6.589819331705404e-01	3.948337523294813e-01	6.064752356020364e-01	4.759354647885624e-01	4.268312466469855e-01 
58525	8.633064056972952e-01	4.746330354418356e-01	9.312327774181598e-01	1.680970378564834e-01	8.814594312431097e-01	8.077699575007419e-02 
58526	1.407964937128792e-01	7.303524791305841e-01	4.433055276086394e-01	3.329167077531388e-01	2.968486613889452e-01	6.658889574650213e-01 
58527	3.910989440966731e-01	3.523709843540568e-01	1.683415875880379e-01	5.195085250915135e-01	7.289810022692575e-01	5.635599733870535e-01 
58528	1.781760003858776e-01	4.200025243683919e-01	3.153250678623254e-01	8.641416390074261e-01	7.545674885261077e-01	2.595296138952209e-01 
58529	9.715817920241450e-01	2.217394660108538e-01	4.035918495644428e-01	5.076634155161779e-01	6.379743871855865e-01	6.354136783390345e-01 
58530	2.237188945031809e-01	6.479778916945151e-01	5.555986104104369e-01	2.193945157166715e-01	5.076295716669799e-01	7.349717917149593e-01 
58531	3.081180925267271e-01	5.216912051598201e-01	3.837415540896390e-01	1.400145927300989e-01	8.215140907973190e-01	5.962734061095045e-01 
58532	5.525324350653444e-01	5.014533850532501e-01	5.809692042114600e-01	5.503913717230100e-01	5.352836764385112e-01	6.062363185426931e-01 
58533	6.220837653240271e-01	7.190796574728577e-01	3.747701038000106e-01	8.608723570226817e-02	9.078431330151762e-01	1.931330816167723e-01 
58534	4.834261257488526e-01	5.015118627399394e-01	7.209229631399688e-01	5.217489886262792e-01	8.527124765180899e-01	2.867325849500103e-01 
58535	7.742140472502383e-01	4.524523217112619e-01	2.221463136511816e-01	4.994028609395375e-01	5.273374937328803e-01	1.669094313708956e-01 
58536	4.640323882302763e-01	7.429083081731790e-01	2.279968046924271e-01	4.888314009852119e-01	7.024798537972464e-01	4.816744455736329e-01 
58537	2.371131225153977e-02	2.114494902674458e-01	5.939806662826252e-01	8.236433199555376e-01	4.766870202903455e-01	6.962315988583634e-01 
58538	5.406759596648558e-01	2.182253078960729e-01	9.316675953212536e-01	1.238548306118851e-01	5.724679156677381e-01	8.230482496957086e-01 
58539	2.669630169640114e-03	8.965815340924866e-01	8.516687432362048e-01	5.790098208059208e-01	1.669223227497931e-01	4.499802681771143e-01 
58540	6.431848902677499e-01	2.287368325099866e-01	2.325808991210430e-01	5.363991505470092e-01	4.899663365085253e-01	6.892088182717584e-01 
58541	7.269955594058373e-01	1.918202730653001e-01	7.790984513738035e-01	6.259133351018537e-02	6.146743169223601e-01	7.097759857617041e-01 
58542	3.827788562047935e-01	4.657760366934514e-01	4.042662716941351e-01	3.634914234010571e-01	4.927893848878663e-01	6.581872430584169e-01 
58543	1.548581182052161e-01	4.772800056638009e-01	8.058384480772500e-01	1.818623453973302e-01	9.071449829755723e-01	3.692280309980428e-01 
58544	6.401628363242393e-01	6.617991255912228e-01	2.362410364167823e-01	8.152564191332206e-01	1.545871774821553e-01	4.715111077099401e-01 
58545	3.859326147873354e-01	4.671331453790685e-01	4.119724911844747e-01	3.738176678170911e-01	7.312760512159647e-01	5.432956697940403e-01 
58546	1.359034321803029e-01	2.569530449869006e-01	7.828679362069548e-01	6.238017216520131e-01	6.292184837228852e-01	6.448523968653771e-01 
58547	8.072595145584232e-01	4.285370762925256e-01	3.457182144495067e-01	4.501910061481211e-01	3.743590122521717e-01	3.096289674473617e-01 
58548	6.522006676004177e-01	8.613344566548803e-02	5.630279703974006e-01	7.999464653172372e-01	2.207767445029155e-01	5.404641494832656e-01 
58549	9.676498772893439e-01	4.462381971600985e-01	8.204603824278153e-01	2.709907235883712e-01	2.337959477833988e-01	4.927334676554374e-02 
58550	6.398450256049369e-01	5.592924821097691e-01	6.285385600439918e-01	3.463760767025635e-01	2.044755446736597e-01	3.749565603309377e-01 
58551	4.769163537754600e-01	3.146664442826674e-01	7.216435289644134e-01	4.522413739300940e-01	3.361080612941752e-01	1.048468961837991e-01 
58552	7.238146371606229e-01	6.974264594516382e-01	2.370631368865168e-01	3.147459254226149e-01	5.193528345986296e-01	6.753253471605623e-01 
58553	5.274929573355397e-01	6.483707208759996e-01	5.563326098641840e-01	2.082619218635756e-02	3.616503618644747e-01	8.814223013630283e-01 
58554	7.291935703586789e-01	3.091801611907174e-01	5.505227880339030e-01	4.020381099462238e-01	6.675500362669098e-01	6.947027827131571e-01 
58555	6.139383465555354e-01	5.988178755772421e-01	5.110677770224749e-01	4.919349635137837e-01	1.617612752800794e-01	4.900061964675467e-01 
58556	5.855887049479638e-01	2.467383858227976e-01	5.552680117926011e-01	8.971991634412102e-01	4.407821658965880e-01	5.438437386823318e-01 
58557	8.041254828787625e-01	1.712649994699778e-01	5.484510922433579e-01	5.026032354112209e-01	4.580776325958243e-01	3.752445390164336e-01 
58558	5.819858070414607e-01	7.212813071916573e-01	4.539605300892106e-01	3.913643695235099e-01	2.987372231855062e-01	4.910354044480419e-01 
58559	6.962962970691716e-02	2.864228659530347e-01	5.949451753726983e-01	9.071252409663445e-01	5.729060099952121e-01	4.017917054170713e-01 
58560	1.532474539510297e-01	3.497182554505494e-01	8.640320981802322e-01	9.432771975663473e-02	2.450376808153334e-01	8.817192749255433e-01 
58561	5.677668388994600e-01	3.642066101187255e-01	3.998364368499734e-01	4.419895435914829e-01	9.263741205107312e-01	5.744921399518745e-01 
58562	8.791123659027075e-01	2.666202201580948e-01	2.219507388191913e-01	6.697077922804204e-01	4.744098009168196e-02	2.155576814552622e-01 
58563	6.249688081142195e-01	2.203772042730034e-02	4.790599150564787e-01	1.693397089294885e-01	9.881492698658562e-01	3.663023575248293e-01 
58564	5.620124730697107e-01	7.292664360894336e-01	6.686268988743196e-01	1.727681958372608e-01	6.832216966635638e-01	1.053783769255430e-01 
58565	9.383671684183887e-01	1.399304027020951e-01	6.567882191779645e-01	9.872224267738687e-01	8.551645609073226e-01	5.382037244498844e-02 
58566	5.111731893374004e-01	2.475712632651467e-01	6.874738916711607e-01	3.580415841390855e-02	6.060938052429793e-01	6.453276031326306e-01 
58567	7.273537008119770e-01	6.285253283252075e-01	5.834550916120123e-01	7.720385616233677e-01	1.222307815896030e-01	7.313579510851067e-01 
58568	6.865172273427991e-01	2.095667167566512e-01	3.722048845644225e-01	6.114097859381730e-01	2.435118499126356e-01	6.980159290896092e-01 
58569	9.117803797120931e-01	2.737799565460636e-03	8.296632116399285e-01	5.373594773037307e-01	4.216090999622001e-01	7.758144788506278e-01 
58570	2.714670883573372e-01	3.584308877040383e-01	3.020505791758706e-01	8.796932057484428e-01	2.303570357594918e-01	6.090345381084279e-01 
58571	6.837603139229831e-01	1.480342577694837e-01	6.777426641179556e-01	7.322349713541820e-01	7.502351799319963e-01	7.123208177652346e-02 
58572	2.245443642976585e-01	8.401122464309361e-01	6.050495195343322e-01	9.525547580475882e-01	4.917580329923177e-01	3.158663752729696e-02 
58573	7.442985736805695e-01	1.912600499218358e-01	4.131453006906389e-01	4.069774928996607e-01	8.494621911450365e-01	3.840724938279945e-01 
58574	2.030168803828544e-01	7.624777645644889e-01	6.848079642117559e-01	2.057537611973080e-01	4.145028991158600e-01	5.538750463481593e-01 
58575	3.673270098744194e-01	3.643175224980884e-01	6.047777537888737e-01	1.791059302966890e-01	9.078238545165385e-01	6.115011947788047e-01 
58576	5.653844892623676e-01	8.898130907310091e-01	7.766697417474312e-01	2.206493592870133e-01	2.189655472661007e-01	2.643507246403178e-01 
58577	8.846590494995143e-01	3.280275245570004e-01	1.738149831892756e-01	2.952552740082959e-01	8.399687572492340e-01	4.519032908736681e-02 
58578	3.268272045977157e-01	4.920025238062093e-01	6.459812641572056e-01	6.187420391945208e-01	4.593856239549116e-02	5.812828583725462e-01 
58579	6.171414186296269e-01	8.253400852518415e-01	3.799042772376706e-01	3.134559878786406e-01	9.426667804690718e-01	1.962239224540391e-01 
58580	6.978674795767186e-01	3.694863810245989e-01	2.196551269259718e-01	8.627378098146619e-01	3.922079351198312e-01	3.739033138835641e-01 
58581	6.790540673033142e-01	1.294600815436799e-01	2.992383078872545e-01	3.315574212502884e-01	8.014445710983668e-01	2.797764774559749e-01 
58582	8.135451776263797e-01	9.243422986210654e-01	6.431677063059560e-02	7.888821700548636e-01	4.887938168240708e-01	3.334584463722157e-01 
58583	7.396734558417775e-01	3.387058352774160e-01	2.823779967762231e-01	8.309416895451268e-01	5.984990032269393e-01	2.738787872474818e-01 
58584	5.285893330676699e-01	2.378295367092315e-01	6.343854840679281e-01	4.750267319641163e-01	7.774339965092706e-01	5.196638887679141e-01 
58585	7.440163912148856e-02	3.159694356325614e-01	2.826757885413839e-01	9.873409236977876e-01	5.030576594900658e-01	5.773312830495921e-01 
58586	6.576207095091355e-01	9.672840830074066e-01	2.897233526805929e-01	2.465359321537240e-01	1.442149356195214e-01	6.795324420969185e-01 
58587	5.397811029157615e-01	1.614732773438123e-01	2.655621925123151e-01	5.476678717541872e-01	8.418934443264644e-01	3.325169925202164e-01 
58588	5.799462175218575e-01	1.199421908651724e-01	7.857954812535952e-01	6.105388057410523e-01	1.948098075797582e-01	7.457100068640652e-01 
58589	2.568319176068086e-01	2.433893016885831e-01	9.114040129030347e-01	5.308493832472679e-01	3.747686114040425e-01	7.944708425845717e-01 
58590	5.304942461103780e-01	6.532984490287537e-01	4.113193205243003e-01	4.029152303335648e-01	4.912578859374741e-01	4.793415622226094e-01 
58591	6.832458996398962e-01	3.268621761638692e-01	4.311830079079586e-01	6.280601222479638e-01	3.318723095329611e-01	1.655303705964311e-01 
58592	6.330874273273028e-01	8.023965226648205e-01	4.383372352146502e-01	4.329019663021844e-01	1.714088304555660e-01	6.007862307477142e-01 
58593	7.925934661578415e-02	6.895369684084808e-01	2.271733925520203e-01	4.422079221043029e-01	9.787888526655011e-01	4.965853212919294e-01 
58594	1.933792175958899e-01	9.508334379756812e-01	4.152327810427863e-01	5.206571512618893e-01	7.618977281207417e-02	3.672996920710920e-01 
58595	2.436323142893393e-01	6.864733351761224e-01	2.985800394166871e-01	7.067918852528611e-01	6.871275899662118e-01	4.745152456589928e-01 
58596	3.995399201798303e-01	7.143134389362578e-01	6.845519877348080e-01	1.414457434011905e-01	2.659291049927621e-01	7.195320067949367e-01 
58597	4.995422843899626e-01	8.005676191005406e-01	1.848844882754519e-01	3.729475722442752e-01	8.658244025269686e-01	4.370675136101551e-01 
58598	5.193053352959418e-01	3.965674572087068e-01	1.566320862626427e-01	7.252431450569798e-01	5.427472534180429e-01	7.445832000747241e-01 
58599	5.087583824578821e-01	7.843866873899659e-01	9.030057957383718e-01	3.229496980262155e-01	1.485279176365005e-01	7.365755912536014e-01 
58600	7.938352957800350e-01	2.123143355298174e-02	9.307526947527184e-01	2.339048895923032e-01	7.588069330346604e-01	2.149925244045211e-01 
