8601	8.312008758040670e-01	3.466774450378488e-01	7.204352787352096e-01	9.872991347490466e-01	7.347503385562765e-02	4.237500143775752e-01 
8602	4.520121325038539e-01	1.086804566718961e-01	3.234905324255110e-01	9.022814635112840e-01	1.486234063113039e-01	7.140422022786226e-01 
8603	5.623586872627476e-01	3.076722398557847e-01	1.008152359704345e-01	5.829821363098832e-01	6.598622632590789e-01	3.384609443658632e-01 
8604	1.406728806167979e-01	8.938348448099707e-01	3.117350324995577e-01	5.368559486003952e-01	1.882873002039590e-01	8.444803881066442e-01 
8605	7.221074818938603e-01	3.663110182451349e-01	2.077950620345322e-01	1.000054135678958e-01	7.093208663399723e-01	7.135170205667419e-01 
8606	7.297383431907591e-01	7.734790092329882e-01	5.521536177092201e-01	2.775607385902544e-01	2.844163934623131e-01	7.995185346107918e-01 
8607	6.267290567028105e-01	5.362623765308222e-02	8.144200162795672e-01	2.050383800707485e-01	3.782607384998602e-01	6.566445839999954e-01 
8608	6.972654094081580e-01	1.831601522799680e-01	2.280242871949766e-01	6.696058008278455e-01	5.069636032971788e-01	3.162804960278669e-01 
8609	6.839193743008865e-01	6.378363766436432e-01	5.526480134858858e-01	5.347167438552475e-01	2.790708918158115e-01	6.161870561271146e-01 
8610	9.329069701445077e-01	3.774205469694982e-01	4.943006478111347e-01	6.735927221551835e-02	9.301221889125451e-01	4.117572826152741e-01 
8611	9.395807355621453e-01	5.534362155253980e-02	1.277194438543313e-01	6.886191790090551e-01	1.131745717966687e-01	9.297730531873190e-01 
8612	4.500153338852030e-01	3.801881397742686e-01	4.741486021601138e-01	9.109357614376395e-01	4.687774578968418e-01	6.846089597609932e-01 
8613	1.488290038627812e-01	7.102023303002776e-01	1.310935911415002e-01	3.877686898356575e-01	6.338706324981809e-01	9.588074555090120e-01 
8614	7.835601478138005e-01	6.225157743118834e-01	4.953307317610850e-02	9.767106844560588e-01	2.848391173790704e-01	9.499422629811854e-01 
8615	7.998582626022805e-01	2.502425272934267e-01	2.014213578492020e-01	4.088280499693813e-01	9.527246971647274e-01	4.468737091207597e-01 
8616	8.282952739637953e-01	1.819103283504695e-01	7.555442451589112e-01	3.902355475505930e-01	3.306027011793140e-01	3.807991918687783e-01 
8617	4.009465955534732e-01	8.451531088634031e-01	7.295946809724519e-01	2.538167898869788e-01	5.349183157164186e-01	4.148739505202793e-01 
8618	4.039131500939190e-01	7.326867508823612e-01	4.301331618531017e-01	1.798617516991820e-01	5.397562098830613e-01	5.711308694889153e-01 
8619	7.727715612314032e-01	2.014103319891877e-01	4.065951844450836e-01	9.189428427171480e-01	1.407572090881242e-01	7.142955468957950e-01 
8620	2.385592796349090e-02	4.819589279768516e-01	9.904817975063485e-02	9.162329105436267e-01	6.323387345815700e-01	6.102876704767765e-01 
8621	6.206420938985224e-02	9.777304221017196e-01	5.467056744359302e-01	6.855289113261274e-01	1.236272546976097e-01	9.895626248999321e-01 
8622	7.277404539289385e-01	3.373360546189247e-01	3.993477959984679e-01	5.796333693486266e-01	9.660079979161466e-01	6.718480375444974e-02 
8623	5.300286558676064e-01	1.528401398416549e-01	8.430354355543038e-01	6.955295127769187e-01	7.507783501417051e-01	3.207954590436636e-01 
8624	5.457170772228548e-01	5.953787434631930e-01	6.463081082046067e-01	4.951540657840183e-01	8.262980361096696e-01	2.416185069619277e-01 
8625	5.180109201601174e-01	6.307895463552536e-01	1.111662832229597e-01	5.158192737849657e-01	6.016755465916748e-01	3.400261352756905e-01 
8626	4.987974440776409e-01	6.369196963948205e-01	4.963678758713067e-01	4.426946586190174e-01	6.875035444056224e-01	1.724991160194989e-01 
8627	4.490120390348245e-01	7.774659392525405e-01	5.189651000007376e-01	8.311370016571513e-01	1.559314575006719e-01	1.298940859157315e-01 
8628	1.469653803583039e-01	3.306554130070584e-01	7.841432097373275e-01	2.173890014893914e-01	7.429688259136542e-01	5.598372374228504e-01 
8629	6.949750465875504e-01	2.112957230591333e-01	7.777578143857187e-01	9.367441640523991e-01	6.849331967095613e-01	2.732123854973506e-01 
8630	1.323983790721387e-01	7.331277355869527e-01	9.315470497667983e-02	6.165877028638451e-01	7.836225392434921e-01	7.763001612054684e-01 
8631	6.275877740220629e-01	7.402209871236323e-01	5.147156112350748e-02	6.080476192734154e-01	9.776138356295150e-01	8.179850511603315e-02 
8632	6.851273789176543e-01	1.316540222400651e-01	3.142800551260474e-01	8.264577116195958e-01	3.968971338342530e-01	9.417486025393014e-01 
8633	6.685098402323875e-01	6.543040885983613e-01	3.514703181304395e-01	3.867820723072893e-01	6.155647671812188e-01	3.055715030538871e-01 
8634	2.929949246018015e-02	6.311744242728771e-01	4.708558628550732e-01	6.387808958468441e-01	6.625246191736490e-01	5.339593718512513e-01 
8635	4.327904193157622e-01	7.079058638771571e-01	2.145261290559239e-01	4.464602626162867e-01	7.885518662810200e-01	1.701640396430626e-02 
8636	6.378272603126537e-01	3.499377409049355e-01	7.068403675194388e-01	7.795966639388543e-01	2.805531936901232e-01	2.823767908493041e-01 
8637	3.333688488009461e-01	4.332795164549298e-01	3.078977766117524e-02	7.390508080430093e-01	5.425094956884036e-01	5.328845272152246e-01 
8638	2.147422987725744e-01	6.137526714692746e-01	7.177880546610870e-01	3.401620066902035e-01	7.851846510693297e-01	7.040813556390950e-01 
8639	7.032076724922092e-01	4.217889973381951e-01	9.716564568103084e-01	4.497863969322969e-01	3.234484613193410e-01	4.749757161815046e-01 
8640	9.707994369221966e-01	9.244897688290779e-01	2.231758642651044e-01	3.994943652213215e-01	8.039260076804052e-01	3.610706952107547e-01 
8641	5.150064812137596e-01	4.249965462453567e-01	7.723319144796110e-01	4.061879574189564e-01	8.512360102570603e-01	3.407290910419608e-01 
8642	5.559305426663468e-01	1.362344759961233e-01	6.436934316445256e-01	6.998217911910251e-01	1.304704744287839e-01	4.602281552832915e-01 
8643	9.317217664529724e-01	5.100612020408108e-01	7.016197430038795e-01	3.475184709007646e-01	7.598159426985361e-01	4.443947037352158e-02 
8644	8.309343019350868e-01	5.832812070467545e-01	6.248062225125919e-01	3.259486857283383e-01	5.728806577189445e-01	5.472377876099982e-02 
8645	6.774210687366191e-01	3.979640420492968e-01	6.050575680834969e-01	1.900377019071047e-01	8.630884198233754e-01	4.248147319011120e-01 
8646	8.074948332820127e-01	3.888222587039141e-01	3.550374820322644e-02	3.596401892064826e-01	4.412842359684651e-01	8.069670914769571e-01 
8647	8.013674742201099e-01	3.274560095117466e-01	9.223178687665521e-01	4.355071527026207e-01	3.641439628335623e-01	4.950145132140993e-01 
8648	5.844659047915572e-01	8.693239067952041e-02	9.402831098333757e-01	2.288400316296322e-01	5.554319475028034e-01	3.114871844923885e-01 
8649	3.872252779407916e-01	4.046964186469004e-02	8.283325003426135e-01	7.900440106627565e-02	9.731140085944702e-01	6.815839057210146e-01 
8650	9.526934123836039e-01	5.223266659215985e-01	4.904121049072588e-01	9.909804745228062e-02	4.303906622908537e-01	5.183497418591615e-01 
8651	2.120942554256702e-01	6.486142399230302e-01	7.997504329659030e-01	2.399886637621017e-01	7.810480055567812e-01	5.611191002608819e-01 
8652	1.963259565479175e-01	4.883685514200531e-01	7.836945986645882e-01	8.662851999846828e-01	2.092630077913210e-01	9.608846256860523e-01 
8653	3.451214253809120e-01	1.387692875056804e-01	7.148549909398655e-01	5.916599351885314e-01	1.677743491437634e-01	4.260767387331004e-01 
8654	9.839352211349477e-01	3.191295045564826e-01	9.495637873263790e-01	4.030485069047300e-01	1.169558525349113e-03	6.428910916848802e-01 
8655	7.923394057264181e-01	1.473168935474979e-01	9.717209395757206e-01	5.842256928121287e-01	1.699073011986756e-01	2.248732686256595e-01 
8656	4.010582326935198e-01	2.212397447183564e-01	1.705791723284801e-01	7.273140148404654e-01	6.127643512657497e-01	6.686984445479405e-01 
8657	3.196833293209742e-01	2.474357966937966e-01	6.785366999984749e-01	2.640917915249865e-01	6.541422317382204e-01	5.248965561829598e-01 
8658	6.392811326390347e-01	2.675521495331296e-01	6.165893913815954e-01	6.367507978663534e-02	4.286424608426371e-01	8.093010958987111e-01 
8659	2.862849370454738e-01	8.339073376563136e-01	3.430254338216023e-01	3.868796049643198e-01	9.551977629266829e-01	3.743830006638817e-01 
8660	3.710447500463565e-01	8.406027800330218e-01	5.335124576333079e-01	3.039375489476729e-01	1.455581346023463e-01	3.131018475306377e-01 
8661	4.045054229310462e-01	2.996291575551996e-01	2.106022251282983e-01	8.351936176329762e-01	5.886299133043741e-01	4.146173753061368e-01 
8662	3.835406890500733e-01	6.044685660760412e-01	2.415606878797518e-01	7.916086804829715e-01	2.518275323003915e-01	7.376583915436430e-01 
8663	4.302197351830215e-01	5.202063164095356e-01	6.076379426779057e-01	1.595121923693075e-01	6.165563948112236e-01	5.344352277175202e-01 
8664	6.417897039206795e-01	5.002088839556811e-01	1.901625489011620e-01	2.125530814922590e-01	7.878668007009820e-01	7.643590319073044e-01 
8665	3.091103178332554e-01	6.769511381357995e-01	9.387421436609201e-01	5.851516038374819e-01	2.003782560686911e-01	4.619373456533646e-01 
8666	5.026468137794126e-01	2.241512134160583e-01	7.604997944848064e-01	4.556322601552089e-01	2.489748633351149e-01	5.014175273101402e-01 
8667	5.767430104553146e-01	3.618791799373710e-01	5.119286205645301e-01	5.197917328730595e-03	6.485216746566752e-01	6.019066976925953e-01 
8668	2.675591113832275e-01	9.732090828398429e-01	6.360813465771373e-01	2.085649311835286e-01	8.790284985365250e-01	3.059125953119003e-01 
8669	6.383914823863689e-01	1.327321235416479e-01	8.409072961518360e-02	5.135216277709518e-01	5.551461347396822e-01	4.614843377540005e-01 
8670	3.322227458764354e-01	3.595828966338754e-01	1.364232316929984e-01	2.787566727245346e-01	9.143478233251663e-01	3.678515691375899e-01 
8671	1.512974756523026e-01	4.904263047947809e-01	6.412842644188428e-01	8.685337000835580e-01	7.970241088721314e-02	6.732525632482140e-01 
8672	4.293335433323470e-01	6.136290925484483e-02	8.509116127970883e-01	7.107358489367119e-01	7.717524245361195e-01	2.634424826899660e-01 
8673	7.998656642048685e-02	9.664956738173724e-01	3.182337851451357e-01	2.876962591295259e-01	9.509049877338593e-01	6.679908758104975e-01 
8674	4.464749180263555e-01	1.891235538479352e-01	3.987356278633339e-01	7.962822894772262e-01	8.935521251402584e-01	3.368906100918583e-01 
8675	9.691640246779171e-02	9.209492657953590e-01	7.396378440014042e-01	6.398700348654783e-01	7.180106297566724e-02	4.199642254413906e-01 
8676	9.748217585647658e-01	1.474454219565486e-01	2.151446414065759e-01	4.365192933760315e-01	7.344912513856986e-01	2.660895460430034e-01 
8677	5.311041505448405e-01	3.660165641981388e-01	5.838931011681845e-01	8.713852134855824e-01	6.808580589414918e-01	3.359623459320344e-01 
8678	6.544218994742524e-01	7.385440656399866e-02	6.887164434142661e-01	4.060398209458818e-01	1.651934113656567e-01	8.240580206947533e-01 
8679	6.348601990689497e-01	5.130770968608559e-01	1.887680145800977e-01	1.918471625410101e-01	8.681963558569731e-01	3.441706801755742e-01 
8680	4.034608548832253e-01	5.173308084074846e-01	7.586312758034333e-02	9.486139146954099e-01	3.024737446816606e-01	2.975045400541032e-01 
8681	9.414941857177552e-01	4.709734504229175e-01	7.078552704653375e-01	3.534107725035868e-02	6.007862259007655e-01	3.304420788107799e-01 
8682	7.486948598764291e-01	3.470682082306288e-01	4.432348640139282e-01	4.935960764506148e-02	5.863231220903531e-01	4.141769508740023e-01 
8683	7.138815115181680e-01	1.577599214310466e-01	8.745938466825557e-01	3.179334920363333e-01	5.739058938966277e-01	6.274249426844392e-01 
8684	3.536272440591167e-01	1.365521560809527e-01	7.273059758651375e-01	2.525945609988802e-01	9.539234119197391e-01	3.081366704874603e-01 
8685	3.160405607931611e-01	8.583005186337662e-01	6.245054539936550e-01	4.931058354813148e-01	8.953623425663348e-01	2.089135507067488e-01 
8686	7.175647281512889e-01	3.321745449953818e-01	5.954685756256531e-01	4.207472492605787e-01	6.157913052334990e-01	1.912710404841257e-01 
8687	3.174832742585776e-02	5.990663709847912e-01	7.975807264135646e-01	1.364263037253287e-01	5.358909689341691e-01	9.791737910535397e-01 
8688	3.717639064040790e-02	6.454156076351389e-01	4.399666533405754e-01	3.959614636287464e-01	8.459935284544738e-01	7.322253937737563e-01 
8689	4.753246392388246e-01	5.769167335112073e-01	6.588562321822928e-01	2.184986668852840e-02	6.006178502471389e-01	7.727158343675135e-01 
8690	5.427791375826746e-01	6.149896944389822e-01	3.765100714177039e-01	6.816142066433688e-01	5.353107729553817e-01	2.381825806111745e-01 
8691	5.002606862609598e-01	7.647416873561186e-01	1.768003394564239e-01	3.862582927234615e-01	7.154148989379172e-01	1.761160376339358e-01 
8692	8.370978750689815e-01	6.869926906188548e-01	4.156326489012616e-01	1.081376199064659e-01	3.078999589562599e-01	2.475202358635068e-01 
8693	7.519689661774380e-01	2.823348436237335e-01	2.964314210050475e-01	5.672244626209468e-01	5.265422967701107e-01	4.719954418970228e-01 
8694	2.595516445001517e-01	8.320164816560061e-01	6.747346135476014e-01	2.397665419708102e-01	3.763370025322514e-01	7.161360367303502e-01 
8695	6.925200062453604e-01	4.952889936810839e-01	4.869736458471321e-01	4.218993727337749e-01	8.500541927797270e-01	2.180831326201303e-01 
8696	1.389674532497701e-01	5.324462278500269e-01	5.355355109562188e-02	6.062311500117101e-01	5.563874651847714e-01	8.055758080318717e-01 
8697	3.825896243495401e-01	8.823449120174814e-01	4.341754283377376e-01	1.983719879975296e-01	7.156774795270471e-01	6.128712262243815e-01 
8698	3.642607310330542e-01	8.117042740469463e-01	3.389157747816159e-01	7.803858110044580e-01	1.952782580156145e-01	6.831674870753910e-01 
8699	4.149816460195807e-01	6.215188686366924e-01	9.964257509068941e-01	5.798481043932451e-01	4.838205843555214e-01	3.153650135722826e-01 
8700	6.279686577966737e-03	5.038137629467477e-01	4.902249544103413e-01	9.464735478801862e-01	1.830325855938399e-01	7.800065154278012e-01 
8701	3.910078750776565e-01	7.860446897112057e-01	5.024221628253102e-01	6.005865923843928e-01	3.092739922312918e-01	2.029353083761776e-01 
8702	5.269705529815758e-01	8.815529831261647e-01	4.411790153672798e-01	1.316927957440233e-01	6.808799202879101e-01	6.038094698777781e-01 
8703	2.316668294553195e-01	3.504122475341396e-01	4.964006298589203e-01	6.690549395735692e-01	9.562420700488197e-01	2.321589379440194e-01 
8704	4.402035618489355e-01	5.340048177760227e-01	5.909358402641310e-01	4.326736103549900e-01	1.714962761626033e-01	9.856020173853419e-01 
8705	5.081157177988551e-01	7.736594570957410e-01	7.426283701213038e-01	4.884355758168121e-01	7.120477750248969e-01	6.144399721298194e-02 
8706	8.047915494372779e-01	4.595638377732674e-01	4.229991037599129e-01	4.402770939838714e-01	2.862418017113698e-01	3.052479372183561e-01 
8707	5.392588444090908e-01	7.553851153456179e-01	1.248553456437381e-01	4.948780236588054e-01	4.366816877255201e-01	5.297900311913750e-01 
8708	7.456002651914819e-01	7.991680864845163e-01	8.816552434547947e-02	4.955494188101867e-01	7.582731345891496e-01	3.078803690171673e-01 
8709	4.095704784624752e-01	6.583868542295956e-01	2.869208596105703e-01	7.224989206857437e-01	6.589198281065595e-01	3.835765227191439e-01 
8710	3.968228939234311e-01	9.147981980597265e-01	4.108858197436837e-01	7.784391709200533e-03	1.759563593271831e-01	7.834156100253664e-01 
8711	5.548622055721553e-01	3.175342142699477e-01	2.883806898557501e-01	6.419633629450839e-01	8.340729462729199e-01	1.320222301036396e-01 
8712	5.293634920714139e-01	6.879777927836572e-01	8.912578340551693e-01	4.896091467894078e-01	1.021926044699926e-01	4.597038488955382e-01 
8713	3.041655948056292e-01	5.093212944617102e-01	4.606768083546477e-01	7.281306118600789e-01	3.127696106094278e-01	5.125007315568175e-01 
8714	3.822262591990406e-01	5.760637593773401e-01	5.328776366361381e-01	1.429199635359461e-01	8.332847402417107e-01	2.943440217306504e-01 
8715	8.804950495612910e-01	8.227457104643288e-02	3.604338655005661e-01	8.724239956458124e-01	3.424010907071008e-01	5.126036370794360e-01 
8716	8.298327776336951e-01	2.128075663069908e-01	5.941059335511156e-02	9.559963870486470e-01	4.184715851216528e-01	5.312739690842838e-01 
8717	4.436621236091386e-01	5.904691287870953e-01	5.401684509879593e-01	2.110401697629142e-01	3.554302839287221e-01	5.054393781812273e-01 
8718	1.866763621313429e-01	3.990105480708573e-01	4.370550124408190e-01	4.644978157917147e-01	9.982223707695567e-01	6.364763092166439e-01 
8719	3.065769949010355e-01	9.307821227033852e-01	1.180881233678231e-01	9.838382317984179e-01	2.727440464936586e-01	4.303662738897687e-01 
8720	3.575133895495615e-01	2.121534208676674e-01	6.789873636807318e-01	3.405744700691665e-02	5.802971362571514e-01	7.796623927433579e-01 
8721	3.944700968217542e-01	5.503959587792633e-01	4.823441139025100e-01	4.504600232600183e-01	6.640653013466112e-01	8.166143714755715e-01 
8722	6.446161826939170e-01	1.899144841753425e-01	4.022567415126365e-01	9.284370012693626e-01	3.476506337020314e-01	7.860765179993906e-01 
8723	1.226839487506062e-01	1.544248773754006e-01	9.362076840825920e-01	3.997693765611350e-01	4.534002345721972e-01	5.722860589102053e-01 
8724	6.234776118794876e-01	1.614840073234057e-01	4.616198781505683e-01	1.733434880096030e-01	7.013954846416677e-01	3.942236179777919e-01 
8725	7.507151515999205e-02	8.632477833858403e-01	8.188102305996169e-01	8.598924170294830e-02	5.991386618686967e-01	9.606130845781644e-01 
8726	3.420749767055100e-01	3.515621081504673e-01	7.280325568938328e-01	4.184158259362052e-01	3.539615522091626e-01	9.972939036196639e-01 
8727	7.323047091826492e-01	2.891612931533792e-01	8.257266248810755e-01	1.877760270813817e-01	5.737441020403807e-01	3.289188222824163e-01 
8728	6.992078455775662e-01	8.093367860621631e-02	6.541638845720223e-01	6.139793234038498e-01	5.372498045182224e-01	7.465832031108255e-02 
8729	4.479800063854072e-01	3.950294993703577e-01	7.371854522141078e-01	4.039917564983585e-01	5.556004585934423e-01	9.797824480928266e-02 
8730	2.560524706893494e-01	6.258629668259401e-01	3.436942484931587e-01	6.245614276321401e-01	5.728033971054796e-01	4.312379128561505e-01 
8731	1.963067590891897e-01	6.419139096401245e-01	4.278172448502249e-02	5.747985775456440e-01	4.787418561907490e-01	7.053132446750392e-01 
8732	1.190113727432289e-01	7.274478077328785e-01	4.218021177519440e-01	3.384871911200690e-01	7.570216332638908e-01	5.813201863806889e-01 
8733	5.912422446288282e-01	6.331246382724237e-01	6.797612239436230e-01	4.332563137405431e-01	3.254323781789100e-01	4.478251300261088e-01 
8734	2.948240764068769e-01	7.749312320922318e-01	1.538352390438840e-01	3.990502320118577e-01	5.937185352723569e-01	9.228132715007576e-01 
8735	8.612021622510009e-01	2.632623378822532e-01	5.568683514499680e-01	8.903024382012803e-02	4.385343121705587e-01	8.112282473107636e-01 
8736	3.521595595108690e-01	7.411571570285482e-01	5.623403899949305e-01	1.871312237315743e-01	6.492253972169835e-01	9.311269130846824e-01 
8737	2.301421566424381e-01	7.499219244734079e-01	7.204283225887532e-01	5.529353638533073e-01	2.465633960856719e-01	9.395540525999245e-01 
8738	2.646526855285057e-01	8.607561267444360e-01	3.934110709712072e-01	7.138921814476445e-01	4.624264035506692e-01	5.915575013861007e-02 
8739	1.633560837220581e-01	6.396797815223557e-01	6.529955802851761e-01	8.345269217406837e-01	1.258900444632728e-01	7.720435676188807e-01 
8740	3.678378199474697e-02	7.153138140344208e-01	8.573335096607800e-01	2.175955093008539e-01	9.836390192938610e-01	5.223311200789807e-01 
8741	8.577791652186810e-01	3.382816204424635e-01	1.096040565213754e-01	7.148893352977099e-01	9.653214679755223e-02	6.863817180332286e-01 
8742	1.716517532987070e-01	5.724160165663446e-01	3.600129330635251e-01	8.170086673977902e-01	5.511960293788476e-01	4.151954793284598e-01 
8743	3.516891167321935e-01	2.872211386271090e-01	3.513142283969637e-01	4.489295042103116e-01	1.019166577461789e-01	9.731988222027768e-01 
8744	5.899602342915637e-01	8.245461867626057e-01	4.392693092720712e-01	3.350090810111979e-01	4.074057556018667e-01	7.032467436303514e-01 
8745	8.609016984839402e-01	3.159281172869967e-01	5.792862552473760e-01	6.536388252408231e-01	6.131518925645477e-01	7.651443205418568e-02 
8746	5.488098153832088e-01	9.648876071205714e-01	3.391299732088335e-01	7.762764087786178e-01	6.189137599977246e-01	4.545683233843018e-02 
8747	2.604983253141172e-01	4.041431010588213e-01	6.100283492360612e-01	7.871044450126350e-01	3.949376618550006e-01	9.748354331663229e-01 
8748	6.485419708752380e-01	8.329431819021623e-01	1.508450397644311e-01	7.964237430911298e-01	6.014738079383860e-01	3.263407220696854e-01 
8749	3.750650424033479e-01	2.963747668215374e-01	7.290154900582947e-01	1.826308702836201e-01	5.756591062038215e-01	4.982289565924153e-01 
8750	4.846311499014879e-01	4.093778919455631e-01	2.991682645271158e-01	5.477856137926722e-01	6.230598429771772e-01	5.975965468027010e-01 
8751	6.293293977614736e-01	8.822353133037839e-02	9.818067257078413e-01	6.575338209173559e-02	3.888844397852201e-01	6.477197841998896e-01 
8752	3.725312770264123e-01	5.890355880621354e-01	7.327458749972053e-01	1.290901909772690e-02	7.950209864615123e-01	8.002668397176366e-02 
8753	7.187292725910740e-01	4.229905916837176e-01	2.356554184126614e-01	4.516200541499788e-01	9.657686624397194e-01	2.277829272466626e-01 
8754	7.012803270079514e-01	6.796569734330207e-01	1.391836847230370e-01	1.714039363911083e-01	7.188610417568726e-01	6.836250176479969e-01 
8755	8.296550115544394e-01	4.584425546170969e-01	7.473408524408709e-01	8.916876343967278e-01	1.227857536282932e-01	4.316952300587085e-02 
8756	1.825469869586602e-01	5.971737075651590e-01	9.660971374213456e-01	8.794870861157195e-02	3.307162864380160e-01	7.090032595561084e-01 
8757	7.887705391862613e-01	4.135909836907669e-01	6.734633554277158e-02	7.017863045820049e-01	3.144582801327267e-02	9.113129312331359e-01 
8758	6.159033090206033e-01	2.959384301952953e-01	6.065844435770473e-01	5.545921790907266e-01	7.015967997488568e-01	6.074603510942967e-01 
8759	3.874343146808543e-01	6.344653356850697e-01	4.440300279241375e-01	5.581143411072669e-01	3.066396673614054e-01	3.015153123566249e-01 
8760	4.441045590017679e-01	6.708421457032604e-01	7.332366264350784e-01	3.630219735199456e-01	5.050978068192176e-01	5.855933110642451e-01 
8761	5.959274327644619e-01	3.460838851542941e-01	7.506440377114560e-01	5.707685657674334e-01	1.355403450393691e-01	5.956186753161151e-01 
8762	4.918101267791391e-01	8.132514723602742e-01	3.940980578085830e-01	6.777498645907221e-02	4.258310849178968e-01	9.723759029025532e-01 
8763	6.310887201762847e-01	3.453982204565393e-01	6.153026250538597e-01	6.610990982414180e-01	2.561220363197806e-01	6.671064674094134e-01 
8764	8.085780893873304e-01	4.012351597857683e-01	6.722818034667613e-01	4.864931425812856e-01	1.751940958903908e-03	4.092896294942501e-01 
8765	9.813570321967113e-02	7.314121764177404e-01	9.898836389217641e-01	2.070916288386421e-02	8.217642895222981e-01	2.610771992453397e-01 
8766	9.180882312619892e-02	6.417825696185713e-01	5.728691748867873e-01	5.489955576184903e-01	4.013419156035080e-01	6.574590694358620e-01 
8767	6.189545602161214e-01	5.947700859134665e-01	2.918587598117530e-01	6.193219862122687e-01	6.212582245479153e-01	3.159046005285356e-01 
8768	5.167158181952458e-01	5.265865436745887e-01	6.143253352065283e-01	9.782707240164327e-01	1.808165689976554e-01	1.530153652066383e-01 
8769	6.222092610855732e-01	7.621411688198886e-01	2.611678045734570e-01	3.214841224447738e-01	7.386472304094303e-01	1.422154693082147e-01 
8770	6.203317349216341e-01	6.478976101885636e-01	7.772434439524645e-02	7.231832092597745e-02	9.098674631649254e-01	4.436909523607919e-01 
8771	1.372993763240995e-01	9.102503974100375e-01	9.547901641277492e-01	2.421946640036996e-01	4.238107522640419e-01	2.732653590997059e-01 
8772	1.402989560155029e-01	1.163069223836414e-01	6.278242993749227e-01	7.379050564741311e-01	3.790902953702058e-02	9.796043438721882e-01 
8773	7.547601841539394e-01	5.155096085342843e-01	6.966818745379172e-01	2.440267942742599e-01	8.395962106430598e-01	2.688403921846172e-01 
8774	1.612728879604250e-01	6.804614373628982e-01	1.091795744866474e-01	2.719451050275944e-01	8.974770490698853e-01	7.419640927488006e-01 
8775	8.626858962542366e-02	5.930086121527947e-01	6.396417282944926e-01	9.949951119614813e-01	4.670848841121658e-01	2.912550494388633e-01 
8776	6.149733199359588e-01	3.579390132877073e-01	9.885598901944117e-01	3.200275830107947e-01	6.524238472254595e-02	4.266111965775446e-01 
8777	6.296571127993065e-01	5.154081544260195e-01	9.077251517738626e-01	3.775898002132860e-02	4.384750032575629e-01	8.072481425717108e-01 
8778	2.265891373320778e-01	6.267922488186974e-01	6.576494457008705e-01	4.021911886779382e-01	3.338425330671941e-01	7.819922757006980e-01 
8779	8.920902571107229e-01	3.884473439243125e-01	1.696927993501862e-02	5.750481850607341e-01	6.316693218365623e-01	4.930047230465727e-01 
8780	2.108844696058076e-01	4.074508290592457e-01	4.498063061451114e-01	7.633925637851250e-01	7.572532168886328e-01	7.801191609555440e-01 
8781	9.636049641673315e-01	7.736797032554737e-02	6.707240853037371e-01	7.582518560956659e-01	2.971075630422950e-01	5.422854084075559e-01 
8782	9.108009863406672e-01	5.053520638618099e-01	3.939139290311713e-01	6.978150726764143e-01	3.286346030669886e-01	2.415025499580171e-01 
8783	6.954312216396583e-01	8.999291406694009e-01	7.982355067180313e-02	5.757993482730058e-01	2.916042101047238e-01	3.524857795763893e-01 
8784	2.369762906125872e-02	9.387546578832194e-01	1.008496257865247e-01	8.462295450476069e-01	7.906696432965051e-01	5.255210313970773e-01 
8785	1.879951348725359e-01	8.490547284098334e-01	6.582746264501514e-01	2.953058218701226e-01	8.423168809182815e-01	2.099804561383718e-01 
8786	4.384560131749281e-01	5.078834375265102e-01	6.818820415085050e-01	3.940391326320853e-01	6.474477863782295e-01	4.991451496702102e-01 
8787	4.967152117236562e-01	8.290825323178450e-01	2.872497878091740e-01	6.927846838247931e-01	1.309935347048476e-01	4.580330029957926e-01 
8788	7.689822601640450e-02	7.297269900211736e-01	6.994705483625019e-01	6.117455203526811e-01	3.343183023827748e-01	2.502640090149030e-01 
8789	5.633026172072234e-01	8.368858213502633e-01	4.832734821118092e-01	9.493517679612451e-02	8.539394413577569e-01	1.675124207950003e-01 
8790	3.862778056566030e-01	7.020766462977472e-01	3.061183802588044e-01	8.648197252918777e-01	2.844289927526474e-01	2.569034968302805e-01 
8791	2.720609554909312e-01	6.078170321300793e-01	5.677103529007657e-01	5.904434055335877e-01	9.357685390271162e-01	7.742147192431847e-01 
8792	1.036221411980028e-01	6.400619449232923e-01	8.136441986001720e-01	3.182061497426348e-01	4.752620654397447e-01	1.124886703417361e-01 
8793	2.666791572699458e-01	2.915400325546070e-01	2.862396375888601e-01	5.941457757015323e-01	5.408486542829163e-01	7.242303308851277e-01 
8794	6.886056792344313e-01	3.345819997851283e-01	2.968675122356007e-01	4.664351106566373e-01	5.038332016613637e-01	8.677931936013905e-01 
8795	7.395862409625921e-01	3.257241826227053e-03	7.606666238161535e-01	1.886929376737297e-01	9.121535863321301e-01	3.136665267501421e-01 
8796	2.194900690351418e-01	4.517914655753900e-01	4.296917875670469e-01	9.298279047734422e-01	6.396607507887024e-01	3.002152142202859e-01 
8797	8.723029924490648e-01	1.546316383894309e-01	4.653088982523603e-01	6.754579448953637e-01	7.985148958233466e-01	1.505262509550796e-01 
8798	5.757207636329413e-01	5.130114981465732e-01	7.510953738892421e-01	6.942046086103879e-01	8.422867790569550e-01	2.643560858420428e-01 
8799	7.910013650205436e-01	6.888100681150187e-01	3.925524027815973e-01	2.110615260217265e-01	4.549181559952111e-01	3.791799091954042e-01 
8800	7.448888252597412e-01	7.521626832904635e-01	4.005970377043666e-01	8.778159541718693e-01	5.750165977226603e-01	2.754212299676728e-01 
