28201	5.807134935589714e-01	4.966545461520666e-01	6.679784979789795e-01	3.762467537223682e-01	5.131530139511672e-01	5.014279365956452e-01 
28202	1.632935412181918e-01	4.944907524914665e-01	4.137235942980527e-01	8.797392310642711e-01	3.017750402208232e-01	8.236743447667672e-01 
28203	1.400938488059315e-01	8.148682060864587e-01	2.781396273217811e-01	2.382397662365491e-01	3.665501049050290e-01	6.941628308981952e-01 
28204	4.133237014664900e-01	2.850470052856657e-02	8.438282227268861e-01	9.595390489262898e-02	6.140669831019312e-01	8.853739055996058e-01 
28205	9.794126713751748e-01	8.025372856683565e-01	3.257974022793412e-01	1.805863796733829e-01	3.363175116093385e-01	6.412554569019201e-01 
28206	6.472033747142677e-01	5.151586934324132e-01	1.180880510700839e-01	7.421645589635232e-01	7.601424221578819e-01	2.935020772247318e-01 
28207	8.802785853438593e-01	1.701701007287076e-01	4.684980815938741e-01	3.092581839203960e-01	5.663422006730507e-01	3.610944238782700e-01 
28208	6.672047585822963e-01	3.449428616822066e-01	8.730031044354031e-01	3.191991591357317e-01	8.598753910155422e-01	1.584693764762394e-01 
28209	4.407710956843058e-01	2.673074279952958e-01	3.581067824030926e-01	4.145125142947297e-01	5.764381083708623e-01	8.360150385149347e-01 
28210	3.760970687598952e-01	3.866953549291930e-01	6.405701100884668e-01	6.167561970572207e-01	6.792808532632769e-01	5.025937887529954e-01 
28211	1.466531397642808e-01	4.865166521031655e-01	2.972603277296203e-01	7.057329925741811e-01	9.701558891395359e-01	1.481536989882004e-01 
28212	4.769551011246863e-01	4.905483892567316e-01	7.242356732251085e-01	5.406309190499472e-01	5.823366476341185e-03	8.701487105735122e-01 
28213	3.183474030735707e-01	5.290790185461698e-01	7.689374377349507e-01	2.537987543565665e-01	7.472589815898061e-01	4.604753225561180e-01 
28214	8.129452862455400e-01	1.619641857673491e-01	5.608105953316438e-01	6.499392675496611e-01	3.849487703622723e-01	3.147220905780819e-01 
28215	2.750311968787464e-01	3.848831175148167e-01	7.722156630033218e-01	5.973536355432779e-01	4.791558177466391e-01	5.536473927480862e-01 
28216	6.693283020922034e-01	1.613425879444947e-01	5.624825049467469e-01	6.512186343113237e-01	8.468589407483402e-01	7.339554321866892e-03 
28217	8.642384013056059e-01	2.453077676688749e-01	4.212139896949359e-01	4.785792048845077e-01	6.931394534519684e-01	5.162934861761668e-01 
28218	8.143112434803791e-01	7.698428935835030e-01	2.696676593839904e-01	8.327658716691322e-02	7.336118966191900e-01	5.048645985441356e-01 
28219	1.657673913097945e-01	6.927948099097498e-01	4.481923079437382e-01	7.370402769951843e-01	1.869035067149884e-01	9.007265882399706e-01 
28220	7.325905142630107e-01	8.743533543395868e-01	2.245780305989454e-01	2.060606367387283e-01	1.946222838570388e-01	6.421757834604340e-01 
28221	1.848642871928649e-01	4.330112867015378e-01	5.691940767334169e-01	7.658040536225322e-01	2.547499331416855e-01	5.939824802633030e-01 
28222	5.706172776769658e-02	7.535752905543063e-01	2.998350424021667e-01	6.411355449485795e-01	9.965685806382023e-01	2.411022623132492e-01 
28223	9.998728498591152e-01	4.734862433652532e-01	5.531576469781685e-02	4.055047998435559e-01	9.945876806002182e-01	1.183895419164456e-01 
28224	1.328481911527767e-01	4.528386338346102e-02	8.319526139411968e-01	5.729045396075877e-01	8.166432463213591e-01	5.168059673712728e-01 
28225	7.402173944424952e-01	4.643913568393652e-01	3.290525363587912e-01	8.296323328675537e-01	5.208015280245718e-01	2.868928602760281e-01 
28226	4.350915239966716e-01	3.642774204724445e-01	4.899519506299560e-01	8.810169335680847e-01	1.696739447456417e-01	3.543386141131095e-01 
28227	2.936526545091147e-01	6.732624163851904e-01	8.912105061882115e-01	4.228281869701378e-01	7.904326548066886e-01	6.688403987724034e-02 
28228	4.509807678480814e-01	6.199584435097616e-01	3.648682928012843e-01	4.665712026048323e-01	2.512738780446414e-02	7.332603082315696e-01 
28229	1.268219675268542e-01	2.513907551736803e-01	3.362247826192869e-01	9.325337723419382e-01	8.860067976641713e-01	5.776279108159511e-01 
28230	6.185256738936016e-01	2.941173737647977e-01	2.454280613395667e-01	3.304584804743823e-01	4.833091356198628e-01	7.483413981234139e-01 
28231	5.028882158495369e-01	4.959910809282267e-01	2.829113222903317e-01	1.522242136603915e-01	4.936571401676013e-01	9.985319483903962e-01 
28232	8.932491529102300e-01	3.194738432125074e-01	1.468302314291440e-01	8.063352041855176e-01	4.936749965981626e-01	2.231930870159147e-01 
28233	7.140379935756800e-01	2.803848035202534e-01	4.235600770748306e-01	4.617334809693889e-01	5.734658546906373e-01	8.794624270668805e-01 
28234	6.488323849333486e-01	1.377648306735230e-01	2.827167491124196e-01	7.851034071590171e-01	1.892237266039414e-01	5.866064152255925e-01 
28235	9.231608719543585e-01	5.182878744621544e-01	2.514062246138890e-01	8.942364836801802e-01	6.721856355015016e-01	2.085143394937372e-01 
28236	2.304225736396470e-01	9.728610412261068e-01	8.213764571889106e-01	5.524652023746840e-01	4.926283482713272e-01	5.184711375419876e-02 
28237	5.543181507981457e-01	6.350578310489964e-01	2.641202053916029e-01	1.529169733419501e-01	8.808006298487218e-01	8.954059435545225e-01 
28238	8.797838668530487e-01	2.423356179499268e-01	7.240007893306621e-01	5.601976932338204e-01	6.234660218331678e-01	5.573248012487575e-01 
28239	4.462777362065043e-01	1.282299838309106e-01	8.372609565933025e-01	3.600325978073082e-02	8.647577128840626e-01	2.329433383039143e-01 
28240	7.935213604942787e-02	6.218332698526878e-01	5.263208570402815e-01	6.635769760627027e-01	1.309332691413824e-01	7.970096399487914e-01 
28241	2.561577486860568e-01	3.027395689667166e-01	7.919779812272307e-01	5.756729751286126e-01	2.321821461246735e-01	8.408662190535968e-01 
28242	6.937135170399095e-01	6.712321743732549e-01	9.771836136022904e-02	4.788069425493579e-01	6.914301211732684e-01	3.008906965645246e-01 
28243	1.854537084872470e-01	8.565884672840213e-01	6.448781277513406e-01	3.618025860488315e-01	6.820864708622776e-01	9.524934097875639e-01 
28244	2.255447046343231e-01	7.322707313617316e-01	1.364948354333547e-01	9.396950823775906e-01	2.371600111949299e-01	6.043886577850013e-01 
28245	8.674987554831786e-01	5.420015268791991e-01	8.506451122518049e-01	2.622571933235742e-01	3.123209509921872e-01	3.332111587352991e-01 
28246	6.990131948692824e-01	4.924571083820286e-01	2.283677646040515e-01	5.638573675323071e-01	6.195187858684511e-01	6.597397132424550e-01 
28247	7.237808677275284e-01	5.436595035829488e-01	4.973148573919471e-01	4.660728190605271e-01	8.988350949508856e-01	2.098469076972709e-01 
28248	6.749599068384428e-01	3.746300655132407e-01	5.963863222715216e-01	4.186747080492564e-01	4.152382672492094e-01	3.270157515301642e-01 
28249	5.079947752837780e-01	2.601168686359218e-01	7.428322572033419e-01	4.933648660951315e-01	4.159861275908268e-01	5.472552280534719e-01 
28250	8.143518208489041e-01	4.503346098964277e-01	1.002848554328099e-01	5.878766347623554e-01	9.746403045728433e-02	3.040495079144163e-01 
28251	1.057558597007063e-02	6.940528482520756e-01	6.677636461155902e-01	3.114218058027622e-01	8.462301013012071e-01	7.420002179081847e-01 
28252	6.287030434786050e-01	2.007084412791548e-01	5.969950883330870e-01	5.137992291829789e-01	5.449308122609828e-01	1.701882449657394e-01 
28253	4.150130823194987e-01	3.424484513103481e-01	7.707877386273664e-01	8.709054527713336e-01	2.816371898382286e-01	9.953027621652404e-01 
28254	9.425595807308388e-01	3.044102566757698e-01	2.196126153483945e-01	3.352381572538915e-01	4.605638950736768e-01	8.229478501863486e-01 
28255	6.230106646948451e-01	4.013001417511972e-01	4.356337826366257e-01	3.067361102747918e-01	1.760205502515036e-01	6.497298033712507e-01 
28256	7.317193059547447e-01	1.849378331983910e-01	6.338937517062346e-01	7.313019776427256e-01	6.122103136324207e-01	8.720413831460605e-02 
28257	7.809615495904589e-01	6.636019783574609e-01	3.462625414471399e-02	7.643059424427654e-01	5.021077312194435e-01	3.434771962758454e-01 
28258	6.220845330425973e-01	2.724765595232134e-01	4.269100628497032e-01	2.955665696751518e-01	3.922014894559853e-01	7.761330122016723e-01 
28259	9.554791684644359e-01	4.997582523022182e-01	7.123603110627490e-01	6.259411701938186e-01	2.821729481745261e-02	7.818451758919216e-01 
28260	8.685045493436087e-01	7.818655138710552e-01	3.698786031308080e-01	3.950259309665950e-01	1.471058301099283e-01	4.726266225059624e-01 
28261	3.466707374827035e-01	2.418815164540293e-01	8.547706424279257e-01	3.069781608334985e-01	3.579052454939772e-01	8.705986570971594e-01 
28262	6.171694229697320e-01	2.205289888515866e-01	7.972281422474036e-01	7.054750127847254e-01	4.702024225919117e-01	1.294156896660786e-01 
28263	4.183434428310524e-01	2.617812401745572e-01	4.829330578305490e-01	8.802690388284578e-01	4.948427673059914e-01	3.221884560256310e-01 
28264	8.223926742391803e-01	3.177797271095398e-01	5.024596370632666e-01	5.716593918130197e-01	1.485997089874231e-01	8.429652961171573e-01 
28265	5.794708160222862e-01	7.166687459091825e-02	6.536199104217650e-01	6.748990555206497e-01	2.751780239691100e-01	7.286241204074112e-01 
28266	4.762872520410566e-02	3.359783478758699e-01	4.499809133947616e-01	8.994444805079252e-01	5.394396846699357e-01	5.521441549599568e-01 
28267	4.447357456071984e-01	6.124890139790349e-01	5.277182570499976e-01	5.405516451018809e-01	1.978479707686697e-01	7.167213169301292e-01 
28268	3.488182470643087e-01	6.842245314655080e-01	4.508540741778775e-01	2.633224444124724e-01	7.957046682932729e-01	1.122630240034816e-01 
28269	5.369807701272495e-01	8.195983844702514e-01	2.307951621933361e-01	7.917527302861438e-01	3.100450935935014e-01	5.582578064642911e-01 
28270	9.069208526032209e-01	1.011898077701103e-01	3.251109904460346e-01	1.556572386587164e-01	8.142113520950289e-01	3.763579566883030e-01 
28271	4.146284039293899e-01	9.120387424006825e-01	1.556539301146586e-01	5.557940868231116e-01	8.190120338835243e-01	6.208270447511787e-01 
28272	6.373488216736125e-01	9.101422804540975e-01	6.623964588015879e-01	4.638003486585427e-01	1.764752680749614e-01	3.278733037949770e-01 
28273	7.724055253751232e-01	4.647327075323971e-01	4.629588422186802e-01	3.516659659778411e-01	5.001557584155359e-01	6.891684179422459e-01 
28274	3.855538451266304e-01	5.885110789214012e-01	2.287558396541514e-01	5.264160353661008e-01	9.359739249016230e-02	7.236648061822337e-01 
28275	6.065749177357361e-01	3.084287846204435e-01	7.245733705273187e-01	6.078147294032245e-01	8.735093524745265e-01	3.058724891406823e-01 
28276	1.175252379413796e-01	4.205260710959712e-01	4.414405681722528e-01	9.893746508891207e-01	9.081546753083991e-02	8.014822399321329e-01 
28277	6.543311450624814e-01	3.029514055597859e-01	5.637669595640766e-01	4.351923943242701e-01	8.642762307826946e-01	3.022057510413662e-01 
28278	6.684628134830753e-01	4.517452369625028e-01	9.344128949322497e-01	1.643720210923519e-01	6.140560866471840e-01	5.665115790200130e-01 
28279	9.486236543660613e-01	4.518085266368338e-01	2.306500034519120e-01	3.504454513582899e-01	5.705395312029579e-01	5.507067689151093e-01 
28280	8.691455920762615e-01	1.336151842102948e-01	9.075764936014221e-01	9.609648569822493e-03	4.595755628657582e-01	5.062461852538582e-01 
28281	6.184216746937192e-01	6.032711371612913e-01	8.603398907205029e-01	6.415478542057906e-01	3.674944649784734e-02	5.602448542811029e-01 
28282	5.448251096846456e-01	4.554056373037919e-01	7.903375387205647e-01	7.453110314969821e-01	2.676797561301673e-01	2.667572623529313e-02 
28283	3.166417917741792e-01	7.733333301851005e-01	7.926479542387153e-01	3.881863318095486e-01	5.232388389253666e-01	5.017932797942088e-01 
28284	4.404353944641136e-01	2.899161180399276e-01	8.943733198499648e-02	6.585947202280669e-01	9.789063790072888e-01	5.806383921275626e-01 
28285	6.462216883686034e-01	5.363569195213718e-01	8.609311390949124e-01	3.331945062686350e-01	1.772442134611258e-01	1.486563720266454e-01 
28286	6.752314114796842e-01	3.786552255549008e-01	2.114426177529391e-01	8.162678231243895e-01	3.565882895038932e-01	8.342716616830510e-01 
28287	7.131024284996592e-01	1.103675274620628e-01	9.844356227223522e-01	5.059585682742112e-01	1.347370640399907e-01	3.838845846432675e-01 
28288	1.146402838416274e-01	5.288778479069525e-01	6.036094671458498e-01	7.957744676290552e-01	2.026139992260694e-01	7.911036521048096e-01 
28289	8.543184840175400e-01	3.561983091585591e-02	7.116541799224375e-01	5.106330775005137e-01	6.127058125995761e-01	2.009027572632749e-01 
28290	2.862825542762834e-01	3.340987542605658e-02	5.250471018683028e-01	5.344759534073219e-01	4.121856771311641e-01	9.291580843660087e-01 
28291	7.641274210308959e-01	3.078601650333745e-02	9.622226671472979e-01	9.616807323784060e-02	1.548924689687272e-01	7.740996532941580e-01 
28292	2.536293840000997e-01	9.065110751731759e-01	6.600042070801848e-02	8.375318940211141e-01	5.502808116291471e-01	5.439204050218168e-01 
28293	7.865472913476257e-01	1.501611157388675e-01	2.709080119492195e-01	9.197975555180342e-01	3.556094616130127e-01	5.029252441446580e-01 
28294	5.232246641593025e-02	6.515647520581981e-01	8.634613444715062e-01	4.142928760145455e-01	7.637197717016265e-01	3.693528562388391e-01 
28295	5.750504688636511e-01	5.150272139323535e-01	2.170666360916987e-01	2.084014974481316e-01	7.110902343242886e-01	4.241366946654662e-01 
28296	4.581555135613935e-01	4.826168970060946e-01	4.065306442613135e-01	2.434671734166327e-01	9.429169098378408e-01	6.616262984525241e-01 
28297	4.940451383196272e-01	5.337584114197503e-01	5.488805394615877e-01	7.831084661393328e-01	3.862994902828798e-01	3.680543888991242e-01 
28298	2.771196854452134e-01	8.861235088718045e-02	6.168326051416908e-01	9.246208621587764e-01	7.328839710850056e-01	8.859733485083446e-01 
28299	6.986193408962036e-01	2.580099425529502e-01	8.710893997276616e-01	2.886849462453698e-01	2.548789087854639e-01	4.792955456123299e-01 
28300	7.042229529202397e-01	6.882452977582483e-01	5.852032422019853e-01	5.978811089591662e-02	9.412255245153033e-01	2.403794972017875e-02 
28301	1.174596105326394e-01	9.196855767935026e-01	4.437298283720799e-01	2.448669042271652e-01	9.222961554970170e-01	3.361530589094328e-01 
28302	4.799389448950178e-01	1.519524925723925e-02	7.983763716166735e-01	3.744184198027551e-01	9.984518620029222e-01	4.408376039240359e-01 
28303	8.409291200662761e-01	5.720858917860521e-01	4.738955900082751e-01	2.608269529258589e-01	6.315798512033539e-01	2.621106091311758e-01 
28304	6.878130358471064e-01	5.224369376171922e-01	1.729671908888574e-01	8.661967464045572e-02	6.378950824191760e-01	9.734537624659029e-01 
28305	3.862225121521783e-01	6.846655599528175e-01	7.312778766909372e-01	2.983942792029566e-01	8.820363104773323e-01	3.023141217771088e-01 
28306	5.137401809331402e-02	6.571610560659424e-01	5.553847009832531e-01	4.815989647316784e-01	3.448318597603981e-01	4.212617180120870e-01 
28307	4.889307260482550e-01	9.867125795589723e-01	2.902533449080801e-01	4.101899285575450e-01	4.170331321799876e-01	7.505385532843423e-01 
28308	2.687637000648223e-01	3.739165594096924e-01	5.507406826691894e-01	5.088607259192854e-01	6.924357514454449e-01	5.815995027083893e-01 
28309	2.965883590670869e-01	4.205877012042882e-01	8.194406984575038e-01	1.861310837794546e-01	9.656427490053476e-01	2.737640702396060e-01 
28310	6.450621142292634e-01	1.913884252253156e-01	6.522501680174795e-01	7.883238819987869e-01	3.547141375116512e-01	5.319209890022931e-01 
28311	4.030727834914271e-01	6.681889956278874e-01	9.643792429602144e-02	5.703011136937650e-01	4.523293351299349e-01	5.042966794175777e-01 
28312	5.553553563963545e-01	5.340049830252781e-01	9.115907923631288e-01	4.402370380458281e-01	1.359208440072061e-01	2.898863549516180e-01 
28313	3.893233986313362e-01	2.873563915538183e-01	3.818350116373277e-01	4.965771037715710e-01	9.280338970078292e-01	9.665187358174437e-02 
28314	8.368725605736799e-01	1.572142576036394e-01	9.112069780621953e-01	3.025903843057010e-01	2.250903556948418e-01	6.259774750718129e-01 
28315	8.200505784523860e-01	1.268619430336868e-01	7.564997839859311e-01	3.091195848669156e-01	5.044926843838160e-01	4.996416119092317e-01 
28316	6.231010246175406e-01	9.752863427106143e-01	4.424996898957790e-01	4.408596147401956e-01	3.200336135006800e-01	8.838434217763813e-02 
28317	4.092724708275636e-01	9.899226482565554e-02	3.526198699432196e-01	7.320873389150340e-01	5.928969782379881e-01	8.228339542322144e-01 
28318	4.159085005580734e-01	2.866289830109392e-02	6.028549743149338e-01	9.770689956313926e-01	1.378287021685243e-01	8.156820744669585e-01 
28319	4.705605971375051e-01	7.126173764565746e-01	9.951280536076528e-01	1.568243837464595e-02	1.272617989023018e-01	4.384196164906161e-01 
28320	2.448112726119581e-01	3.304250268302725e-01	3.637349339085947e-01	5.871958648016852e-01	6.270038728511396e-01	9.959221913341771e-01 
28321	9.919716229509274e-01	7.745793769426729e-02	2.455941618904995e-01	2.021480492424514e-01	5.638661245637417e-01	3.905702489237701e-01 
28322	9.402875685587211e-01	1.961117723742237e-01	3.475452162700859e-01	4.909434768708364e-01	6.260614750632953e-01	7.042690667601004e-01 
28323	5.928579806143494e-01	4.918485717663483e-01	1.665896163409164e-01	7.580032319724308e-01	9.264449380931162e-01	4.722557403864337e-01 
28324	1.381305539867347e-01	6.896746510362497e-01	6.792688991831051e-01	1.297279820008096e-01	4.032157931136289e-01	7.533833595574508e-01 
28325	3.918911244161515e-01	7.498035588110989e-01	1.838039864143572e-01	2.488596848115231e-01	5.537896461338996e-01	3.713137251161595e-01 
28326	4.693985944135348e-01	8.563882708034680e-01	6.394486125919507e-01	2.919832938753090e-01	2.483835347660669e-01	2.468526049094683e-01 
28327	3.170776541274392e-01	7.377078156055176e-01	7.320583919918642e-01	3.067765486335103e-01	8.827615187814988e-01	5.124127329133056e-01 
28328	7.158077579370293e-01	7.816353339322574e-01	3.547029818038548e-01	8.677881912661587e-01	6.061491013438817e-01	2.423269040139774e-01 
28329	6.274109008108530e-01	3.811519064793711e-01	4.192331085957599e-01	5.124188680520718e-01	1.062936913294675e-01	2.647086353650309e-01 
28330	2.940198781137381e-01	9.436534779704391e-01	2.175581196956764e-01	3.904738817910470e-01	3.565381065572782e-01	8.972621176947682e-01 
28331	9.699262326294588e-01	8.346295210256746e-01	1.854847154750092e-01	6.846286752488717e-02	6.685014188914713e-01	3.230276308002339e-01 
28332	4.377914975741586e-01	5.707947660989534e-01	4.736990128515439e-01	9.445296841515787e-01	3.156482313741590e-01	3.976811877079498e-01 
28333	3.314662673931020e-01	4.633245837578293e-01	3.124591116365170e-01	2.637300321684437e-01	2.792303934172257e-01	7.520166107505690e-01 
28334	9.669890852805270e-01	2.974138665227006e-01	6.003215355509158e-01	8.499448836763237e-01	1.529451113107122e-02	2.845514954263397e-01 
28335	7.332587880447931e-01	1.608072489454584e-01	8.304190874235241e-01	1.873405887959879e-01	5.522179746228895e-01	4.153356745611604e-01 
28336	4.490901817498024e-01	5.088347715129432e-01	9.727292609495345e-01	1.288565166306901e-01	3.966746828080285e-01	3.862485648462538e-01 
28337	3.196838563059090e-01	2.970601022558016e-01	3.275683716408048e-01	5.435365970468841e-01	8.109594779868410e-01	7.390175604531739e-01 
28338	5.919558314508855e-01	1.381207687115292e-01	5.225798545030178e-01	8.609877776004058e-01	7.808357160746699e-01	1.281709927122694e-01 
28339	8.938994235940048e-01	5.596363167754410e-01	2.476574523828107e-01	7.101370468939208e-01	2.349546545016303e-01	3.101549487675596e-01 
28340	3.833199173007716e-01	3.298997475217520e-01	1.132939970044226e-01	5.308272857646519e-01	5.013317569220819e-01	7.935672475607958e-01 
28341	6.898792347868234e-01	1.479156424250688e-01	8.238225098878383e-01	6.080119748767918e-01	3.986995636305546e-02	8.407392705319677e-01 
28342	9.282680129954647e-01	3.535519956464034e-01	8.762448534006203e-01	7.901076937944451e-03	9.922087457874349e-01	2.070143613026657e-01 
28343	7.972376342927320e-01	7.023094000989283e-02	6.952267465673468e-01	6.883588211301936e-01	5.905259367058772e-01	2.485330820019983e-01 
28344	2.312690043622624e-01	7.397652806497954e-01	7.560615892553524e-01	3.369150097405977e-01	7.243393665503459e-01	4.474573336844520e-01 
28345	5.576564182464809e-01	6.882712848107324e-01	1.288860197762298e-01	7.535023219118431e-01	8.044660805750034e-01	2.085893541198983e-01 
28346	1.902260500357051e-01	2.670727850364429e-01	3.975343205550652e-01	7.608786426401678e-01	8.994699723791003e-01	8.486097240367844e-01 
28347	8.807182813268718e-01	5.290435715879320e-01	5.181023288333669e-02	3.789633226637689e-01	2.290562549435634e-01	8.466985940308860e-01 
28348	2.800294022546019e-01	5.335263312391262e-01	4.841330971550831e-01	9.952706145723326e-01	9.417403230703525e-02	3.478603232185608e-01 
28349	5.576209729642954e-01	5.933180429511662e-01	7.152752180718569e-02	8.221321153932610e-01	5.813133611602957e-01	1.583246373521840e-01 
28350	7.697928023368379e-01	2.184862371843297e-01	4.538398188672093e-01	5.874776479881050e-02	6.166285672263347e-01	6.998185162365569e-01 
28351	4.657978794062525e-01	8.030009614644151e-01	5.773970909015991e-03	8.699842946381586e-01	3.661452476855857e-01	5.689740039629212e-01 
28352	6.271544797682999e-02	5.731716302327287e-01	2.831420351135950e-01	4.721055161835619e-01	5.758565551977254e-01	8.638632706915588e-01 
28353	2.436305105227424e-01	6.796495982991221e-01	3.934585677122954e-01	2.299054905229537e-01	6.731346337526612e-01	4.484933259674493e-01 
28354	2.064328139516616e-01	9.057032825411787e-01	6.019899547144238e-01	1.970247918968675e-01	8.195584355183996e-01	1.997214755493535e-01 
28355	7.097420143801251e-01	8.498000981711433e-01	4.019818288063267e-01	9.239477390911510e-01	8.348607644160682e-01	1.124396264141995e-01 
28356	3.234896175537548e-01	4.051387215806695e-01	6.427717028614077e-02	8.564050435478712e-01	5.806876301911742e-01	8.744910815495610e-01 
28357	9.351133553994380e-01	6.712265160699129e-01	1.681269927250478e-01	2.631559800048811e-01	9.512889276092474e-01	1.067749337862089e-01 
28358	6.953851505763572e-01	3.963270214467379e-02	9.765936789871456e-01	2.634886384366225e-01	6.694269024351798e-01	3.826668849067671e-01 
28359	6.793667898745031e-01	3.730758308761041e-01	9.575190210222333e-01	3.335325503485295e-01	5.714693313661174e-01	5.567671581012604e-01 
28360	9.528315217888942e-01	3.312788366362815e-01	7.194229244728491e-01	2.246989129674568e-01	7.696787400755505e-01	1.209846673417625e-01 
28361	5.159102411608788e-01	5.954601996449548e-01	2.385548953018688e-01	6.464984443798610e-01	1.268830788332224e-01	8.225874285531560e-01 
28362	6.294311980237615e-01	5.957744271973532e-01	5.572252574212936e-01	3.203159067651999e-01	9.568564833731251e-01	1.807497786999190e-02 
28363	7.692849549286807e-02	9.199870522969117e-01	7.173752415572363e-01	1.304459002332914e-01	5.696307280086982e-01	5.896694431862141e-01 
28364	2.792912433944390e-01	3.686975003360705e-01	2.739665815984051e-01	7.941975819450581e-01	6.930583740998298e-01	6.366670431888241e-01 
28365	1.703567678206716e-01	4.433267879443100e-01	7.496480856731956e-01	2.304776631141773e-01	6.965833782877716e-01	7.659984048960594e-01 
28366	9.973690621395936e-01	4.458163530770434e-01	1.848674508089537e-01	2.829164993368829e-01	6.874009545025842e-01	1.016037088545190e-01 
28367	6.115433373282309e-01	6.506892219102233e-01	8.853142550657719e-01	1.614212596798823e-01	3.834722814041410e-01	1.471119289882380e-01 
28368	5.754701034589622e-01	5.566546114617004e-01	5.480150172930016e-01	9.466327400381588e-01	7.889228402239143e-01	3.306932519509900e-02 
28369	5.504120948816225e-01	8.901244516216061e-02	1.072614899252569e-01	4.346809495219467e-01	6.609416638353328e-01	4.548264525061474e-01 
28370	4.291057536726141e-01	7.997395769770513e-01	4.006369641959066e-01	4.231737750903957e-01	3.615580368793310e-01	4.920548788502298e-01 
28371	9.973007880086732e-01	9.710574041878139e-03	1.570158213379131e-01	5.613284214750984e-01	4.630963584492227e-01	8.547920605146985e-01 
28372	2.930458377837371e-01	8.220143515099102e-01	3.615421712599076e-02	8.794920992487447e-01	2.138596395766164e-01	4.924216725486142e-01 
28373	1.231354143776832e-01	2.211504200048151e-01	9.463092516966498e-01	6.968008113750840e-01	4.266892197183078e-01	5.404489474354036e-01 
28374	1.811536759333864e-01	6.301535879896912e-01	9.117357758938439e-01	5.347624055450920e-01	1.870585400800134e-01	5.295446874357503e-01 
28375	3.825579217253294e-01	2.136571522960165e-01	7.273573331436245e-01	6.601895105029920e-01	6.768254756345697e-01	3.699319825220792e-01 
28376	6.310725195821030e-01	8.730778544940041e-01	1.347405207481667e-01	3.012103568014513e-01	4.292896917643390e-01	3.124990081565611e-01 
28377	7.065263940743760e-01	4.114011662911359e-01	6.292869365148798e-01	7.903070006573868e-01	3.997421845821936e-01	1.269869920086767e-01 
28378	2.281073114700884e-01	7.617168262603565e-01	5.101181907376089e-01	6.693088608726638e-01	9.764805568756829e-02	7.561378471605705e-01 
28379	9.337832047520482e-01	4.859415314007046e-01	1.140782729680130e-01	4.044535364730061e-01	4.190540417293531e-01	5.717656405853988e-01 
28380	4.221627628750598e-01	5.849706290248602e-01	7.605623693725260e-01	3.799887766134949e-01	5.408372661825771e-01	4.682853947757775e-01 
28381	2.663117481530191e-01	6.241185876708906e-01	6.957997112524676e-01	4.396344542719991e-01	5.550523282720410e-01	3.200319061023651e-01 
28382	6.811524163463486e-01	5.880304534273484e-01	3.400262273635778e-01	4.473483937424945e-01	3.021876905274418e-01	8.165956731208422e-01 
28383	6.654495273596738e-01	1.580587162874650e-01	5.004237705521526e-01	4.038424772369601e-01	4.944162938383701e-01	9.168600882522396e-01 
28384	2.421179742201918e-01	4.894958280694888e-01	7.979229583256591e-01	3.577181802428503e-02	5.233728168992420e-01	9.857696772194071e-01 
28385	3.748191801561095e-01	8.625064984628837e-01	2.976870764147547e-01	3.842977170026443e-01	5.880418759349425e-01	9.612794118820615e-01 
28386	5.516384779087227e-01	5.239540794063555e-01	5.042124608550347e-01	6.365683019239935e-01	4.171920173255906e-01	7.431226132103644e-01 
28387	7.559683188301605e-01	7.952418663578530e-01	2.123028618605630e-01	4.391239168332253e-01	7.241325422077197e-01	2.464361581396876e-01 
28388	3.364819233118952e-01	8.047590507186980e-01	3.590141077221726e-01	5.339830474385253e-01	2.080527783907730e-01	5.332453109715016e-01 
28389	2.084983068314314e-01	3.307384436693934e-01	5.454986845998616e-01	4.820991157101873e-02	6.894817426771608e-01	5.327807534748144e-01 
28390	6.109159566341231e-01	6.432079454040203e-01	4.264037376941687e-02	6.884538026452773e-01	7.468295492742952e-01	1.684834134296152e-01 
28391	5.422654731626525e-02	7.247505710597193e-01	5.222831367671834e-01	7.539821788428530e-01	2.249660050035768e-01	9.507968835389428e-01 
28392	5.981643253974724e-01	1.160983131212652e-01	5.960268422037300e-01	2.718160624471618e-01	8.899645628501774e-01	7.987160355009256e-01 
28393	7.749027806628983e-02	8.450485915795107e-01	7.356436245424346e-01	2.126796783906783e-01	6.963035204356461e-01	4.137822631865707e-01 
28394	5.419584331620507e-01	1.333624507704821e-01	9.074061095521538e-01	7.135651742710689e-01	1.031020891515289e-02	8.858930889301853e-01 
28395	3.426193413510603e-01	9.363336183031787e-01	4.343967603047583e-02	9.632998730898776e-01	6.142196768313614e-01	1.097054819273254e-01 
28396	4.226474754585758e-01	2.661863043683571e-02	4.720509834846454e-01	8.049941035889442e-01	4.140776700628104e-01	7.194732732082418e-01 
28397	2.747269029500042e-01	9.049114282166330e-01	5.807814333461381e-02	6.719631078620862e-01	8.739113425382367e-01	1.628973421171129e-01 
28398	3.722563631828321e-01	1.196291046145592e-02	7.656092855672059e-01	7.846410496942691e-01	7.360148736831484e-01	7.843759739107610e-01 
28399	7.108268135651223e-01	9.501047330088760e-01	4.047034777852234e-01	8.866279339550519e-01	5.277469693360826e-02	2.017434559239510e-01 
28400	6.547417385340898e-01	8.517505751792426e-01	1.552649489771554e-01	4.079561546100310e-01	7.671714404470968e-01	5.603214114490251e-02 
