7201	6.028592174349766e-01	7.234758350432651e-01	6.134595287133267e-01	1.763598515490641e-01	5.371402159601274e-01	4.371095040951007e-01 
7202	6.627301740149329e-01	7.052786775763020e-01	3.653327930244180e-01	4.246168183134537e-01	8.614688514326807e-01	3.906025121656880e-01 
7203	9.754830810622798e-01	2.657108485035943e-01	6.735188068255673e-01	1.304148515138794e-01	6.966732762974616e-01	3.656214921081802e-01 
7204	8.100643567050518e-01	4.406616702940493e-01	4.347214015662799e-01	9.352997240353045e-03	8.593574334969850e-01	2.224778668085868e-01 
7205	4.859486678732780e-01	3.089323842676934e-01	6.383494159863945e-01	2.714640346017991e-01	5.945019309905352e-01	9.635331095474576e-01 
7206	8.194974652818574e-01	4.574218991031073e-01	6.658956670173211e-01	2.642266037494308e-01	3.247561400367861e-01	3.907844492525291e-01 
7207	8.421357151076463e-01	2.673200672915479e-01	2.320695822263629e-01	8.825139131502487e-01	5.847479658456557e-01	1.958107247030688e-02 
7208	4.403395531014614e-01	3.965383845915043e-01	6.494886618941995e-01	1.797222611294634e-01	5.590629906825605e-01	6.736969437693078e-01 
7209	1.086317200170127e-01	4.765742407697798e-01	2.477032952902185e-01	9.823169890951210e-01	2.751066805507547e-01	7.539703870324446e-01 
7210	3.987817019432707e-01	4.533553035544123e-01	8.563501183786321e-01	5.513804405916309e-01	4.544096849872509e-01	4.704508493148141e-01 
7211	2.314239650987072e-01	6.675583612952429e-02	9.831558627452130e-01	6.128046015402473e-01	6.212826408200094e-01	4.764599204462130e-01 
7212	2.175506405413971e-01	1.134883172442815e-01	6.120594036766549e-01	3.625806930362763e-01	9.424184334973053e-01	6.561876349491916e-01 
7213	2.677876162134287e-01	3.301891771710583e-01	3.157001518504226e-01	7.983971434964460e-01	3.961722704004172e-01	6.962800939164626e-01 
7214	8.707258732196356e-01	2.475615869870043e-01	8.276891716302693e-01	4.144768047394545e-01	2.234196975580707e-01	4.994818897620457e-02 
7215	7.680003282464249e-01	6.324770130367684e-01	3.656452085015388e-01	3.901862332515982e-01	3.307248231376125e-01	2.995652346879173e-01 
7216	9.586660675077807e-01	2.510002987435711e-01	5.669002883615861e-01	6.357883209468917e-01	5.183761110986232e-01	2.595710319727679e-01 
7217	1.818686562776897e-01	5.573336398035469e-01	9.769098174283846e-01	3.575014365097001e-01	5.739428515482830e-01	4.185293143577566e-01 
7218	9.997859327793276e-01	2.391003864861756e-01	3.533175971980734e-01	5.519553782740041e-01	5.151950038245585e-01	4.174332243511846e-01 
7219	2.237484633478568e-01	7.602915111628185e-01	2.975380750500805e-01	4.063076713153931e-01	7.410433990773131e-01	6.166420579163732e-01 
7220	2.617725269320462e-01	1.337052924404964e-01	3.786111016982405e-01	7.945410759208317e-01	5.544563162135003e-01	8.303238185135733e-01 
7221	5.717093004569780e-01	8.533754941045176e-01	7.202530700335513e-02	6.342456436552196e-01	8.161526439083397e-01	4.458715562463260e-01 
7222	5.211220140824987e-01	9.962231996911063e-01	7.310101273560469e-01	5.128050878720362e-01	1.525582815907461e-01	6.621091697397321e-01 
7223	3.741604380713103e-01	4.818760939041707e-01	9.182958531598756e-02	5.567345358500220e-01	4.609637438618472e-01	9.312079246114585e-01 
7224	4.483577218928440e-01	5.945310815034679e-01	5.938936409936284e-01	7.165189343829654e-01	2.139947274757757e-01	6.810236010957536e-01 
7225	6.669383478681510e-01	5.858343079656116e-01	4.631993039281805e-01	1.330392113910552e-01	5.614239359662652e-01	2.598818043789687e-01 
7226	1.095024720200056e-01	7.496169067411577e-01	6.210174045544130e-01	5.569617288461460e-01	7.890003087989617e-01	6.114134408032357e-01 
7227	6.485068304751344e-01	3.250671918227053e-01	5.820450988217352e-01	4.589873478231238e-01	5.199436546611962e-01	8.288943529537418e-01 
7228	3.772026373728905e-01	5.607530188674106e-01	1.706867074289317e-01	4.007243315080062e-01	5.777250794675338e-01	6.744635514154120e-01 
7229	6.995833251098753e-01	4.424592059823037e-01	1.650756311470541e-01	5.640501577754444e-01	7.597012274535386e-01	6.244112391938117e-01 
7230	2.551979273002510e-01	5.724362723060276e-01	8.272045753294207e-01	4.697161101266262e-01	8.029693375999095e-01	4.108770353707215e-01 
7231	8.198951935368384e-01	8.347507558401369e-01	2.068249164115633e-01	6.140046367163549e-01	4.328829783825794e-01	4.086622980372291e-01 
7232	5.851443513111521e-01	7.400833042648792e-01	5.637709789583684e-02	6.453380680996906e-01	5.268610619027793e-01	5.959469773525896e-01 
7233	2.836005996455502e-01	5.487142126107792e-01	9.955787287226951e-01	5.146517371735918e-01	2.476414049828830e-01	2.677976289098815e-01 
7234	4.306895363719238e-01	1.818422263440854e-01	5.495415662846143e-01	7.250094918984283e-01	3.024836193145779e-01	6.154966708210874e-01 
7235	7.469608878877096e-01	2.693364307479005e-01	4.880991576483164e-01	8.040643463701352e-01	7.829905332030807e-02	7.846058785514429e-01 
7236	5.223388282646277e-01	5.388484375704665e-01	5.790516458464838e-01	6.313279445790072e-01	6.213881371581953e-02	4.828328083024010e-01 
7237	5.694313508030320e-01	1.416908815457392e-01	4.431292548941035e-01	5.928399562907107e-01	6.046799791754716e-01	8.589104279453340e-01 
7238	6.312057338151394e-01	3.988035559259623e-01	8.722419186048231e-01	9.375603512205546e-01	1.367190200814424e-01	1.317255168884915e-01 
7239	2.966770560092938e-01	8.075062478422794e-01	6.761809403957453e-02	3.849361565947038e-01	6.244294911631647e-01	8.556205187686977e-01 
7240	5.047641771379346e-01	5.142071467317070e-01	3.490479958345741e-01	7.111700550955322e-01	7.018476321675300e-01	1.090840151044676e-01 
7241	9.025605027607412e-01	1.439123739860582e-01	3.208580226398385e-01	3.223618230548220e-01	8.920181873460358e-01	2.159825804245666e-02 
7242	8.241396369108323e-01	3.682354471407099e-01	7.466860622067286e-01	4.342916951786894e-01	7.502492875194439e-01	9.552984448488183e-02 
7243	5.193827153553568e-01	7.505225171061026e-01	7.816548466642808e-01	1.789545045909522e-01	2.210771046775992e-01	2.829971872666557e-01 
7244	6.758567599035514e-01	6.886834101806862e-01	9.973586678271029e-02	3.171224411921328e-01	6.150661380145039e-01	3.897216947551655e-01 
7245	4.432420245718978e-01	9.973544687038536e-01	5.804472136956422e-01	1.195027265913684e-02	5.992225067890322e-01	2.738832009835520e-01 
7246	1.793919161640803e-01	5.694018061609807e-01	1.802838104453786e-01	6.883408309102022e-01	9.501404229064209e-01	5.009836478131376e-01 
7247	8.812321192544065e-01	5.894372977441507e-01	3.291924679718261e-01	5.450297395441689e-01	1.934872034924148e-01	7.074815575832009e-01 
7248	2.287451028099810e-01	7.672669667680873e-01	5.214865264753745e-01	1.500641793545574e-01	6.921370020156350e-01	4.039817988207496e-01 
7249	4.689993091040267e-01	5.484043426486405e-01	1.151134205504064e-01	5.377252358991603e-01	8.369205801754039e-01	5.690805053630926e-01 
7250	5.362191526641059e-01	6.642906438082494e-01	2.418712659264793e-02	1.869889795787031e-01	9.402447669768160e-01	3.012467821423963e-01 
7251	5.391235413938369e-01	9.183414457377832e-01	3.447464793939465e-01	3.167662013003332e-01	1.237800518375226e-01	3.689778937067686e-01 
7252	1.535959207677577e-01	9.913887407884745e-01	1.417433515016175e-01	5.295465451630663e-01	6.045649264303108e-01	8.040850254491291e-01 
7253	4.990882151947299e-01	8.008033489479298e-01	4.436917742861698e-01	4.721709655765963e-01	6.064403625330050e-01	7.613990291578230e-01 
7254	5.868667072080463e-01	3.007387521451845e-01	6.750638452140999e-01	1.191207871614162e-01	3.604697091132927e-01	8.579640957173919e-01 
7255	6.956356487262250e-02	6.708239435709369e-01	1.704795910039326e-01	4.303976243149392e-01	6.236003781557375e-01	6.039507240865821e-01 
7256	1.241272710467748e-01	9.815763240886503e-01	7.926162219351194e-01	4.489832514738759e-01	1.956654846589530e-01	6.251491919558748e-01 
7257	5.825264777285580e-01	1.677989313996424e-01	5.459310261815069e-01	9.926706393329803e-01	5.257232187114871e-01	1.358260209131908e-01 
7258	9.006892244255974e-01	2.167939992525635e-01	2.351547536401103e-01	6.930241963748898e-01	4.088639066403685e-01	5.996709330698511e-01 
7259	2.758665771703728e-02	6.825888653424086e-01	7.079069457939631e-01	4.883939554179054e-01	4.713964072557264e-01	4.713082498039132e-01 
7260	7.157826186806298e-01	1.399404792674359e-01	3.639320691191142e-01	7.239014233807060e-01	3.469594675365033e-01	6.058045257317951e-01 
7261	4.986609682332011e-01	9.006120164760868e-01	2.863476982770761e-01	9.320385500548845e-02	9.971213927244766e-01	3.663649970883751e-01 
7262	8.488960838804143e-01	4.739999172591508e-01	5.384911864848508e-01	1.138019437240670e-01	3.700367311655698e-01	2.319032493799480e-01 
7263	6.414289987507567e-01	4.045134737189349e-01	5.055513440687747e-01	2.904699861282998e-01	7.935270322390449e-01	4.706279327822950e-01 
7264	4.992595036204022e-01	1.296860086429741e-01	9.351843053498547e-01	3.552053849088949e-01	2.660347357712745e-01	7.649930745291137e-01 
7265	4.543041266852155e-01	1.112404278908445e-01	6.143941255356253e-01	8.039224849773299e-01	3.650057808264080e-01	4.074810212828577e-01 
7266	6.582820647782209e-01	4.021363345670864e-01	1.406332471281878e-01	2.924376973792511e-01	5.284720154261361e-01	4.938492281718911e-01 
7267	9.117754277782282e-01	1.411929734387826e-01	2.216602442554310e-01	9.520970556003556e-01	9.455057465700695e-01	1.441282551185856e-01 
7268	7.540015094871055e-01	3.448066247174707e-01	4.296605957458591e-01	5.953271599310885e-01	6.253671390583930e-01	3.754312857240308e-01 
7269	9.786056680480704e-01	7.840983493753928e-02	6.022208094002218e-01	7.587048195709636e-01	4.030511767322358e-01	9.710577857896535e-02 
7270	4.903541740926446e-01	8.280355950600742e-01	6.426472419802156e-01	3.126084161234948e-01	8.691890550912345e-01	1.084767882894530e-01 
7271	6.359536922364823e-01	2.603781596904263e-01	7.559619887457838e-01	4.394090551492774e-01	3.914065320367180e-01	2.862155372268324e-01 
7272	2.226677125150592e-01	6.506820113058061e-01	6.318332058436371e-01	4.190738435924162e-01	5.636737946370161e-01	4.807419528053578e-01 
7273	3.873564149593771e-01	9.515257793734760e-01	6.433758638727038e-01	6.307761792006145e-01	4.305559555113022e-01	2.032105040239916e-01 
7274	6.692912818308079e-01	4.041488171585946e-01	7.670263355810738e-01	9.169972569730273e-01	1.754217398011986e-01	3.016165163967388e-02 
7275	4.108420361582381e-01	1.647083397098585e-01	6.178869569198422e-01	4.664648730816152e-01	6.432106905349484e-01	7.085314256768014e-01 
7276	5.619165523857780e-01	7.042329549628842e-01	4.828860139670111e-01	1.940358252301877e-03	6.571110384593801e-01	3.329628173096980e-01 
7277	5.519176846234282e-01	1.474189006648419e-01	5.104676543668973e-01	2.988532138683461e-01	3.860584498006029e-01	6.637146281145241e-01 
7278	2.540542667891612e-01	4.714282354772098e-01	7.028827526944178e-01	7.056258067384803e-01	3.373141094718493e-01	8.394445905009896e-01 
7279	2.248694189377629e-01	3.561133414015222e-01	7.601237218684243e-01	3.814245180862636e-01	6.658237070137702e-01	7.741284169467533e-01 
7280	5.284011445970205e-01	3.500419962738627e-01	7.399512467345409e-01	1.228441497720689e-01	8.297111382472747e-01	4.092211833899277e-01 
7281	2.020827259721347e-01	6.325415592904693e-01	7.632332951498807e-01	8.294444714550648e-01	2.435881078754413e-01	6.980307211478894e-01 
7282	3.275468505855831e-01	2.565490931998221e-01	7.731255398295531e-01	2.946492603023171e-01	9.263765353509148e-01	6.562453935647222e-01 
7283	3.584302629537159e-01	6.559458918787933e-01	2.684713323259627e-01	8.154313217594972e-01	3.029689368518554e-01	5.133208405817905e-01 
7284	7.111622036934713e-01	1.056699224008153e-01	2.596473825460764e-01	6.662008000914272e-01	2.650630275978701e-01	6.290405758134436e-01 
7285	2.557170435086887e-01	8.092363471385838e-01	5.478148572468059e-01	5.629498054817279e-01	3.441130068758366e-01	7.521694876063129e-01 
7286	2.697286938951834e-01	4.057646982930322e-01	9.744431259179647e-01	5.980775577901257e-01	1.377940607533385e-01	5.744879040819754e-01 
7287	7.707060097964584e-01	4.645047278867597e-01	2.816663449452330e-01	6.772307680301874e-01	2.359396399325054e-01	6.827062158635064e-01 
7288	7.180379146831649e-01	6.835669892657525e-01	7.466665373038794e-01	4.230535423996606e-02	5.143502571922516e-01	2.336524974157463e-01 
7289	6.035200099377059e-01	6.113083624503929e-02	1.227036028335942e-01	8.996648850844740e-01	6.308961337555651e-01	7.081686792002254e-01 
7290	9.950389711531697e-01	8.208492482420499e-02	9.236908846935841e-01	5.859288064266166e-01	5.977228511339456e-01	3.090885924437681e-03 
7291	5.906359724882269e-01	3.010003600322695e-01	1.656613099723946e-01	9.295674400325969e-01	1.783773214596681e-01	6.839664798858002e-01 
7292	2.251162867776530e-01	7.295675156317520e-01	1.307733082899265e-01	4.459930274755781e-01	9.178622750466353e-01	1.469967865197091e-01 
7293	2.109138664106463e-01	6.154567217702320e-01	4.360639549494247e-01	8.609689554800334e-01	3.271105036850372e-01	7.898004571283070e-01 
7294	1.347911726259777e-01	4.951485557676835e-01	7.117583543585020e-01	4.696684240462354e-01	6.255948761721275e-01	5.573790689267544e-01 
7295	8.549308755777687e-01	4.297424799381522e-02	4.092652923293453e-01	6.122442048646037e-01	3.127836494859437e-01	9.472802901736224e-01 
7296	5.050232216382810e-01	6.248200227799584e-01	5.007035750701433e-01	5.672200551276863e-02	3.734276398666328e-01	7.293129869480791e-01 
7297	5.769191675402026e-01	4.030636551043421e-01	8.172832925784719e-01	8.083411359576667e-01	6.077151905268048e-01	9.877582871999316e-02 
7298	1.641243570221571e-01	4.374006973825204e-01	7.665917161169700e-01	6.809122276039624e-01	3.311850216335757e-01	3.246937942605970e-01 
7299	3.630670845157273e-01	1.841767033592910e-01	7.948833025829776e-01	4.915153602173360e-01	8.808947799892392e-01	4.881137122694778e-01 
7300	7.686740994328933e-01	5.383750371887003e-01	3.438343641426402e-01	4.779698103319191e-02	7.525811993876490e-01	7.085468449377781e-01 
7301	6.627875278658684e-01	4.198014626351194e-01	3.009675236844563e-01	2.723305762923041e-01	5.792444848016536e-01	4.713434881602780e-01 
7302	8.442880871183800e-01	6.091475219882933e-01	1.160594888114382e-01	3.757898377901994e-01	1.756551705303078e-01	6.291362558096927e-01 
7303	8.340910463521375e-01	3.018757131214388e-01	3.298862376701103e-01	2.535759374444905e-01	4.669528349543663e-01	8.533606754670972e-01 
7304	7.221911971366574e-02	4.196056960438110e-01	8.620667169632625e-01	2.036332868413243e-01	4.709418984921097e-01	6.942359562679843e-01 
7305	2.971820571193384e-02	6.492367790174240e-01	5.035092691039766e-01	4.766067954097556e-01	9.584836146896512e-01	5.055940366648942e-02 
7306	4.696998520259208e-01	7.706589456861522e-01	3.272717374370595e-01	7.347787508508827e-01	3.487235503936926e-01	5.180565377640733e-01 
7307	6.434551989283135e-01	6.430128477814230e-01	5.625411091085047e-01	3.852208253490604e-01	6.360469981637803e-01	4.743924560026908e-01 
7308	1.974851729063632e-01	3.000318393565479e-01	8.547720433995504e-01	8.125917589600656e-02	9.901442854292414e-01	3.930979410911548e-01 
7309	7.618447315565718e-01	9.304905651742417e-01	5.407327023181299e-01	3.497099171938281e-01	3.148346071663034e-01	4.057992771465365e-01 
7310	9.566764360163202e-01	6.032068683132539e-01	4.609754254889977e-01	2.017272940746702e-01	8.342893579152103e-01	9.654399729148094e-02 
7311	4.531169837044430e-01	3.771835995105482e-01	3.162278130894210e-01	5.553754559309659e-01	2.914980948636186e-01	7.759109857645150e-01 
7312	4.494041523852568e-01	3.364052832277717e-01	3.786688794046355e-01	1.272802304224155e-01	6.947919749093130e-01	5.622593862575473e-01 
7313	6.539696601905960e-01	9.796390867402043e-01	5.802886361240579e-01	1.014697863526798e-02	5.820512937566134e-01	2.764439480550700e-01 
7314	7.856641335074925e-01	2.564716348305462e-03	9.365162525268091e-01	1.406730606787290e-01	2.500464678090516e-01	7.682643755884911e-01 
7315	2.073762089816156e-01	7.412679361132835e-01	2.676109708049330e-01	4.977286853884935e-01	6.103424479995496e-01	4.955845703869254e-01 
7316	1.904824135321264e-01	6.811618021495787e-01	8.372512176609537e-01	3.177349716061006e-01	3.604715551902826e-01	3.265004361543167e-01 
7317	5.777749682547288e-01	5.233809831987537e-01	4.235504470284938e-01	7.550949819256331e-01	4.772026800860576e-01	5.991838869994672e-01 
7318	6.210595782524991e-01	3.186874057680829e-01	3.743648490883985e-01	8.076135582148519e-01	8.186076268407080e-01	4.168912203397545e-01 
7319	1.106078632065896e-01	8.306083186418820e-01	2.740213614772047e-01	4.447748823345882e-01	4.959728169664160e-01	9.833906613147197e-01 
7320	4.449247685286930e-01	3.241994402549991e-01	5.008120049202730e-02	9.535396926486409e-01	4.254973060617986e-01	4.939845549882421e-01 
7321	1.916022665101005e-01	6.788508629029434e-01	8.145518775364430e-01	1.012093119651018e-01	7.226578398073265e-01	7.019683216619612e-01 
7322	8.411056198191937e-01	6.991334309655554e-01	2.057494213248745e-01	5.454346373880011e-01	5.502437094730012e-01	3.898980430923258e-01 
7323	7.203192346232218e-01	4.018581961697291e-01	1.256059578145112e-01	8.310376674728498e-01	2.977294026488777e-01	7.681952689899658e-01 
7324	6.044609985000369e-01	4.951356871580710e-01	3.372113944657596e-01	6.443778366277544e-01	5.958635863001354e-01	6.496457779484431e-01 
7325	1.852163469038303e-01	7.774979029860808e-01	2.496503119361479e-02	7.194155364799182e-01	6.013564012986830e-01	1.840104996368171e-01 
7326	5.636343717378551e-01	6.539138171667102e-01	1.790756332125216e-01	4.209426493265682e-01	8.762130040798282e-01	1.919369061389100e-01 
7327	9.852439837893765e-01	3.389824459873142e-01	3.415524010725559e-01	9.218727331488380e-01	7.822808016592483e-01	2.073573198691996e-01 
7328	2.642151795649913e-01	2.689822337352475e-01	8.164133745238185e-01	5.946485657112099e-01	7.557380578865018e-01	5.614386841612207e-01 
7329	6.170496510948552e-01	8.628184573266307e-01	1.058587568133800e-01	5.677548979335049e-01	5.637167214683705e-01	3.252646966905716e-01 
7330	2.661174638499704e-01	8.781020828715214e-01	4.219854652585805e-01	2.898025452243164e-01	6.372516727061187e-01	3.589399449500775e-01 
7331	4.221149324796254e-01	5.028536907367660e-01	4.537011620229413e-01	9.529075350646848e-01	3.137986429576867e-01	6.424687898816006e-01 
7332	3.385480635271162e-01	9.233657982203192e-01	3.042619055848497e-01	7.051969190446872e-01	4.707438532915099e-01	2.389049608645092e-01 
7333	9.761608757239745e-01	2.670645519038073e-02	8.531267777952550e-01	4.364317932222006e-02	7.136448561994070e-01	9.070686279192053e-02 
7334	2.832347518078295e-01	3.588575754264892e-01	5.902657463582175e-01	3.822656305876109e-01	9.488161500033315e-01	2.056065052880546e-01 
7335	5.308684903392398e-01	5.749527548466651e-01	5.135934700148643e-01	3.265324846213546e-01	7.012046450787350e-01	6.446300964309628e-01 
7336	7.086869894032825e-01	7.416141770132124e-01	1.924367026114235e-01	2.571428396354192e-01	3.338731799552792e-01	8.387215056491935e-01 
7337	7.568527073017164e-01	8.100008196189911e-01	5.075220234555899e-02	8.182845728246141e-01	2.023975685960944e-01	1.235564859792714e-01 
7338	9.778065040504658e-02	7.766799725362474e-01	2.555502373194443e-01	8.619288380727246e-01	3.020085677355350e-02	8.530862293323812e-01 
7339	9.160939470687088e-01	3.264645305227484e-01	3.137253141825897e-01	7.120215318792337e-01	7.745344552266178e-01	2.017244075583513e-03 
7340	5.169674842416122e-01	9.129624359230712e-01	3.252297317045624e-01	7.892557526291279e-01	4.289971406156335e-01	3.967344009921671e-01 
7341	9.140577611380724e-01	2.213532272898424e-01	4.266969539130804e-01	8.564347418684126e-01	4.739956632850847e-01	5.237708752395176e-02 
7342	5.848437789757689e-01	8.815583683499869e-01	1.022955534215612e-01	9.004055920567644e-01	6.256651127114563e-01	4.181011206569237e-01 
7343	4.950258146055316e-01	3.810083537907833e-01	9.128647457703728e-01	1.690572984109737e-01	9.521095039166677e-01	2.637672908123848e-01 
7344	6.503122061774461e-01	3.030399455163515e-01	1.302856491632125e-01	6.795728230346613e-01	2.040808793607310e-01	9.572410799286605e-01 
7345	4.285494963529615e-01	8.029521515906407e-01	9.941701763722793e-02	5.882416231428984e-01	2.564548780421396e-01	5.194032783501428e-01 
7346	4.519148741001957e-01	6.500235203851646e-01	4.846915019606797e-01	2.330628658447687e-01	9.194865223602291e-01	4.923067785580854e-01 
7347	5.122827338217716e-01	2.466450975856719e-01	6.212792180335376e-01	1.437098337548914e-01	5.926475208380085e-01	9.201782438601920e-01 
7348	5.338614778907140e-01	5.442406727799050e-01	5.653887301065068e-01	2.421864701165755e-01	2.519376069146377e-01	6.898131745233249e-01 
7349	2.969285543997251e-01	3.564985834617638e-01	8.390848808673023e-01	2.189332919697048e-01	7.854165414976113e-01	8.584972503358620e-01 
7350	6.686437689203292e-01	5.692402223952158e-01	5.695300723639242e-01	2.820097913559655e-02	5.337708434959844e-01	6.989358391907787e-01 
7351	9.152688241661633e-01	4.317156725034724e-01	7.382306495912048e-01	6.493273800733983e-01	1.631195322137139e-01	1.906115444966248e-01 
7352	3.417901245681909e-01	7.894711694636831e-01	5.345739469494730e-01	6.412897186721728e-01	5.423959385322191e-01	8.187987975218208e-01 
7353	5.088476914994480e-01	8.680880786715903e-01	3.310952821479758e-01	4.375626124175358e-02	5.971815430427871e-01	8.073038594745483e-01 
7354	4.491515106673547e-01	4.313708647770510e-01	4.138586326601882e-01	7.651797539358060e-01	9.913077127867616e-01	2.983257146362056e-01 
7355	5.128566903220577e-02	2.951008692056997e-01	5.622314511751971e-01	4.389757265490762e-01	9.934622810750392e-01	6.510344472724611e-01 
7356	8.970899849070550e-01	1.241561519630431e-01	9.630333360437745e-01	3.211675258199270e-02	6.087693534416745e-01	5.087883234131771e-01 
7357	1.513331775115606e-01	6.180304102038969e-02	8.177178896848429e-01	4.873003596934626e-01	3.486247446613134e-01	9.950200068708688e-01 
7358	7.166243213104646e-01	7.009772035485808e-01	2.511951404754190e-01	7.239110101574794e-01	2.476743779053404e-01	1.979908073297899e-01 
7359	8.116099499712552e-01	7.177522586889908e-01	3.680654976349028e-01	8.134391824676050e-01	4.384730960895845e-01	4.271262714702187e-01 
7360	2.712046484975882e-01	4.933250201250541e-01	7.286454102070949e-01	1.133085594309006e-01	1.889846523857572e-01	5.625421893514533e-01 
7361	7.488639475383168e-01	7.234475398940831e-01	6.183466112150267e-01	9.435793545129636e-01	1.013694756230928e-01	3.556782120714226e-01 
7362	8.143564056582315e-01	6.127375739066893e-01	3.959219921399122e-01	2.603751131335638e-01	3.640755665513863e-01	2.716935211020917e-01 
7363	7.703529980343443e-02	7.867677467079981e-01	1.795922092802902e-01	5.065541971255710e-01	2.748342508643954e-01	9.093532524891589e-01 
7364	7.897671805408706e-01	1.192716639067200e-01	3.702074537755661e-01	6.568938074104445e-01	9.871208835173485e-01	3.872494248312621e-01 
7365	3.199862644128330e-01	4.733227482987992e-01	5.764154987133200e-01	5.413324293286311e-01	5.929994278334112e-01	7.081212282652712e-01 
7366	7.379211667776249e-01	1.844957063333812e-01	9.038365332874123e-01	5.009046076744442e-01	6.398088944674479e-01	1.282881963289466e-01 
7367	5.823615872811845e-01	7.783220402270599e-01	7.215606704834133e-01	2.207654356475599e-01	7.310411686833076e-01	8.225921899035632e-02 
7368	4.467386379188598e-01	8.990100087770855e-01	3.319531318956768e-01	7.711755789174605e-01	4.967994581515039e-02	4.878259048595172e-01 
7369	1.072680638379548e-01	6.951258936450939e-01	9.202042341899720e-01	1.711830018938477e-01	7.279235506305816e-01	7.821872105616354e-01 
7370	4.218515673875469e-01	9.748329161678125e-01	6.767496184987981e-02	3.220283830356108e-01	4.074151587685134e-01	7.274557124849399e-01 
7371	3.693145301983934e-01	2.633629388523470e-01	4.458351135795286e-01	4.204144286493877e-01	9.269765112222290e-01	3.703924372549620e-01 
7372	1.644737316170478e-01	6.254653701269224e-01	7.115698683202447e-01	6.521073354450729e-01	7.764444517063442e-01	3.089664864688925e-01 
7373	9.162940627229793e-02	5.755951884895069e-01	7.445460254276456e-01	6.033156128447916e-01	7.083770196080139e-01	8.070257118914056e-01 
7374	8.940759021437319e-01	3.445096285188653e-01	2.520633260172523e-01	3.671683007614370e-01	6.689927070165567e-01	3.385271919365146e-01 
7375	9.908658343554233e-02	6.297742652858336e-01	5.073450483329377e-01	5.828721578727242e-01	3.078007489444869e-01	5.213859648473402e-01 
7376	5.060579196821346e-01	1.055613573855159e-01	5.047270684868708e-01	9.687874766469051e-01	6.162728774168275e-02	4.976356666904123e-01 
7377	2.964697294318317e-01	3.740949588776323e-01	4.586828252250367e-01	4.601004758343168e-01	3.995263648323701e-01	5.457284070835412e-01 
7378	4.444250490363068e-01	3.146785432312906e-01	5.112344051398593e-01	2.062645033863435e-01	7.758467028420454e-01	6.824376119423127e-01 
7379	6.016008456751406e-01	5.442111689813024e-01	5.989447914321249e-01	3.364231093205703e-01	6.754082725924889e-01	4.053375201339281e-01 
7380	3.471732303853248e-01	5.404570249205929e-01	5.306367614030405e-01	2.325448300982480e-02	6.597812859571059e-01	3.310966549658120e-01 
7381	2.207704186329030e-01	6.885872416767480e-01	3.314915038333456e-01	2.457510917226340e-01	9.192615970436785e-01	4.538471889169827e-01 
7382	3.066062738782004e-01	8.777933786905803e-01	6.013216594029080e-01	2.975688760952210e-01	2.209525943947878e-01	6.788448636068832e-01 
7383	4.271126966501768e-01	5.406928790992389e-01	8.824917065725639e-01	4.280477654043912e-01	8.072950004638747e-01	2.617223997343696e-01 
7384	1.874142877555801e-01	4.047588430181508e-01	8.759945381343199e-01	4.622184996768263e-01	6.555583659067969e-01	6.285732439759543e-01 
7385	4.759578755858572e-01	5.371463635634137e-01	6.819854985146320e-01	4.713593677083089e-01	2.456832864978537e-01	7.868159865480169e-01 
7386	6.074577106584045e-01	5.664040394949756e-01	5.595698895209278e-02	7.112225332358132e-01	3.326341192944585e-01	6.172309722719476e-01 
7387	2.620421057721337e-01	9.244757506049378e-01	3.907190228810437e-01	5.725768324792990e-02	5.573512734372483e-01	4.279497094660449e-01 
7388	5.589332248353565e-01	2.192418010313132e-01	4.813867793552151e-01	6.198299036840290e-01	6.411428284481482e-01	3.219814281470246e-01 
7389	6.260983841546426e-01	3.053901556615767e-01	6.084348330680154e-01	8.770273833959876e-01	6.381372731973767e-01	9.972494184092046e-02 
7390	9.003356783726081e-01	3.010969751287207e-02	9.602826661426117e-01	5.320430330806412e-01	7.100968792130558e-01	2.624974556481994e-01 
7391	4.556575353818382e-02	8.842184303467829e-01	1.657561984818129e-01	6.827342330633883e-01	9.046720716737675e-01	4.423635689838957e-01 
7392	1.581463265065344e-01	6.943316001837053e-01	9.261785430264747e-01	5.270854180978911e-01	4.921851478530987e-01	1.307568381471450e-01 
7393	1.463388053137407e-01	3.541731248925487e-01	8.879726220049901e-01	6.140761939092052e-01	4.961536175540333e-01	9.427899708634948e-01 
7394	6.992679490803188e-01	5.498499777622315e-01	8.901965010620077e-01	7.310519055277402e-01	3.318057985513058e-01	9.966166179429081e-02 
7395	4.553811800434810e-01	9.259883195943637e-01	8.665524314908346e-02	8.672073952707535e-01	3.053852712964954e-01	1.779898371810048e-01 
7396	3.631605922302930e-01	7.016360901124420e-01	1.861807370316637e-01	9.993026818347330e-01	1.076213745630671e-01	4.836034730661845e-01 
7397	6.735751907956720e-01	1.715798539513853e-01	9.022551455167627e-01	5.877090571490893e-01	1.663335115870673e-02	8.012953718793561e-01 
7398	8.243705574406840e-02	6.641879533755080e-01	8.652002480255416e-01	2.730050795142720e-01	6.233843288026402e-01	1.937588258639322e-01 
7399	3.261391904491140e-01	3.370051665145724e-02	8.481077883331651e-01	1.840922372727666e-01	7.570257495405235e-01	6.544471236163696e-01 
7400	1.812315092617020e-01	7.410938191959441e-01	2.949257253333204e-01	2.673063350160854e-01	4.354243191187654e-01	9.203524851987740e-01 
