51401	3.547549713234424e-01	7.909968354259728e-01	1.520427090314639e-01	9.980072118946562e-01	3.242879366002946e-01	3.558653789338657e-01 
51402	4.028828331296532e-01	5.837247519315069e-01	4.001372171074117e-01	2.163780370746424e-01	7.318120669778043e-01	6.221398195265906e-01 
51403	5.613184902039247e-01	8.411537204785304e-01	1.159084701785421e-01	5.370252611464087e-01	1.851611566098881e-01	9.597168729746905e-01 
51404	2.055282489750639e-01	9.833312919135216e-01	3.118768173469194e-02	5.400271309904497e-01	8.845723216044046e-01	2.264998956130085e-01 
51405	8.441137397433178e-01	5.320266577876321e-01	5.677333021773726e-01	2.212509772736258e-01	6.976259644393421e-01	2.068208012803638e-01 
51406	1.967155590096332e-01	8.396599215462359e-01	5.866541848229546e-01	2.317409549167873e-01	6.411071457362844e-01	2.588389934014769e-01 
51407	1.156021829245907e-02	7.142177956063305e-01	3.581910302085632e-01	7.303500132850019e-01	6.436300080098946e-01	4.807300429653688e-01 
51408	2.969519967068222e-01	8.111580118797737e-01	2.668770154917120e-01	7.225559074710156e-01	6.507639184095119e-01	3.976429843683541e-01 
51409	4.314117845980986e-01	3.243548577272555e-01	6.869298512199959e-01	7.317257269446843e-01	9.831688350104145e-02	3.731085208267167e-01 
51410	4.521322474527715e-01	3.463325894722373e-01	6.156298386164709e-01	4.711814236266243e-01	5.858651883689460e-01	4.093602722263990e-01 
51411	5.875644301090860e-01	5.257387500980951e-01	8.085290211849794e-01	5.016083905349593e-01	5.141776844232946e-01	3.238948619612741e-01 
51412	5.557686397429940e-01	3.364875688705580e-01	4.539228467755960e-01	6.649477608497674e-01	2.937688074114193e-01	5.073951729230746e-01 
51413	5.216425652334576e-01	3.135689270798915e-01	1.042059768947139e-01	7.747574283981588e-01	8.554299954822895e-01	4.403330829374362e-01 
51414	8.240953177743984e-01	2.377073650092295e-01	4.256195822312425e-01	9.896469728355251e-01	4.512302685742481e-02	6.064918301098763e-01 
51415	8.445580936794601e-01	5.427709250218339e-01	1.151778295347439e-02	7.843699206405133e-01	2.486585234445821e-02	5.620018553675636e-01 
51416	3.810383093662477e-01	4.860869206531677e-01	7.010309302517643e-01	3.324613821226915e-01	4.865312226007367e-01	5.337920733735086e-01 
51417	7.005543475451703e-01	2.327163240531965e-02	7.706327619420392e-01	5.723495912807242e-02	5.176522141970019e-01	4.326329764521590e-01 
51418	3.014980958736491e-02	9.623919808380687e-01	3.924704466728510e-01	2.673594253455982e-01	7.788665403949978e-01	5.520821306826158e-01 
51419	8.503909847177455e-01	5.974602682793478e-01	3.730827373784131e-01	6.546479583942043e-01	1.518673036936715e-01	5.362148805515503e-01 
51420	6.076045712768751e-01	7.371082245917713e-01	3.448483738504156e-01	4.529123056952322e-02	4.642578374870902e-01	8.051289889177238e-01 
51421	7.948578578804353e-01	7.838349616979959e-01	4.476230178098459e-01	3.898514974494458e-01	8.803525403463641e-02	4.345102085760117e-01 
51422	8.275498193277280e-01	5.554181673360556e-01	3.718474400237013e-01	5.356741393077079e-01	6.272184554568304e-01	4.792244265276381e-01 
51423	4.886563143767189e-01	7.663815824544253e-01	7.650615031133663e-01	5.232288130568534e-01	3.108311085946094e-01	2.166575376906856e-01 
51424	4.378897631575743e-01	5.515246677391852e-01	8.106577624132191e-01	5.049337665295279e-01	6.532650629832285e-01	2.833830549510180e-01 
51425	5.438455256530711e-01	1.725747004292330e-01	4.425034295920229e-01	8.189096239665290e-01	3.826415891414263e-01	7.380552923416871e-01 
51426	6.032785687510620e-01	5.917282569077694e-01	5.935063076386177e-02	2.897268701888791e-01	7.548230640150136e-01	5.015399972505424e-01 
51427	4.357165022021615e-01	8.677903018919010e-01	2.737161147503755e-01	2.971013824522127e-01	5.347091335350806e-01	5.908866363873254e-01 
51428	4.614974227690182e-01	8.576404649916823e-01	2.677332539513791e-01	8.225045994866150e-01	7.876841609372265e-02	6.361264451276807e-01 
51429	4.229690426497812e-02	6.279851603079426e-01	9.141397907083724e-01	4.580316777102019e-01	9.064469307098095e-01	4.534412485194266e-01 
51430	2.171771694224094e-01	5.027577002836192e-01	9.302114597938531e-01	8.412886755054437e-01	7.157984478969748e-02	2.769007580699058e-01 
51431	5.411628245044237e-01	7.036762320743584e-01	2.748150120389296e-01	3.257265072628350e-01	5.350677231210266e-01	6.212116529868764e-01 
51432	2.800691468581229e-01	3.205404529467463e-01	8.829337721726096e-01	5.051372026108553e-02	7.921129721293130e-01	9.005282798454047e-01 
51433	1.216373097650048e-01	3.608810690064193e-01	7.389653656283414e-01	4.868839814640881e-01	5.239085851099465e-01	9.775711419414027e-01 
51434	5.607578870405291e-01	7.518095995595281e-02	4.366370417978418e-01	1.975482805560782e-01	9.715168676776766e-01	6.923122652715035e-01 
51435	4.744497611323409e-01	2.533909290558353e-01	3.682375400027544e-01	9.982028122621360e-01	3.471493174455833e-01	7.260069973088483e-01 
51436	2.485655511938969e-01	8.749145834799132e-01	3.478170232010935e-01	3.756142787355492e-01	5.430097528612517e-01	3.089751608435535e-01 
51437	1.875054391253077e-01	3.873449151117281e-01	1.176734960045455e-01	5.810215510108132e-01	6.907779059080899e-01	5.711768426807029e-01 
51438	4.240568635988873e-01	6.630769810744910e-01	4.340330368117790e-01	1.779196733968411e-01	7.415840168292114e-01	4.531019716473009e-01 
51439	3.737165244817783e-01	6.127870986023746e-01	5.625240481299928e-01	3.135922546092023e-01	2.897026422220018e-01	9.319661158302481e-01 
51440	3.838089486987286e-01	7.350760953141158e-01	1.691187042019470e-01	5.013702589854638e-01	7.853467582823381e-01	3.270009557538707e-01 
51441	7.286698075949521e-01	3.590888485238139e-01	3.560936857197846e-01	9.631204934437801e-01	2.194636406085041e-01	1.010673405794377e-01 
51442	9.419099421563201e-02	5.742644493286844e-01	6.859292162602924e-01	2.719339258398306e-01	5.400931216616212e-01	5.757885092015718e-01 
51443	8.014649515251602e-01	5.464612121227856e-01	8.771574411827713e-01	4.773147802894461e-01	5.529593141636133e-01	3.187433860596693e-01 
51444	3.369493303995810e-01	3.022150605348277e-01	6.011029526881110e-01	6.781516241972648e-01	3.223298343401969e-01	9.729502654166665e-01 
51445	5.908405618222314e-01	1.664858272040566e-01	3.590927238632240e-01	2.855317530435068e-01	8.732409599273058e-01	3.647227972008311e-01 
51446	4.621843079319790e-01	8.370755447848836e-01	2.655292301376166e-02	7.273968898737425e-01	6.616881425971582e-01	2.254806481472047e-01 
51447	7.699900064157109e-01	7.242298728244402e-01	1.942195698382959e-02	7.717103581920701e-01	2.717243578065455e-01	5.463299828214396e-01 
51448	6.455890316931868e-01	1.780583818669684e-01	6.913959726607082e-01	3.832318258372203e-02	4.600637939367948e-01	6.179277020308821e-01 
51449	3.749879638188645e-01	5.423897100742731e-01	5.761398006094794e-01	5.677006606403212e-01	5.481727261170597e-01	6.798179346335711e-01 
51450	4.006024429630609e-01	1.472367251319223e-01	6.557324550527033e-02	8.457894264145527e-01	5.803534482754450e-01	7.768952985160102e-01 
51451	1.126000517766869e-01	4.258933914928377e-01	8.105314387955489e-01	7.495903771371553e-01	6.273450420381017e-01	9.872405509010125e-01 
51452	2.719630579934521e-01	9.257213224634593e-01	5.312693741033025e-02	8.038732122494779e-01	4.806876927786240e-01	6.868070973683688e-02 
51453	2.329970937407893e-01	4.366612128467809e-01	4.712162868137079e-01	4.349201571333579e-01	4.966088457581115e-01	9.512884305690520e-01 
51454	7.014378732559590e-01	5.649085363168042e-01	7.657328470263159e-01	2.816186183958898e-01	1.062569733596663e-02	7.605225493168535e-01 
51455	4.626222292631337e-01	1.912483995845261e-01	9.424251569642321e-01	5.661466835233299e-01	4.654483350792749e-02	7.805022357470368e-01 
51456	5.291494151113941e-01	6.126078309179914e-01	5.356030957896595e-01	1.265579598880324e-01	4.613373316304831e-01	9.965728854898056e-01 
51457	4.486843556756744e-01	6.240214320897614e-01	2.539324267764813e-01	5.908004591250671e-01	7.159136312231072e-01	6.669361964453517e-01 
51458	3.050275833382622e-01	7.574031934068122e-01	2.024603382299012e-01	5.026539258997217e-02	5.252818368889960e-01	4.392420473334586e-01 
51459	6.138061787686240e-01	1.545057634651826e-01	5.948268051099784e-01	1.702000005814657e-01	8.880525399995851e-01	6.904181740868673e-01 
51460	4.175199782178973e-01	2.529699724605089e-01	8.146964816948321e-01	3.783663871054478e-01	4.627882317478841e-01	9.113162667758145e-01 
51461	7.119108617755875e-01	5.734382372395487e-01	6.102835138631363e-01	4.875326894332266e-02	5.042538650961416e-01	7.678679314524911e-01 
51462	6.411110276737795e-01	9.434825585604870e-01	4.610972763642717e-01	7.643430826889899e-01	1.155794255415830e-01	1.647820176392412e-01 
51463	5.901893017822447e-01	8.140530007929455e-01	3.795755148838286e-01	3.039783865859699e-01	5.225628190310674e-01	8.132133573333213e-01 
51464	7.758439214449995e-01	2.962400772409156e-01	9.898061970650838e-01	2.968880401281460e-01	9.375421852310231e-01	2.031335144289279e-01 
51465	1.858529237956440e-01	5.587584914145338e-01	4.701287085709513e-01	2.416563476135890e-01	8.619560443169010e-01	3.640364236859712e-01 
51466	8.023791194444863e-01	8.975141592013193e-01	1.944860095810803e-01	6.540171759109225e-01	5.001343824866570e-01	2.425587248203909e-02 
51467	6.499167114495659e-01	4.160332301956440e-01	1.670796561481202e-01	7.212009893964197e-01	5.183755957807414e-01	3.669097327937788e-01 
51468	2.909845061203501e-01	6.537835263386028e-01	6.742381466588263e-01	4.053572270530550e-01	6.611358984722628e-01	5.463718193561995e-01 
51469	4.049894020978560e-01	3.830177947849296e-01	8.764582189066814e-01	5.160835097999041e-01	1.179602591590626e-01	4.730174352864059e-01 
51470	1.631450046909473e-01	7.099700107357146e-01	6.868581585188931e-01	1.724605787236785e-01	3.901911673348547e-01	9.106937982082516e-01 
51471	2.200455713416691e-01	6.528407426440468e-01	5.679870183124659e-01	2.997203313565031e-01	8.436720595929555e-01	5.734274093511005e-01 
51472	3.624227426496447e-01	4.878150205462343e-01	5.930918511039304e-01	9.068407074898308e-01	5.668066302156839e-01	9.004590484905495e-02 
51473	6.068194380938803e-01	6.566423963434393e-01	3.008586432611918e-01	6.341562175745136e-01	5.323994767808982e-03	7.015307991958799e-01 
51474	7.602398654908180e-01	6.621186703432909e-01	3.065707825141311e-01	7.473968944392452e-01	5.141740307533395e-01	9.281331614562055e-02 
51475	6.473688710432233e-01	1.909591897057787e-01	8.895585453117899e-01	2.701631146109463e-01	2.321796598912698e-01	4.850218543629265e-01 
51476	1.699748341288054e-01	5.442903058241453e-01	9.529648387042543e-01	2.951000159525247e-01	7.748098590151723e-01	5.574893157910735e-01 
51477	1.876910382131313e-01	6.416002376512489e-01	8.540937839117442e-01	2.601293982690908e-01	2.358903868665816e-01	9.963408825479847e-01 
51478	4.192087732258070e-01	4.766091766847234e-01	2.632681160950437e-01	2.390053306383254e-01	9.779158204108842e-01	6.182897962113667e-01 
51479	6.773059031728081e-01	5.886225708169616e-01	8.146184033361455e-01	9.895165962799805e-01	1.743917082855737e-01	1.620874012008988e-01 
51480	1.461249022251990e-01	7.138172709912909e-01	4.581872419137547e-01	1.776005801711120e-01	7.452468622778036e-01	5.305513207911781e-01 
51481	3.743685228752128e-01	7.971224021573039e-01	4.612247546115629e-01	3.659766549528477e-01	5.166084342654058e-01	5.849790976692880e-01 
51482	4.072584427162176e-01	4.197079688160711e-01	2.069011225465802e-01	6.690220336751327e-01	9.132030973787737e-01	6.327134722254388e-01 
51483	2.543241839160436e-01	7.244002048976526e-01	2.962900100215166e-02	5.650243777828885e-01	3.034022290859620e-01	7.930793675575295e-01 
51484	6.348837921995253e-01	6.257474640818734e-01	2.030876088671194e-01	7.979656791157554e-01	6.398738471961070e-01	5.184969670566290e-01 
51485	9.556927455394103e-01	1.773813029836328e-01	9.655255802895144e-01	1.328803912785385e-01	4.074055991615368e-01	1.560514222400050e-01 
51486	4.694189417328243e-03	4.736069814912500e-01	9.085872569874814e-02	6.808186424331342e-01	7.073895865887567e-01	5.651990174629788e-01 
51487	6.777757711077244e-01	8.594268598335941e-01	5.071283005452247e-01	5.069559399376066e-01	7.227302369784453e-01	1.100673445348012e-01 
51488	7.215190307839939e-01	5.273132814439560e-01	3.175584696180590e-01	4.405017850416861e-01	7.922052408338658e-01	1.907502320851889e-01 
51489	3.482725117010952e-01	6.536833533894577e-01	7.899021035571095e-01	7.611836778348807e-02	5.263518343961929e-01	4.123565148372268e-01 
51490	9.316462276387463e-01	4.434382766580494e-02	8.554613711314195e-01	2.056732534379312e-01	3.715872763680326e-01	2.480618289602581e-01 
51491	3.934227499734865e-01	8.954819712342390e-01	6.292266544776682e-01	3.636631652712544e-01	1.839215873814556e-01	4.035196061727070e-01 
51492	7.916503256315258e-01	2.617251940385034e-01	4.383967563357289e-01	5.124951544272185e-01	2.678953595965662e-01	3.761476602944588e-01 
51493	5.419245287993830e-01	6.960634377350623e-01	4.988319493147082e-01	7.873819768823214e-01	5.885003886840378e-01	1.623653245476636e-02 
51494	5.746076278432142e-01	1.262537758456367e-01	7.394791401401231e-01	2.440679166208252e-01	6.004416272524415e-01	8.971641136845977e-01 
51495	4.852410937893227e-01	1.313996882074615e-01	8.461473992365374e-01	1.403406715155333e-01	8.705236980109370e-01	6.278269190859691e-01 
51496	3.568907688420312e-01	1.460763857854654e-01	4.437571801353156e-01	5.954050473210061e-01	3.931434914435494e-01	5.738123269710182e-01 
51497	8.782445635947128e-01	5.964002647168716e-01	4.465608104984989e-01	1.308132193358566e-01	6.549093947624141e-01	4.516853350115537e-01 
51498	9.571698470541762e-01	4.831450127434166e-01	2.711243295429119e-01	7.465300043433230e-01	9.540729748820713e-01	1.358175522257259e-01 
51499	5.539818025139092e-01	7.270521213654102e-01	6.371880998521994e-01	7.221256754564724e-01	6.155134530425644e-01	8.378988831122147e-02 
51500	1.736033778401886e-01	7.024207411126632e-01	6.330882095425165e-01	1.076541218996303e-01	9.913339034490142e-01	4.126625400026009e-01 
51501	8.606970316837419e-01	2.932981935005818e-01	4.249433449369171e-01	4.708217764656425e-01	4.921878082699611e-01	4.844700990512845e-01 
51502	4.193311186980347e-02	6.402630298801351e-01	4.612341233364543e-01	2.579394547134228e-02	9.416031828378590e-01	3.874899404732581e-01 
51503	3.647077812043557e-01	1.133324289802468e-02	5.261911706191906e-01	3.199740823898327e-01	6.988280479552644e-01	7.205168051012623e-01 
51504	7.992270434435887e-01	6.174683475277255e-01	4.493167284041533e-01	1.567794817666706e-01	3.369561774022707e-01	9.437191814533550e-01 
51505	5.115543334823243e-01	8.153418138793116e-01	7.060162592582135e-01	1.658520097455956e-01	3.295784406707176e-01	2.724127147942754e-01 
51506	9.189766058349080e-01	5.434531823768638e-01	2.772720491573148e-01	5.800049862225368e-01	2.482993887766571e-02	7.862035098276005e-02 
51507	2.879435787302309e-01	6.760960895533548e-01	9.763396474792514e-01	2.433879673270067e-01	8.308738855340008e-01	6.435161917241482e-01 
51508	4.566770818954481e-01	3.945972781479833e-01	1.418456907508532e-01	7.103952335480685e-01	3.335272931773277e-01	5.682783982958803e-01 
51509	3.477553849205210e-01	9.865945645936895e-01	5.394028094397341e-01	9.118162236814253e-02	6.881250972747714e-01	4.119155409777606e-01 
51510	4.331838168650326e-01	4.722017986517191e-02	8.071144181508105e-01	6.916308702448876e-02	9.614806582456600e-01	6.619812962101592e-01 
51511	9.347963862663472e-01	3.852520065578265e-01	2.067606897992358e-01	5.043485458309842e-01	9.360600125547724e-01	2.502629685183814e-01 
51512	2.280152229014332e-01	1.112432066683084e-01	8.848725571852208e-01	3.272499666478066e-01	6.033094055386834e-02	9.939037019138350e-01 
51513	1.075495638592254e-01	6.834337947971904e-01	1.644644446646220e-01	1.270811003299624e-01	8.534420404999387e-01	7.051406472799600e-01 
51514	2.246573672442616e-01	9.219070635934055e-01	5.510347437242660e-01	6.199062206220313e-01	9.262180575249878e-01	2.258786076647352e-01 
51515	9.006979744457160e-01	3.149277944313945e-01	3.005283948109699e-01	8.911498717734242e-01	1.497177596867126e-01	2.279827274031019e-01 
51516	8.884447005875914e-01	1.546032380274118e-01	9.501413168374681e-01	4.341282654529028e-01	1.346061339871837e-01	2.224306593314703e-01 
51517	2.054597935511548e-01	7.954196502264693e-02	2.976015776229198e-01	5.920271284483877e-01	7.065031095384309e-01	9.540233287598052e-01 
51518	4.889743161947806e-01	2.561567074820904e-01	8.689615777173045e-01	7.440183321295257e-01	2.623199294408877e-01	5.917279175627860e-01 
51519	6.308792995868406e-01	8.763526233055695e-01	6.236931711522861e-01	6.079548402632406e-01	5.214227651338708e-01	2.094785745200898e-01 
51520	8.359445877164701e-01	6.107018836456997e-01	6.078267134128025e-01	6.221453742952998e-02	3.643423108583972e-01	6.961183232384143e-01 
51521	2.946416318313296e-01	6.511259384535917e-01	2.958292206798739e-01	5.735981808256074e-01	1.843727431895244e-01	9.925910574402852e-01 
51522	1.911307383591221e-01	7.677640065398328e-01	5.443074681890494e-01	4.111755979640156e-01	5.821721827822263e-01	5.396356800862778e-01 
51523	5.064109089412400e-02	5.799349347258457e-01	8.860010863574154e-01	4.420352796877092e-01	6.894141270093883e-01	6.090705272198091e-01 
51524	4.877356905142964e-01	6.921050178328844e-01	1.148505680598156e-01	8.947201231693852e-01	1.076320731392091e-01	6.633098000001570e-01 
51525	6.249301510911953e-01	3.915069825151885e-01	1.105944015754928e-02	9.183175183670269e-01	2.325694210216068e-01	4.001231454362054e-01 
51526	6.160407339831059e-02	4.533445035438099e-01	8.367124710992988e-01	2.661776224865316e-01	6.936361837300007e-01	5.083503918897779e-01 
51527	5.840455548701757e-01	7.387933176193906e-02	7.780908649910392e-01	4.056880047556753e-01	2.019080001586683e-01	6.866512886273807e-01 
51528	5.470748425039669e-01	1.869896455860174e-01	4.649272962906713e-01	4.297424332424918e-01	4.096682971060550e-01	8.380369571751902e-01 
51529	9.302333169791899e-02	8.742439117005699e-01	5.920888800325294e-01	5.213023049794362e-01	7.006338025695180e-01	3.677337242104560e-01 
51530	3.247984597382889e-01	4.019719295055352e-01	5.747372072273125e-01	3.814768877031620e-01	7.568553485384333e-01	4.559041549945703e-01 
51531	3.640353813045373e-01	7.955836409301245e-01	4.430089141397194e-01	4.337906241024023e-01	3.497240201289132e-01	4.669987095780136e-01 
51532	5.130506782548374e-01	5.832948957953759e-01	8.070119584542563e-01	1.658888341603385e-01	7.709505558670549e-01	5.865714392576691e-01 
51533	4.581336537465069e-01	9.350349466598468e-02	4.793031036258645e-01	9.568779567584892e-01	8.401689945392373e-01	1.399322222221788e-01 
51534	2.234476471349178e-01	7.354613619508297e-01	2.379591152898788e-01	9.408233366549285e-01	6.936289524883812e-01	1.239531044497904e-01 
51535	5.094860040814442e-01	6.741083998761446e-01	2.589045350886836e-01	9.135981067565435e-01	1.949694309829542e-02	4.856656203786983e-01 
51536	5.253468499154164e-01	2.204915537338241e-01	5.485849081164005e-01	3.522703463475673e-01	9.650967790613114e-01	3.403586733001739e-01 
51537	2.232681991551849e-01	9.276095702388555e-01	5.789119920475492e-01	5.174028653518593e-01	6.112244629545327e-02	7.518474245070570e-01 
51538	4.534016704803069e-01	7.368573417974051e-01	5.997952892952749e-01	9.995146684029454e-01	3.880296508667928e-01	9.076282049122120e-02 
51539	8.726565362185774e-01	5.272752476769205e-01	6.289504765713395e-01	1.141692997821031e-01	9.654154771149632e-01	6.617195675552379e-02 
51540	6.219499779084081e-01	6.569462693396775e-01	2.291762897825447e-01	7.717783809389723e-01	3.700185813910079e-01	9.115920403514549e-02 
51541	3.908316450856111e-01	7.946976993500462e-01	6.708761063563574e-01	5.514163512195166e-01	1.400374089428182e-01	6.100640675435687e-02 
51542	3.088997199300129e-01	7.807406231544071e-01	5.235579730295030e-01	3.926823989285743e-01	2.738624610273758e-01	9.627901898896769e-01 
51543	3.427704605182741e-01	3.686865960797590e-01	9.243402498640730e-01	5.975892838590313e-01	3.471573373630018e-01	4.814003854592147e-01 
51544	6.538381275629823e-01	2.991574201476935e-01	7.234727527390683e-01	7.874326464120849e-01	2.395119113994398e-02	5.222419396785307e-01 
51545	8.788168331270646e-02	1.098334139975760e-01	6.815956066102354e-01	9.215556507519989e-01	4.438245607705066e-01	7.848541192018900e-01 
51546	5.295824777049429e-02	6.898817327545561e-01	8.941377292517430e-01	5.114164924604656e-01	1.764847821438580e-01	5.215478685261358e-01 
51547	4.631867024052800e-01	1.692275196553796e-01	7.776736614964713e-01	2.038637047108536e-01	9.233849359634653e-01	2.274593584028084e-01 
51548	3.209746225712468e-01	1.736155608264822e-01	5.190287637887453e-01	2.329408527592174e-01	8.252910481334095e-01	5.031440741057474e-01 
51549	3.518718127874632e-01	2.938582983217944e-01	5.216611517260972e-01	5.353304822865714e-01	8.376639342420510e-01	2.475889479929876e-01 
51550	3.267851828306473e-01	5.610765433114591e-01	9.886252778900545e-01	2.088099076828574e-01	5.381320852883966e-01	4.113505769199245e-01 
51551	4.233881612960662e-01	2.956859979475007e-01	7.000722191735396e-01	9.939578564459645e-02	8.716303823603830e-01	3.201169336076545e-01 
51552	7.258272764516891e-01	5.096309306448511e-01	5.562763485140466e-01	9.322387438376389e-02	4.628581961303789e-01	8.229022185855230e-01 
51553	6.332164729221390e-01	4.856943300293307e-01	9.754963052816950e-01	3.666438908231417e-02	8.386430811207473e-01	6.924998672677035e-02 
51554	3.076343386177178e-01	5.291128081683039e-02	8.448750215883865e-01	9.190728090220586e-01	4.221894566214636e-01	4.086837497297860e-01 
51555	4.235240954418028e-01	6.405799039175828e-01	2.861236820306987e-01	2.878970596768684e-01	8.189125606281629e-01	6.356352556852487e-01 
51556	6.177022335301202e-01	5.131547803573233e-01	7.496278573860667e-01	1.604136810512213e-01	3.106665938526701e-01	9.594644101747911e-01 
51557	9.885223904909118e-02	9.107286141880813e-01	3.187653735392317e-01	4.790233958732789e-01	4.526839456605777e-01	6.937491836275287e-01 
51558	8.510172489729650e-01	6.670917468889789e-01	3.115358435000451e-01	4.879700280275374e-01	5.980690588648332e-01	9.285489022306315e-02 
51559	6.276225082520168e-01	4.293196303884739e-01	1.792069366036367e-01	7.157747827726055e-01	4.608281852081110e-01	9.457106091335978e-01 
51560	6.522714326942489e-01	6.157170276096767e-01	1.651492617636686e-01	5.272338547107940e-01	1.815961606329251e-01	5.346616002695057e-01 
51561	2.882290851550743e-01	4.477533403134770e-02	9.486839134475418e-01	1.210961023749778e-01	5.585143520381299e-01	8.032069621787805e-01 
51562	2.740370854126717e-01	3.675208778628564e-01	9.420997283804948e-01	6.278730819910772e-02	7.835847510202872e-01	4.550730155206424e-01 
51563	3.435388003936893e-01	8.581177620519611e-01	7.190774092492026e-01	1.621772285541956e-01	2.427728123461328e-01	6.601581530518194e-01 
51564	4.358623758184644e-01	6.476614504909427e-01	6.816795050512907e-01	2.037215375093751e-01	4.576829216844103e-01	7.671838512730926e-01 
51565	4.172298717597845e-01	6.800855307797613e-01	3.867435843851765e-01	6.669320863358965e-01	4.319537642157699e-01	6.166195295671945e-01 
51566	2.040415656107013e-01	4.627329948557451e-01	5.330231131721719e-01	8.932385555790507e-01	2.618328774706380e-01	9.513145239384271e-01 
51567	3.265506539720157e-01	4.585924043949727e-01	8.822501824139698e-01	4.706638541811622e-01	3.738276508553959e-01	3.128221542672046e-01 
51568	8.024786631819858e-01	5.708290627021315e-01	1.071585721949084e-01	5.283170502634799e-01	5.542637801853417e-01	8.974192055843584e-01 
51569	7.822340513492575e-01	5.792850396812541e-01	3.509224304496174e-01	8.848493189716873e-01	5.689455573160571e-01	3.009940822647417e-01 
51570	7.844419699493781e-01	5.193083340427824e-01	1.915500837616018e-01	3.340132063085949e-01	5.862771991279250e-01	6.243573308109573e-02 
51571	4.057102005043050e-01	4.193241567194559e-01	9.767497377680234e-02	8.849260135781061e-01	5.053892198113739e-01	9.829483147924911e-01 
51572	5.852731464419709e-01	7.745004420123216e-01	7.821708140354342e-01	4.089803960536574e-01	1.401450109591951e-02	5.992213333147505e-01 
51573	3.526057812277028e-01	4.961392355253679e-01	5.575145342899392e-01	9.448054738568900e-01	4.333838031281119e-01	2.268096646891620e-01 
51574	5.720743437880973e-01	4.178840918238826e-01	2.673140310544048e-01	6.307013305689282e-01	7.197857889959125e-01	2.024265966440478e-01 
51575	4.597462137326998e-01	7.621706357847192e-01	8.062836000118978e-01	5.233122341779939e-02	5.118198394020010e-01	5.833156244074309e-01 
51576	4.069229149417776e-01	8.455329213475484e-01	5.770213968070301e-01	2.080305660633291e-01	1.694017900801335e-01	9.248315961448634e-01 
51577	6.759940466137089e-01	3.178060094383580e-01	5.019000513686114e-01	1.495303469394674e-01	9.923630895982878e-01	1.394146560020297e-01 
51578	2.964986471078424e-01	7.039841569542872e-01	8.208546774212849e-01	2.971104943540951e-01	7.331200856450604e-01	6.803438244802101e-01 
51579	3.970897182815915e-01	4.623765650926397e-01	6.520735091482679e-01	3.707348685315811e-01	1.061774703077488e-01	8.052245959934784e-01 
51580	5.195084481632721e-01	4.698149236307867e-01	9.471102777474659e-01	4.231403279423555e-01	2.326952727208620e-01	6.823473155948849e-01 
51581	4.544227633591844e-01	6.800830181181572e-01	5.710250036097202e-01	7.421979358274097e-01	1.397441237678299e-01	6.466758226206826e-01 
51582	4.830656240197699e-01	5.553333950125579e-01	6.313918858523531e-01	1.503043430006772e-01	7.696052050431402e-01	2.390666829024624e-02 
51583	1.989087968187051e-01	9.691994894948215e-01	5.133024366353085e-01	2.645726208866915e-01	8.256554971270519e-01	1.831714582284919e-01 
51584	2.307421929962655e-01	5.594215805679303e-01	4.151836863543007e-01	4.207426492402399e-01	9.576721628480527e-01	1.139179905847520e-01 
51585	8.235485054755498e-01	9.810692464956272e-02	9.913782191742494e-01	6.361086521425554e-01	4.437889555485310e-01	2.758121547725377e-01 
51586	5.174318460137162e-03	9.234211456629934e-01	1.890311583383228e-01	8.251739870029184e-01	3.134401913016854e-01	6.349452557254829e-01 
51587	7.275602825989098e-01	9.427221442646702e-01	5.690576220288198e-01	2.786575322450074e-01	6.111456387422451e-01	2.049052661249541e-01 
51588	4.240995637625703e-01	9.956672555019184e-01	1.805770869371447e-01	9.366117457863219e-01	2.166136498786509e-01	3.360364361183218e-01 
51589	2.186311219787825e-01	5.036370920464905e-02	7.384577008888518e-01	4.536024322063932e-01	5.049530043946278e-01	8.883939588166700e-01 
51590	1.517054281925302e-01	4.524208504944081e-01	6.428130493801854e-01	5.428067118154716e-01	5.982449884595387e-01	2.145736851576380e-01 
51591	7.635529572272723e-01	1.765984018407480e-01	4.740540582554264e-01	4.409954372101813e-01	6.077520174304696e-01	3.912630945056114e-01 
51592	6.203413192653398e-01	2.133123798481286e-01	7.836936606432441e-01	6.817754519787826e-01	2.764917187078035e-01	8.269187160648177e-01 
51593	6.262770605457885e-01	4.830622740526780e-01	5.726000794068783e-01	4.881293444997683e-01	4.762289902332749e-01	6.783389089022459e-01 
51594	6.388760211132600e-01	5.759398216925812e-01	1.376267255732110e-01	8.314118828312433e-01	3.168839069970061e-01	8.749909439120358e-01 
51595	5.528777707840327e-01	2.527981581048442e-01	6.157955007695318e-01	3.698102718803908e-01	5.036157247848518e-01	9.482077996366562e-01 
51596	7.805978056401770e-01	9.839251071901105e-01	3.762541471002302e-01	4.762085543069322e-01	4.416765453449384e-01	1.485989359196810e-01 
51597	6.002493909315749e-01	3.392177612497583e-01	8.605957416846980e-01	3.675260975134226e-01	3.040057877527179e-01	6.103877049933524e-01 
51598	5.091399431414427e-01	5.160045088615766e-01	5.814954282845225e-01	8.992792046038843e-01	2.095187272833636e-01	3.437050101360710e-01 
51599	6.530029021256409e-01	2.045332306620364e-01	6.415123392808382e-01	7.435666676054620e-02	4.639248235349138e-01	6.242948420832546e-01 
51600	8.582092118975294e-01	5.076468037725784e-01	1.732907650159971e-01	4.143551003001433e-01	7.895848397664913e-01	1.712986673470281e-01 
