29001	4.113136282802721e-02	2.181263041825882e-01	7.590085897719073e-01	7.810172525386492e-01	9.863430662924333e-01	4.728341479525004e-01 
29002	6.616551348104426e-01	6.246970040130879e-01	6.403983990830397e-02	7.212367375111763e-01	1.808974852359189e-01	7.189200793411078e-01 
29003	1.064459799845497e-01	9.859883115220925e-01	4.581600383233552e-01	1.228720563227907e-01	7.997790390765758e-01	3.971858030183082e-01 
29004	4.594647604715050e-01	9.022579232502272e-01	2.960174759260971e-01	7.541847537998219e-01	7.027859689960344e-01	7.485312212599293e-03 
29005	6.810280190003934e-01	1.013990275313126e-01	7.715159325732573e-01	2.799693947179002e-01	7.064949383475134e-01	7.379261325731954e-01 
29006	5.211522246905331e-02	7.270999443112934e-01	6.874368518514347e-01	6.304453677967489e-01	1.623762666888307e-02	8.920722363436815e-01 
29007	4.716670831081782e-01	5.403389176242741e-01	7.545861586677326e-01	3.191057654891787e-01	5.640091449331284e-01	2.252035562140471e-01 
29008	7.250765340382048e-01	2.913618439943061e-01	8.440801196815662e-01	5.292517465980601e-01	2.580098326619719e-01	4.202066001090711e-01 
29009	5.987811060095436e-01	4.978284701260818e-01	3.153995509503614e-01	8.640388824849559e-01	1.471161484306000e-01	7.395002592516424e-01 
29010	8.642239406808243e-01	4.025802191420157e-01	5.697947097061308e-01	4.871232580413087e-02	5.293229828057990e-01	4.342035774111883e-01 
29011	3.253528115389150e-01	9.296930054510224e-01	1.723091836904566e-01	6.616712789891193e-01	8.544717878519750e-01	4.734435760159727e-01 
29012	6.235730432954987e-01	6.860641609059730e-01	5.564744770267600e-01	4.507632005247285e-01	8.298236474613537e-01	8.940340383570267e-02 
29013	5.689896925793436e-01	1.802875923717583e-01	5.480835585252114e-01	1.455380448573906e-02	7.150463816456997e-01	8.294538565168734e-01 
29014	2.352603498168199e-02	4.830977947998275e-01	5.286919562098846e-01	3.114972488991513e-01	8.127509003578439e-01	3.777691745343087e-01 
29015	3.282110643941197e-01	7.821959232191602e-01	5.414817576220137e-01	4.568768087980579e-01	1.052143892335246e-01	7.529761919525322e-01 
29016	2.492347762027584e-01	6.387556252192811e-01	2.940363626033628e-01	7.171309492460800e-01	5.910046871388652e-01	2.470466115006990e-01 
29017	7.718775628231243e-01	7.454844555189261e-02	8.446850816321503e-01	3.704393052003057e-01	3.961027868202805e-01	3.183323420426889e-01 
29018	7.955465395023176e-01	5.475768495604822e-01	2.235816728769814e-01	9.740502316891064e-01	6.917758877073141e-01	3.596024769463189e-01 
29019	7.646590854738273e-01	9.638328987750662e-01	2.636441628905875e-01	3.751006560553737e-01	3.631020232415445e-01	1.629784100789764e-01 
29020	5.665431795861928e-01	8.769926981947110e-01	1.884728414458277e-01	5.468118741833361e-01	8.760510947421123e-01	9.666839805737978e-02 
29021	7.664308030040361e-01	3.979632480507973e-01	5.415565916209231e-02	6.475679063440851e-01	6.704158054786787e-01	3.411026526903357e-01 
29022	5.272423074620631e-01	4.197869204870305e-01	5.353488073137009e-01	5.613795426052732e-01	3.023980257930247e-01	1.719531962845215e-01 
29023	6.136970250840190e-02	7.312038119383990e-01	7.907041988787310e-01	9.039708329018218e-01	7.708528350368316e-02	6.246826333591707e-01 
29024	2.795797351328992e-01	6.425066606815164e-01	7.136429798764020e-01	4.403187497737439e-01	4.815467128323238e-01	2.272127404962862e-01 
29025	1.815862977002053e-01	5.570410987449294e-01	2.502375823180056e-01	8.707473308188435e-02	9.677190088924070e-01	5.744189558279910e-01 
29026	6.393715995840359e-01	3.776884593144142e-01	3.067614629961111e-01	8.200276004938708e-01	4.658243170933487e-01	6.580737920870977e-02 
29027	9.131709692109583e-01	2.606558263637726e-01	3.497964336785865e-01	5.693193609447085e-01	7.355747205861600e-01	3.082296758208725e-02 
29028	3.517710135637325e-01	5.589418550714647e-01	1.726384687221463e-01	6.170658929175223e-01	7.427189863685301e-01	7.979399993376799e-01 
29029	5.797002147898042e-01	3.096426019717119e-01	3.417193381074504e-02	9.469098324870499e-01	5.944226508730893e-01	6.118753236433779e-01 
29030	4.891048022987634e-01	7.098803001960157e-01	1.190642813429137e-01	6.028967668215679e-01	9.675834647142211e-01	2.945345682812771e-01 
29031	6.143826565054225e-01	3.666524341355650e-01	8.883531815389878e-02	8.372901263035993e-01	1.627898101680912e-01	8.096322717599825e-01 
29032	3.276342743389828e-01	2.184820136456312e-01	3.208337947170454e-01	7.438721013791190e-01	6.362916198563766e-01	5.991644443460549e-01 
29033	7.488278087003535e-01	6.499977434808684e-01	2.125199325410835e-01	4.843031978055233e-01	3.949322396179303e-01	5.413027449758285e-01 
29034	2.627749613855208e-01	4.418759011449891e-01	4.166371764671098e-01	8.823735333042955e-01	4.232339965932894e-01	9.847266712717310e-01 
29035	3.733721966451997e-01	9.949754869094952e-01	2.366169799336963e-01	7.065985575389914e-01	8.255547379807071e-01	3.016773139228058e-01 
29036	8.601435542282378e-01	6.970977776004798e-01	4.791386920748962e-01	4.939862650008783e-01	1.276569425757768e-02	5.211282342290060e-01 
29037	7.300950326595393e-01	5.808761091217139e-01	4.198770977549525e-01	1.976742141425221e-01	5.604560484714607e-01	9.998594605819208e-01 
29038	6.356659827935551e-01	9.463412329882753e-02	8.028135539808956e-01	3.361300735987983e-01	5.528156176075566e-01	1.837651383817771e-01 
29039	7.052619954963100e-01	3.631344737990947e-01	5.869707990503154e-01	8.641649880208438e-01	2.542576516377538e-01	5.749279720112779e-01 
29040	7.151161558604326e-01	5.550982434877406e-01	7.939518223638178e-01	2.944813485474513e-01	2.112735388993587e-01	9.380711749845385e-01 
29041	5.063196187248684e-01	3.651659684128556e-01	9.787815450955175e-01	3.212895210235815e-01	1.660836225796016e-01	3.200472929248386e-01 
29042	8.191002566971648e-01	9.451611304041668e-02	7.239721899719740e-01	5.648151805753423e-01	4.173148982386687e-01	8.018990970828732e-01 
29043	4.151697169894628e-01	6.469645871648840e-01	1.264857306716621e-01	9.380826751010055e-01	8.096744592763597e-01	6.718973272403232e-01 
29044	9.822453186943225e-01	9.236984466949673e-01	8.249801232071241e-02	3.568496566620375e-01	6.751237364591579e-01	2.666754743577763e-01 
29045	3.752024466087374e-01	7.248330917496215e-02	7.197192744883878e-01	2.494419767230868e-01	7.634131059463776e-01	7.817745906223630e-01 
29046	1.312061689406349e-01	7.022397714842582e-01	3.890249117361355e-03	3.965206906774100e-01	5.732977345477135e-01	9.616457288610359e-01 
29047	8.534861183620894e-01	2.656852803982341e-01	9.758602305583342e-01	2.814799405599116e-01	7.027964071257734e-01	4.645634004944396e-01 
29048	2.266299768046810e-01	1.717701608794536e-02	8.691419208540878e-01	6.649272581771895e-01	3.643411173239366e-01	9.551461253896083e-01 
29049	9.017322769398383e-01	1.439125180396936e-01	3.034097992705052e-01	9.932896266742650e-01	4.631815355232471e-02	6.005913603388917e-01 
29050	4.274358418909479e-01	4.120526216372803e-01	2.406967330354660e-01	7.291039330484874e-01	2.925185678129714e-01	6.329570202034509e-01 
29051	8.424895886004793e-01	8.071456717796291e-01	4.199054682364988e-01	1.005334298348069e-01	8.284473804353246e-01	6.394479813864379e-02 
29052	8.050094578092608e-01	4.202199452291951e-01	3.777827253510936e-01	8.919422549589263e-01	5.106296570450828e-01	3.144259661832227e-01 
29053	8.202372719226902e-02	6.064948182809247e-01	2.587311959485000e-01	6.861684194118705e-01	8.689207697445595e-01	4.508889641300308e-01 
29054	5.787333915235939e-01	2.936330628585958e-01	1.917762903339680e-01	2.310190035893356e-01	8.777453553776153e-01	9.443933016549715e-01 
29055	5.479723558427980e-01	3.799606363950346e-01	3.830354421028422e-01	4.056872546715148e-01	3.320294330488671e-01	6.473745453027340e-01 
29056	8.176351440183798e-01	2.251403449387535e-01	9.983714785265920e-01	3.630502923480988e-01	4.150741300761265e-01	2.152833535489617e-01 
29057	6.057465892709055e-01	7.215336368240166e-01	4.042870851326563e-02	9.388181380277891e-01	1.328597443353123e-01	3.977950955715820e-01 
29058	4.159997189291857e-01	7.130015487024650e-01	4.891171689793030e-01	4.986575335672049e-01	8.087449643256892e-01	3.766580670250049e-01 
29059	7.328604084859303e-03	3.270296306889664e-01	6.102345001879297e-01	6.344187889295622e-01	8.540084643820665e-01	4.414082343225295e-01 
29060	5.047241604702601e-04	6.084557539612807e-01	9.514835686528403e-01	5.477385200129820e-01	5.448530174756016e-01	5.266862313320990e-01 
29061	3.083529293167742e-02	7.734028477819833e-01	6.223191884185442e-01	9.446264331085851e-01	5.802351156609350e-01	4.597030767326515e-01 
29062	2.097561079675447e-01	5.542823477594057e-01	9.131643937226523e-01	1.213234574963687e-01	5.248468824214594e-01	5.101296113409741e-01 
29063	5.776272168547331e-01	3.696537369963676e-02	6.405455783201264e-01	9.359571359095513e-01	4.048056168011043e-01	1.984338117121213e-01 
29064	3.820133754587067e-01	5.058899942509251e-01	4.892314923912613e-01	3.432574122274317e-01	2.406882045744831e-01	6.156775678838461e-01 
29065	5.477213264389545e-01	2.798438244095292e-01	6.077220102633540e-02	6.625161497918879e-01	4.671111751073578e-01	7.515885157769751e-01 
29066	6.459163044213567e-01	5.906562355829543e-01	1.891298201139890e-01	7.714164713929277e-01	4.923255534148943e-01	2.464476821951691e-01 
29067	9.586335114173985e-01	1.361169946325947e-01	2.380926885638637e-01	9.944357791566872e-01	2.751926726391318e-01	5.115481994885962e-01 
29068	1.898089194944215e-01	8.431920109540668e-01	7.388195672694190e-01	2.163385472397486e-01	5.648690303541751e-01	6.281531676948584e-01 
29069	7.854130055214987e-01	1.369140563486833e-01	8.362722588882634e-01	5.798025891236658e-02	9.227139917364839e-01	5.400968461114461e-01 
29070	6.792712789194794e-01	6.789896862443214e-01	4.021124633775267e-01	2.753725789654190e-01	4.191613734040583e-01	5.784103161063308e-01 
29071	7.860030267580570e-01	5.148639410099807e-01	4.532298918235746e-01	4.801545278738118e-01	9.240388007450311e-01	3.047032814436583e-01 
29072	8.077351565417834e-02	3.900079868680442e-01	5.816286379994471e-01	3.706942202291543e-01	9.997336782066685e-01	7.080687369300542e-01 
29073	4.386212112383543e-01	7.633225482803557e-01	3.399527549542625e-01	5.875101052262865e-01	2.510158491938133e-01	7.149302497579211e-01 
29074	4.974730588159396e-01	5.082126015909562e-01	4.588589555715787e-01	7.127401617323733e-01	6.010457533361915e-01	3.954601975908115e-01 
29075	5.063674927643327e-01	8.945753214860573e-01	4.154735331000015e-01	2.735027378406775e-01	7.739956817449641e-01	2.987175591531072e-01 
29076	2.073597789430186e-01	7.622106399907677e-01	7.459221914401630e-01	7.129387029215223e-02	6.329689584704221e-01	8.001006313204363e-01 
29077	1.899826859086853e-01	9.568109012599872e-01	4.230032740011662e-01	5.029813212344685e-01	5.419799542182366e-01	7.215174023129112e-01 
29078	8.239891443959446e-01	4.282031803475950e-01	7.370676173906969e-01	4.990277648372526e-02	8.622768641334231e-01	1.525084176964158e-01 
29079	7.279698481206398e-01	3.303542345241401e-01	8.993845832670035e-01	1.374473563515608e-01	7.193005065521618e-01	2.439602772566841e-01 
29080	3.472883757304310e-01	7.631109475421021e-01	5.247787006280731e-01	7.762619037848533e-01	4.002010512945529e-01	8.680589461799659e-02 
29081	7.574291180703816e-01	1.819504326924892e-02	1.054414559752583e-01	7.992113875358078e-01	6.736725156812626e-01	1.964919001286003e-01 
29082	4.376106686954704e-01	2.609895032969436e-01	6.256176545003971e-01	2.165778138041425e-01	6.568652860049951e-01	5.562445873729597e-01 
29083	6.849565297744513e-01	8.206412822156924e-01	5.264147971154175e-01	1.373942854651314e-01	5.927761278390308e-01	4.312792995643632e-01 
29084	5.305710328875473e-01	6.485663938765303e-01	9.803888180439090e-01	3.139641787823938e-01	8.814300296373073e-02	4.792311825303842e-01 
29085	6.021157419207646e-01	2.073964247178391e-01	4.925418055397141e-01	6.787515197651072e-01	2.216371842596889e-01	2.179698284561128e-01 
29086	3.461549585968526e-02	8.861403007694724e-01	2.424365428500144e-01	3.037641203961078e-02	8.745672602194876e-01	7.631121515451823e-01 
29087	1.583377598332347e-01	6.074633322420080e-01	1.862823578711776e-01	9.107897938379842e-01	2.100065448190157e-01	6.066903769429910e-01 
29088	6.374799907274257e-01	2.684742632438114e-01	5.000059165930753e-01	6.911729981018175e-01	3.834686620556120e-01	3.151481544520360e-02 
29089	3.945632908049068e-01	4.390999333022559e-01	3.881369489096844e-01	5.949146136134797e-01	8.209877551978048e-01	4.291592553271506e-01 
29090	4.371387160483589e-01	7.017339709471057e-01	8.970951071571023e-01	4.169012826175017e-01	7.166560981621434e-02	6.944594473886061e-01 
29091	8.050686027197794e-01	8.941832067913986e-01	2.231552027041008e-01	7.888127099137472e-01	6.626820708930367e-01	1.634725854615146e-02 
29092	6.548625877633384e-01	5.932730758674849e-01	1.203673384785664e-01	6.724653276007396e-01	4.011082574330286e-01	4.965942275640983e-01 
29093	4.572449072475049e-01	3.050464734300606e-02	9.198888857296372e-01	9.672008474123681e-01	2.207259641177877e-01	7.579737460184880e-01 
29094	5.024610239029325e-01	6.204231497139819e-01	4.492335473606478e-01	1.406977501242351e-01	5.468934141971455e-01	8.378624603747319e-01 
29095	3.613193027302199e-01	7.404270759154566e-01	4.302425270150447e-01	8.536535625482877e-01	7.197617139902607e-01	1.401495818476237e-01 
29096	5.081086206423878e-01	3.619580956920293e-01	3.377489151999856e-01	8.165395714463355e-01	4.807389817023682e-01	7.160565077393723e-01 
29097	6.359079625025924e-01	5.529987895273533e-01	1.951616080416214e-01	5.329238852861533e-01	4.216956415828675e-01	7.641893819078297e-01 
29098	5.138456123382792e-01	1.996048742427930e-01	2.390983523581498e-01	9.918262607787554e-01	3.427009127401276e-01	7.055859259589752e-01 
29099	6.723260826429134e-01	5.888121991750344e-01	5.098897296018374e-01	4.533729266293600e-01	1.947102712293874e-01	8.247125418273120e-01 
29100	3.157175516005856e-01	3.290646335095752e-01	2.382647762283846e-02	8.718540408181976e-01	4.582250439976798e-01	9.546797362315482e-01 
29101	2.423471816278140e-01	5.854699119345952e-02	4.837273014968699e-01	3.806218995108223e-01	7.163337439706060e-01	8.200710768700102e-01 
29102	5.074325191558156e-01	3.876128480627334e-01	2.116005658785406e-01	9.836128110158969e-01	7.301997231505553e-01	6.023198429547156e-01 
29103	1.569416498422913e-01	3.993154525139680e-01	9.004717035961435e-01	3.491139852101981e-01	1.246990119038133e-02	8.306188842375055e-01 
29104	8.832333448014303e-01	4.836280862755304e-01	5.012365502328345e-01	7.890411498857923e-01	6.500388470238170e-01	5.742465733212021e-02 
29105	9.176985833310178e-01	3.382258543346781e-01	2.597016613136359e-01	9.056914348009506e-01	2.686704236057499e-01	4.594655540287625e-01 
29106	4.322783336280880e-01	6.961968671961247e-01	3.402486160628318e-01	8.129938949486895e-01	6.368394942690498e-01	1.388186108995173e-01 
29107	3.614087826962317e-01	9.372886904006498e-01	3.899680913015019e-01	5.117167500414725e-01	7.100115532688434e-01	6.493913320199945e-01 
29108	5.408656008395830e-01	7.464128932069536e-01	9.358667558496249e-01	2.388831798661382e-01	3.453264952573993e-01	1.520904257648513e-01 
29109	2.357938620713512e-01	4.392559538747408e-01	3.243144396450386e-01	3.178125618889818e-01	9.406476575279873e-01	6.989238260186600e-01 
29110	4.700396637902299e-01	2.694809960122523e-01	7.326827987717737e-01	8.827299277427821e-01	2.129800150847824e-01	6.467110953406223e-01 
29111	5.554909657014407e-01	9.054080377797146e-01	3.108652047346896e-01	2.275853352485068e-01	9.688837155322202e-01	5.473180074620876e-02 
29112	3.171430302524097e-01	3.311085042509145e-01	6.643821837025841e-01	9.834715651867422e-01	8.721747224366999e-02	6.241223503007309e-01 
29113	1.767341580975468e-01	8.670812076447745e-01	3.762402238171632e-01	4.257520210288209e-01	3.911629126274546e-01	5.857027447357888e-01 
29114	6.782197853462688e-01	4.174875627689955e-01	2.111806953507295e-01	8.741904474212092e-01	2.120780373528293e-01	3.936295521151584e-01 
29115	3.478815940325939e-01	5.260817711602165e-01	2.051128083003351e-02	7.117592271052153e-01	8.579015391996881e-01	4.775092261890274e-01 
29116	2.308816771439043e-01	5.591280313358260e-01	8.301944065656737e-01	1.302730815174454e-01	6.960409290907876e-01	7.177803379192504e-01 
29117	3.507467924745797e-01	1.197978710945516e-01	7.811119655780199e-01	7.189491204623394e-01	5.664522028803489e-01	6.811894671842250e-01 
29118	7.447954043829643e-01	5.118237672862183e-01	6.455425122648053e-01	6.758530625817633e-01	2.571300726846366e-01	3.913416281723129e-01 
29119	9.094923338328805e-01	7.965478867180842e-02	3.418196641899462e-01	5.719882645016708e-01	4.255153791534222e-01	6.635157361964569e-02 
29120	3.104027725331104e-02	5.283692560782377e-01	8.264490518640977e-01	6.620872394483850e-01	6.434676393151357e-01	2.304526479274580e-01 
29121	3.035190609306186e-01	9.610667607474686e-01	4.967096543008965e-01	3.931735423141999e-01	1.694840036150325e-01	4.722186867278494e-01 
29122	2.319865546616722e-01	4.708223038934182e-01	9.142558055153154e-01	1.487205448999260e-01	5.397679677634524e-01	4.567123912889554e-01 
29123	2.809579261468235e-01	3.781418255098398e-01	3.126314626318831e-01	7.854334435626039e-01	1.399733484035579e-01	6.604112747014699e-01 
29124	8.180300100019030e-01	9.498797155917881e-01	3.219534198696323e-01	3.872896504219457e-01	2.850258986147243e-01	3.732129895792663e-01 
29125	3.119397320833888e-01	6.126189955471217e-02	8.537307706585685e-01	7.493467104021438e-01	2.708209280240220e-01	6.859298856279848e-01 
29126	4.513604267305282e-01	1.411586537417048e-01	6.544573227025254e-01	4.139690247452703e-01	3.857178243681880e-02	9.048082676569088e-01 
29127	7.241237901159187e-01	2.090346749901549e-01	3.784827439493911e-01	2.873184221502236e-01	4.814903247986393e-01	9.448536327219066e-01 
29128	5.076662027764206e-01	4.619078290542618e-01	2.566832624040395e-01	9.649753426886256e-01	6.943898284473220e-01	6.183109633014419e-01 
29129	2.021195210499238e-02	6.257384823696073e-01	9.116405583631495e-01	2.382023670708182e-01	8.392309593642578e-01	3.564271560268146e-01 
29130	7.916615161821146e-01	8.482675864997377e-01	5.409096203783056e-01	5.949093911450997e-01	1.464883444794421e-01	3.054112190673257e-01 
29131	5.140560647562731e-02	7.826451996599557e-01	2.967852109315553e-01	9.171653907628470e-01	2.021533952061226e-01	2.954706261199537e-01 
29132	1.099795889277277e-02	2.741165206388941e-01	6.494961557763601e-01	9.302322914605488e-01	3.773546246973289e-01	6.905877875742114e-01 
29133	6.077663007465939e-02	7.679007193500512e-01	6.307453136407906e-01	5.055998125134398e-02	7.160096510011827e-01	5.313953999373763e-01 
29134	3.199492349541140e-01	5.798311852206781e-01	7.180241003701009e-01	7.653164883944777e-01	5.341655200488029e-01	1.850528513638112e-01 
29135	3.102769510892343e-01	7.952438730041358e-01	3.222516897578276e-02	5.426754245169381e-01	7.231203806107127e-01	7.279666703983011e-01 
29136	1.092929731014572e-01	6.458407414282554e-01	8.135114767582827e-01	4.328214045789335e-01	3.970440129457072e-01	6.373111956315861e-01 
29137	7.150854904318102e-01	9.149287207137099e-01	5.726897254484100e-01	1.273999615608079e-01	4.870950379377383e-01	1.329547281044366e-01 
29138	3.507435829124221e-01	6.930058418700740e-01	1.515350849862834e-01	3.874820323901796e-01	7.753653230302979e-01	6.807802208779570e-01 
29139	9.920482658811990e-01	2.275055844749373e-01	6.009039836621251e-01	4.310313870844696e-01	2.162267287298273e-01	3.600344510765484e-01 
29140	9.041520929554493e-01	3.946541623311131e-01	4.249277238709141e-01	7.832100238453262e-01	1.645224914778709e-02	4.400476208168859e-01 
29141	9.055731165274168e-01	7.720907580929330e-01	2.046402481814844e-01	2.383124731050731e-01	4.387600676619718e-01	6.940625517938634e-01 
29142	2.667421702990531e-01	6.397642299818476e-01	1.678291878963563e-01	8.057848980874409e-01	4.944649494651924e-01	8.114459432787899e-01 
29143	3.114624099662499e-01	4.864486368523362e-01	4.237046558725840e-01	8.508147857230172e-01	1.729694495429420e-01	2.662386726720670e-01 
29144	5.574841941144402e-01	5.996958553927337e-01	1.443623097136179e-01	3.461577258551863e-01	1.980116237434253e-01	9.865445577169066e-01 
29145	8.861198957714700e-01	9.673863296969868e-01	1.944688258695508e-01	4.876392157417882e-01	3.949272063092008e-01	3.982043756125726e-01 
29146	4.032598316776389e-01	1.703467119427520e-01	5.079228728112859e-01	9.950370794843094e-02	4.208435828234530e-01	9.929107305421758e-01 
29147	1.067953294620432e-01	2.806202226971322e-01	6.539862660272686e-01	3.287463809292673e-01	5.055641591951887e-01	5.710049751785318e-01 
29148	6.707942083827932e-01	1.176052201423667e-01	4.944707889546851e-01	6.250305192577952e-01	4.145337158861273e-01	3.706691158617527e-01 
29149	7.346098401304254e-01	1.705934686122511e-01	3.402793043702800e-01	9.534097905943847e-01	6.619892626082032e-01	1.952864694318476e-01 
29150	7.882108409088446e-01	3.549905893406755e-01	5.597078571723740e-01	4.653255122673846e-01	7.298721024956148e-01	3.096804067538084e-01 
29151	5.284089442667268e-01	6.237122074566881e-01	4.316783789049373e-01	8.800980443349380e-01	7.004640781774749e-01	1.051247420107621e-02 
29152	5.749895006924370e-01	7.541217034675547e-01	4.937751261125336e-01	1.087232018750662e-01	5.056349948635829e-01	6.579593062220206e-01 
29153	6.338433997676602e-01	7.299326991018941e-01	6.715164221051048e-02	8.748075940649209e-01	8.218106574260928e-01	8.449125338705044e-02 
29154	2.569904823756492e-01	9.850004697472978e-01	8.663616486968889e-02	7.351194795605812e-01	4.898435286378987e-01	5.114813626384715e-01 
29155	1.957486624196992e-01	7.148551524490057e-01	2.648595970409242e-01	8.820534225927994e-01	6.971494980005394e-02	7.119124294462149e-01 
29156	6.579989228872984e-01	9.350151463083467e-01	8.495903988965414e-02	3.033025247122877e-01	6.085728115027453e-01	1.555576782742144e-01 
29157	5.449300184635000e-01	2.273603311644851e-02	9.604683859699051e-01	5.034446574288114e-01	4.493886821815669e-01	2.525835084109779e-01 
29158	2.172724860012382e-01	5.813988037378284e-01	9.775494058126590e-01	1.062259044628796e-01	3.665765192077362e-01	7.639387246496174e-01 
29159	8.693521610166174e-01	1.928119810637730e-02	7.266288027616106e-01	6.127193731882226e-01	6.884969628482756e-01	3.414219500165105e-01 
29160	3.293775253725469e-01	7.387372989868715e-01	7.732242897455452e-01	7.555523060438267e-01	7.679581109152706e-02	7.831808727941900e-01 
29161	1.057967290428420e-01	4.766358045534278e-01	2.903668813542932e-01	3.729166444283669e-01	7.669240937804127e-01	7.453291121824023e-01 
29162	1.599048446121343e-01	5.237026785427072e-01	8.090242320292329e-01	7.210882954384115e-01	3.686665505872223e-01	6.116723223970801e-01 
29163	4.410015861563157e-01	4.558687255597416e-01	4.930454280885338e-01	1.877585644197934e-01	7.580489597340292e-01	7.695726713870717e-01 
29164	4.114333954592835e-01	6.088454460405157e-01	7.068163964735601e-01	6.727606139888542e-02	5.207886372035373e-01	6.577603917902854e-01 
29165	3.727914897720308e-01	5.377753409884891e-01	5.259598712787669e-01	7.311234152174978e-01	5.422322519575659e-01	6.184857651531007e-01 
29166	2.485901776160299e-01	7.470503511208346e-01	1.626174281562420e-03	8.661353240134574e-01	3.168824413987983e-01	7.751937145424146e-01 
29167	2.706193929922363e-02	8.898081856928228e-01	5.235144719251055e-01	6.720609961977250e-01	4.085871805956572e-01	5.854384454391038e-01 
29168	5.853502924045030e-01	2.910970124343093e-01	7.570475364801010e-02	6.091336706284110e-01	3.227133891877635e-01	9.120908515267013e-01 
29169	3.409487133218705e-01	4.633308090633135e-01	8.260924591014955e-01	2.019267126567184e-01	7.323313989451355e-01	9.686707472228249e-01 
29170	4.587673472780140e-01	8.247731099841248e-01	2.623822842826715e-01	3.513423270803693e-01	5.015870920914834e-01	6.139533067607803e-01 
29171	5.522847743318636e-01	9.804423613314014e-01	8.471357789782374e-02	3.288547182131326e-01	4.065900230952849e-01	4.186900442337010e-01 
29172	5.442978910700553e-01	8.074315280624853e-01	1.242509809848596e-01	2.546822841306928e-02	9.418678697963946e-01	3.576969041048795e-01 
29173	1.035208244223928e-01	2.991612469352524e-01	9.191725148607576e-01	4.681529065587344e-01	4.238619595472971e-01	5.764039747262538e-01 
29174	6.000380145166502e-01	3.019314895608978e-01	8.095013915144760e-01	4.043941919639834e-01	2.935607300874424e-01	5.002598485217185e-01 
29175	5.741763692859829e-01	5.058675532863309e-01	7.493653962659816e-01	1.103285395392923e-01	8.297681485969343e-01	1.554090239383999e-01 
29176	3.432852575685390e-01	8.314201318766525e-01	4.754047917762197e-01	7.918513052704300e-01	5.164713716923761e-01	4.035196276174122e-01 
29177	6.969253396036519e-01	2.284586970088430e-01	7.302558644161413e-01	3.165988480189949e-01	8.278784953162291e-01	1.848481150720064e-01 
29178	3.972122394808510e-01	8.810075768394720e-01	3.539882449497002e-01	5.244531839568751e-01	4.296900449143566e-01	3.248165803258866e-01 
29179	6.271538142702865e-01	9.799584667995994e-01	7.613429408275227e-01	5.698340295962174e-01	1.790008847768504e-01	3.389377198152645e-01 
29180	4.587572573289240e-01	4.189265192033412e-01	2.752550515629753e-01	5.881903422904968e-01	7.281195213629453e-01	7.552127258846412e-01 
29181	2.124419322071689e-01	3.474558530821691e-01	9.476177736964455e-01	4.459597239549412e-01	1.546465244418060e-01	7.472995794421204e-01 
29182	6.027676511190436e-01	2.449655777591229e-01	4.971749094110341e-01	8.774001390520523e-01	2.576440051535702e-01	2.296315260378994e-01 
29183	5.191295178686635e-01	8.277545143052802e-01	6.578723007414911e-03	4.953595154580337e-01	5.164265841400695e-01	3.164322863295957e-01 
29184	3.446162407889353e-01	2.844664269784631e-01	7.686741595211080e-01	6.598284277015848e-01	4.389009763058341e-01	8.687539687147802e-01 
29185	9.079661814756961e-01	1.479777952138244e-01	7.023679533565539e-01	5.619713494430731e-01	8.067828079500349e-01	2.793052013336631e-01 
29186	2.543464187423309e-01	5.003118301076932e-01	4.465617540661680e-01	2.519492218988257e-01	9.737745304274117e-01	7.982224536716631e-01 
29187	5.801930027420523e-01	6.774098279845024e-01	6.018352942847071e-01	1.496121371822708e-01	8.301167028327712e-01	2.680480465159935e-01 
29188	4.917189714970444e-01	4.872963868113765e-01	6.540906466779856e-01	1.592386628798506e-01	7.852435266773440e-01	4.495720467376215e-01 
29189	3.834816107625262e-01	2.160444415646479e-01	6.253749196362706e-01	2.841476602360806e-01	3.631681845668186e-01	8.675962154397171e-01 
29190	9.674736595548405e-01	4.647006021382791e-01	2.529789162889599e-01	3.035876046706299e-01	5.976595772374425e-01	3.049949859715899e-01 
29191	4.680075423834121e-01	9.279053794429026e-02	4.410609906050272e-01	8.902879445168922e-01	6.299116986133105e-01	7.922761031977269e-01 
29192	5.189297748343302e-01	3.820589920526177e-01	8.558273079108958e-01	8.336609460551568e-01	1.267758023235994e-01	2.435841196948908e-01 
29193	5.959255177345482e-01	3.541103441307221e-01	6.298407186709772e-01	4.531610792151598e-01	4.469800757111938e-01	3.473757435201983e-01 
29194	1.877505463706587e-01	4.534856088058502e-01	7.156757371047042e-01	3.395901144188954e-01	8.801236501947400e-01	1.883838099731033e-02 
29195	1.887344824929259e-01	8.194871988159051e-01	2.856543767170405e-01	6.982045413105458e-01	2.138483102579097e-01	9.630269434604188e-01 
29196	1.666166019400507e-01	5.780957754475898e-01	3.840619918178036e-01	3.772102414636164e-01	5.602044954598858e-01	9.469634695795849e-01 
29197	4.682233731256708e-01	5.639836398859190e-01	7.952648534665001e-01	4.246264131340098e-01	3.129233070896159e-01	5.595611492943176e-01 
29198	5.408099253457979e-01	8.682606412966126e-01	4.278766180030894e-01	4.665078234144959e-01	3.985904086554282e-01	3.972492178066289e-02 
29199	7.829846696684628e-01	2.514220843123903e-01	5.767530514163719e-01	4.147603724659852e-01	5.794399964144727e-01	5.499174217663350e-01 
29200	6.320370771662061e-01	7.029977028215610e-01	7.906335495158163e-01	4.055910978625999e-01	6.735262000718253e-01	3.255485880709211e-01 
