70401	6.894915834909876e-01	7.617282195650554e-02	4.461644813595860e-01	4.375173213005062e-01	7.541713217167130e-01	2.138821285396657e-01 
70402	9.848657905053050e-01	3.369369312125003e-01	3.764267238083726e-01	2.303705049198110e-01	5.388150066422941e-01	8.976370136660262e-01 
70403	4.147956069911666e-01	8.018368846428809e-01	1.405894139380708e-01	8.588240075432900e-01	6.711135046399349e-01	8.143149232038641e-01 
70404	1.084651599103658e-01	7.633121092767834e-01	3.759321281523268e-01	8.221624723209993e-01	7.330541453245809e-02	9.985343421913389e-01 
70405	6.045315650657915e-01	5.901243304776392e-01	8.187079403984857e-01	6.104291424007304e-01	4.690408493664742e-01	3.389592006314576e-01 
70406	9.578229291482262e-01	4.511252475315659e-01	3.635819447542300e-01	6.006211900816076e-01	1.750722246377406e-01	1.778905953457647e-01 
70407	7.586818036586509e-01	4.641018140609545e-01	5.989660372774587e-01	9.884385523681199e-02	4.036753093641838e-01	9.638863150705861e-01 
70408	6.951784619750578e-01	2.295534287404162e-01	5.829611263567923e-01	6.072409761129048e-01	2.318497378817083e-01	6.582715287322651e-01 
70409	5.021337887108663e-01	7.422644055053216e-01	6.817653111305285e-01	7.521606378673005e-01	4.372268675739911e-01	2.711064097050284e-01 
70410	5.799877657917547e-01	5.775129221196942e-01	5.028732708105967e-01	9.086361730574471e-01	5.618877060904548e-02	9.044274459067159e-02 
70411	7.311845745629271e-01	5.344864390496700e-01	4.051627964252100e-01	9.242657610004690e-01	1.924983639966232e-02	5.530690265754030e-01 
70412	5.345924652976553e-01	3.176285096993904e-01	4.178617090101337e-01	5.440487131724068e-01	5.435641209616846e-01	3.428557955330632e-01 
70413	3.511400051102300e-01	7.418098681369720e-01	7.605560847324940e-01	2.391123038206222e-01	5.368656673683405e-01	4.631246347092672e-01 
70414	3.493213624544117e-02	9.435676002572773e-01	3.499674926270957e-01	4.150120288990199e-01	7.945186917688231e-01	6.229784332974735e-01 
70415	7.301738770893587e-01	6.441698050425603e-01	3.738215429049064e-01	2.323850636376518e-01	4.399564410565043e-01	1.118484427272887e-01 
70416	7.683467758423973e-02	9.483779223626310e-02	5.888139480913464e-01	8.119539529923291e-01	6.346901783525902e-01	5.936214811031627e-01 
70417	1.108045790927096e-01	7.023832819387978e-01	6.195172459965838e-01	2.906025207954850e-01	9.658058512375919e-01	5.493225237998114e-01 
70418	8.101869813735623e-01	3.881387693351617e-01	7.202595651453885e-01	8.414819011275432e-02	3.963412711556702e-01	6.777701570545098e-01 
70419	1.410507365634170e-01	9.088513168247726e-01	6.840940754545769e-01	4.330241255796223e-01	2.610661299887873e-01	3.932474440042351e-01 
70420	7.037083358721534e-01	4.149085050479903e-01	2.495829506183403e-01	6.428133117838777e-01	1.366943067107295e-01	9.694333051483361e-01 
70421	7.444694597399810e-01	5.305950829150095e-01	1.439472382801775e-01	8.268463832333042e-01	9.072559098068699e-01	5.861738932832178e-02 
70422	5.392856592841482e-01	7.020666192923795e-01	7.777088746118562e-01	5.535514887205578e-02	7.934797169410771e-01	4.423644324253340e-01 
70423	1.282775306492107e-01	9.033927048255446e-01	4.965841924439642e-01	3.822081655800595e-01	9.904242717284044e-01	2.327959031613195e-01 
70424	6.350254218181238e-01	5.259758005172245e-01	3.727809312955401e-01	6.034943032057194e-01	6.666330345251514e-01	4.688510004670295e-01 
70425	5.704261372443032e-01	9.349879570687324e-01	1.334056840946310e-01	2.984415365859811e-01	8.789852934550212e-01	8.489087213397073e-02 
70426	9.852771162052900e-01	2.702110618541016e-01	2.427423300430804e-01	4.274233919461421e-01	6.499402696926152e-01	1.100479641613621e-01 
70427	5.072455088384417e-01	6.174344958844675e-01	1.247784934668160e-01	8.489100483063754e-01	3.397900893240623e-01	2.944279823353514e-01 
70428	4.213468685709640e-01	2.330402259702489e-01	1.619140842816403e-01	5.810171339458604e-01	1.505326614573119e-01	8.568684755421525e-01 
70429	5.735870020090135e-01	5.034632758533734e-01	3.272526512752156e-01	7.682361248519115e-01	1.740145512714128e-01	5.557086367388143e-01 
70430	6.635589116498744e-01	2.068666753363965e-01	7.471708928513537e-01	2.166859613062517e-01	6.055152179073748e-01	8.283323784251182e-01 
70431	7.829706802550388e-01	3.296473563334369e-01	2.979218539318182e-01	2.301769833499554e-01	8.494459499653634e-01	4.733537585330355e-01 
70432	4.587143219642814e-01	4.655875268213776e-01	2.141763497969039e-01	9.077435948624949e-01	7.341098462718125e-01	5.275439893588750e-01 
70433	5.843358149619782e-04	5.591968529106726e-01	6.634669511080520e-01	1.257094766025642e-01	4.320988464591599e-01	9.383914209840986e-01 
70434	9.934102336469675e-02	6.414186870785599e-03	6.697621883106240e-01	8.095438996964676e-01	5.612216193353413e-01	6.137335759260281e-01 
70435	4.600933376515119e-01	7.553528934882746e-01	5.707510708493177e-02	6.289577001674651e-01	3.557832391895736e-01	5.266369261917841e-01 
70436	6.693489395669483e-01	4.858309685815707e-01	4.279090749362843e-01	3.720099512490740e-01	4.782400111132552e-01	6.751369043342752e-01 
70437	6.604074634482864e-01	7.456904965375279e-01	2.993886877322159e-01	2.777326412762535e-01	6.374305409345820e-01	3.471685987019905e-01 
70438	7.914376302880523e-01	5.341530459942545e-02	7.133026515260861e-01	3.328758793027108e-01	7.339025274942509e-01	5.603204606735652e-01 
70439	9.072824412701243e-01	3.705100323349728e-01	5.056252040336049e-01	2.376230386036380e-01	9.443684575525638e-01	2.575224962174821e-01 
70440	6.274320703317416e-01	4.546999417708268e-01	1.433831456025896e-01	5.414371411181913e-01	1.854983675192788e-01	5.933225285486666e-01 
70441	7.876229538526572e-01	4.505372765734119e-01	7.784560446383763e-01	2.974370261999166e-01	6.550569159630284e-01	5.463257986865413e-01 
70442	5.083554785097764e-01	9.668770966318486e-01	4.766846986792761e-02	8.015052181588395e-01	5.411972864953922e-01	1.166852250129715e-01 
70443	4.697188233101041e-01	5.206147238768719e-01	6.103699708203059e-01	7.578621479368861e-01	3.507207060344796e-01	3.955908965000350e-01 
70444	1.423779474942366e-01	9.762059264524293e-01	1.880246038967045e-01	6.948401104252742e-01	3.754341520769378e-02	8.227755253871772e-01 
70445	5.169650103657397e-02	2.737792985822509e-01	6.444788914935682e-01	4.090011749925157e-01	9.696381381519368e-01	6.762600233044646e-01 
70446	4.923168493736532e-01	1.973096832048164e-01	6.213993918306981e-01	5.486828883284132e-01	3.799297578326916e-02	8.897270207100311e-01 
70447	8.239961130843094e-01	4.705648328879449e-01	2.021287182616354e-01	3.944453948373751e-01	7.491853175396807e-01	7.201519646250016e-01 
70448	3.569644905593471e-01	1.950417275972083e-01	4.504456949926292e-01	2.204034260234710e-01	9.977418418089387e-01	8.266966478407496e-01 
70449	3.045119735273808e-01	7.921337492170155e-01	4.322725019959128e-02	3.989566669723525e-01	8.624177617615731e-01	5.987410420059142e-01 
70450	4.193991440360245e-01	9.257201891450497e-01	1.320789995425742e-01	1.449606158406403e-01	9.810514842337147e-01	1.824411162170287e-01 
70451	8.350309648773160e-01	3.405105108986409e-01	7.487594897806074e-01	4.017388795271503e-01	3.588876903501449e-01	1.558010646521922e-01 
70452	2.373368513477895e-01	5.789557763024560e-01	2.211885402377062e-01	8.263475542843133e-01	3.402040460282704e-01	8.063350046954793e-01 
70453	1.700518872891743e-01	7.486389739717818e-01	5.846762833682970e-01	4.889063102674149e-01	2.048710676420453e-01	7.780240065327442e-01 
70454	5.586712122606858e-01	2.407660823514054e-01	6.075333634941862e-01	7.401681344493448e-01	2.093577708483287e-01	7.397911510747429e-01 
70455	6.327122105992787e-01	1.856021857521262e-01	5.001833474714797e-01	6.723624575787114e-01	6.996693328495385e-01	4.158281849655273e-01 
70456	1.699683064572053e-01	9.622390204676474e-01	5.544736320722734e-01	7.086531775245455e-01	1.804014912701743e-01	6.343577478342175e-01 
70457	9.654978408142953e-02	4.506782967231868e-01	9.039132141821222e-01	4.199786099554778e-02	4.224079692546443e-01	8.479821064247806e-01 
70458	4.555882965970346e-01	4.608636144182930e-01	3.886234980853301e-01	1.242521147261975e-01	6.857009052476396e-01	7.448585740603886e-01 
70459	3.841446320249633e-01	3.588823402051091e-01	3.343666642619298e-01	7.107680482073144e-01	3.662243152101075e-02	9.323993573402511e-01 
70460	1.742422511437187e-01	8.792052118847797e-01	2.276886576117451e-01	6.592349099298994e-01	5.457400103547431e-01	5.108309207709929e-01 
70461	8.665200791657772e-01	4.579064263152846e-01	3.940418095773997e-01	2.065982021928955e-01	9.894569860938776e-01	4.525939501922356e-01 
70462	2.442616431022462e-01	4.759340028861864e-01	5.735519017633168e-01	7.052520922202237e-01	6.088335479518101e-01	4.674211390303532e-01 
70463	3.230781881739020e-02	4.370179933493776e-01	6.532002713499341e-01	8.289758917874124e-01	2.587641599232956e-01	4.766757347657918e-01 
70464	5.772493111279194e-01	2.372697014552864e-01	6.628576531322288e-01	8.507795643508788e-01	3.669970183745037e-01	6.500647913033527e-01 
70465	3.025902001613378e-01	6.504486555266624e-01	6.666076626287449e-01	2.119438765563708e-01	6.673926573758362e-01	8.404433410641141e-01 
70466	5.358799856523482e-01	1.040469006815692e-02	4.921366869647543e-01	8.146458673054217e-01	5.355603427414592e-01	4.765824840921014e-01 
70467	5.636074513347598e-01	4.662620493799269e-02	7.045601040845733e-01	4.213501742987216e-01	5.740751572522497e-01	6.295053673764912e-01 
70468	6.647477705106141e-01	7.782960794468197e-02	6.078399970188471e-01	5.285093395313305e-01	5.608183444410719e-03	9.707898238435655e-01 
70469	2.230586400218507e-01	8.254109769711119e-01	5.917122214517911e-01	3.460241653575419e-01	5.881164990285880e-01	8.064328091558992e-01 
70470	6.247862436691554e-01	6.787938837010596e-01	4.356680254599339e-01	2.010531670967709e-01	8.963272916832311e-01	2.572182424888501e-01 
70471	4.307053380638034e-01	2.412258199690118e-01	3.768721918852753e-01	6.807731392741544e-01	8.542916168860131e-01	1.948613550686005e-01 
70472	1.501244040370960e-01	3.611521716222710e-01	2.980828596176671e-02	8.978088746416417e-01	2.193322760202289e-01	9.170712929960800e-01 
70473	7.744844269560158e-01	1.958216514420251e-01	9.681502103006379e-01	6.097561250045879e-01	4.965711670990000e-01	4.019788956386070e-01 
70474	5.103109238315313e-01	9.020319354615672e-01	1.589100063412545e-01	3.894005888896588e-01	2.041736795570664e-02	5.580409403117399e-01 
70475	6.524059180666935e-01	5.763497752364106e-01	1.144556030029464e-01	6.037272687628730e-01	5.206771144216662e-01	9.880228263564351e-01 
70476	1.446218078973185e-01	5.541154920844410e-01	7.634916989116933e-01	2.618207697799892e-01	6.953166459295580e-01	3.943710626025714e-01 
70477	5.856184079847560e-02	7.723077134395699e-01	3.806239568664077e-02	3.612047266368246e-01	6.801286488345624e-01	8.670832089371431e-01 
70478	2.563286849509441e-01	7.252186739017408e-01	9.606519226579375e-01	5.470130927688518e-01	6.066855175283965e-01	6.354134743782857e-01 
70479	7.040681921617531e-02	6.830207312860115e-01	6.467304583091511e-01	5.376132348530609e-01	4.718237393224477e-01	8.892100427913077e-01 
70480	8.424856534949945e-01	1.730973546566415e-01	5.489658074683794e-01	4.467844079287840e-01	7.893988492340975e-02	6.377051091658785e-01 
70481	3.366100821363930e-01	5.485119343503612e-01	2.210835769801436e-01	4.965648929094744e-01	3.919080305089172e-01	7.498473530711958e-01 
70482	7.131718687843503e-01	6.126759151217120e-01	4.652184036995447e-01	2.043389924075297e-01	7.580146871815614e-01	6.421094349989898e-02 
70483	9.822233227087496e-01	6.778535930544743e-02	6.399719173805880e-01	2.683893361969887e-01	4.636083318488430e-01	1.807103042782249e-01 
70484	7.309050484345445e-01	1.800981843089238e-01	4.576242481171755e-01	7.088780927582935e-01	8.447481305342813e-02	8.746762726740146e-01 
70485	5.967762222388828e-01	8.481927951558124e-01	4.106873405067602e-01	8.145005667717969e-01	2.323919686096432e-01	4.589976575300244e-01 
70486	6.454118827634026e-01	7.326712580304620e-01	5.831902572033797e-01	4.085359332898166e-01	3.892479024035160e-01	1.488306822307682e-01 
70487	6.882998267210547e-01	2.662596337206225e-01	9.831552203903560e-01	4.538555092401934e-01	9.249990827629845e-02	5.861074206796326e-01 
70488	4.317897821596496e-01	7.672287410096092e-01	6.513971060255339e-01	7.084856716363238e-01	6.803348533808825e-01	2.856784242178496e-01 
70489	1.919075242824786e-01	5.658693441604083e-01	2.945125971996448e-01	5.913111109944865e-01	7.355805357809760e-01	4.954436892068627e-01 
70490	2.724484949063449e-01	3.372308278788702e-01	5.651515498846078e-01	6.889946897244993e-01	6.869416558460714e-01	6.284334627694951e-01 
70491	8.250794507522768e-02	3.713144021268457e-01	5.836719637312651e-01	4.427313261486822e-01	9.016073235496063e-01	4.293913436529121e-01 
70492	2.149318018582543e-01	2.466763434463730e-01	6.970350642750309e-01	5.224337046450064e-01	3.997227221267801e-01	9.864326247424630e-01 
70493	4.311451453426015e-01	3.889208655731866e-01	2.517297052921482e-01	6.560571454961005e-01	8.451744012065368e-01	3.525935183125397e-01 
70494	6.930206244385972e-01	4.875302208889704e-01	5.990680537002622e-01	3.487467814605492e-01	6.020698909380440e-01	8.769221569185978e-01 
70495	6.822777477052381e-01	3.994727186509845e-01	4.087864292042904e-01	6.019943894728805e-01	4.503363263169813e-02	8.778597427490973e-01 
70496	2.565069733821090e-02	5.494710738995865e-01	6.107231484510984e-01	8.456393950346434e-01	4.863067869886466e-01	5.265506507305051e-01 
70497	1.600005755181875e-01	1.113906875763327e-01	8.959443699939111e-01	3.068161737608242e-01	9.302412496238169e-01	4.165831338289721e-01 
70498	5.113018747646478e-01	1.663793409720523e-01	6.244344180256675e-01	4.919317118797116e-01	2.461115975523702e-01	7.157131144426907e-01 
70499	6.392451438710353e-01	1.902959711721103e-01	8.731870915215634e-01	3.403220200471382e-01	5.904087066979518e-01	4.880821265556041e-01 
70500	3.793165418306083e-02	6.341871808625061e-01	3.126963967422556e-01	8.367576949748522e-01	1.712940688430198e-02	7.245739437718659e-01 
70501	9.351082475918034e-01	7.578140421114327e-02	3.877187123155124e-01	8.703045295308911e-01	3.336625719702813e-01	1.120572818259186e-01 
70502	2.458245223847892e-01	6.593007922861436e-01	9.624789943335902e-01	1.228649882756000e-02	7.398643327563470e-01	6.725991187220258e-01 
70503	5.628793871473499e-01	8.108833201782272e-01	4.253989910223929e-01	3.078616397149023e-01	5.840860179810126e-01	6.933321827325915e-01 
70504	9.214511934387382e-01	5.286448188360685e-01	3.469774978217490e-01	3.748526445524921e-01	8.790353113761827e-01	3.661419303155567e-01 
70505	6.127035976135786e-01	2.718930865689561e-01	5.647704955641527e-01	1.063765682686937e-01	7.843055947890801e-01	5.063673383140421e-01 
70506	5.895179323395836e-01	4.871820350260226e-01	6.657977484401312e-02	9.282088121976314e-01	3.694970175122509e-01	5.055922926382723e-01 
70507	7.020045483089732e-01	3.607239913851548e-01	5.762216084041275e-01	6.305695418281685e-01	2.678600501829326e-01	9.737115022073306e-01 
70508	5.674823089102844e-01	3.654700772899426e-01	3.795482571365973e-01	3.274648366853602e-01	6.458036507034730e-01	4.570384901744704e-01 
70509	1.790058807004752e-02	8.064872999881030e-01	3.877994596810206e-01	1.481270590231187e-02	8.029399009438201e-01	7.376513572520532e-01 
70510	4.975471840137614e-01	2.816616561242040e-01	8.868704091978856e-01	2.419882544694488e-01	7.397160036880013e-01	2.467568277421363e-01 
70511	7.005151292745909e-01	3.840783435978047e-01	6.326603578540075e-01	3.565658508297355e-01	5.527314148900302e-01	1.250948137589859e-01 
70512	3.440594642013707e-01	5.926015319882231e-01	7.889305012875388e-01	2.193993151668487e-01	8.325942958155225e-01	2.826420739794061e-02 
70513	3.067325194387994e-01	9.548724973241413e-01	1.632157600003342e-01	5.490192630198566e-01	5.540817924284631e-01	3.857723602871856e-01 
70514	3.283911111084376e-01	3.781871597692359e-01	8.187033186543101e-01	6.621999969544291e-01	6.811454969305405e-01	4.089971127360055e-01 
70515	3.230710443747158e-01	9.994707315986784e-01	4.291549322362119e-01	5.732932975356861e-01	3.355951434944316e-01	6.067363248036121e-01 
70516	7.404784711318664e-01	4.229126530317588e-01	1.354823823064822e-01	4.374317999672309e-01	3.218265239235202e-01	9.397383501611728e-01 
70517	8.792131679364525e-01	5.220161192616135e-01	2.976250899324161e-01	9.142213976293847e-01	1.354343462321668e-01	7.295573433093603e-01 
70518	5.259549131258957e-01	4.076140535967884e-01	8.898630250432489e-01	2.664185641834615e-01	3.552389025789505e-01	6.750107199341553e-01 
70519	2.123210013563143e-01	6.426290157834647e-01	6.549189314841729e-01	7.781866887955703e-01	3.202772497821732e-02	8.173241307453274e-01 
70520	1.542483506389957e-01	9.265660083791998e-01	2.411169925016290e-01	9.492964960369034e-01	4.452860446676040e-01	6.903820056655950e-01 
70521	9.059167597098907e-01	3.574101457285253e-01	5.008196656663573e-01	2.484808143735815e-01	3.540744057537766e-01	2.906621232601125e-01 
70522	8.553749848660213e-01	9.910872231229928e-02	4.840434818345090e-01	8.893802261299801e-01	3.712264887344021e-01	3.875855767391641e-01 
70523	9.768636525658314e-02	8.755873343387172e-01	6.958473190389051e-01	7.615216118051431e-01	9.986955931563002e-02	7.913894931592107e-01 
70524	6.517348438455703e-01	6.275881224137443e-01	1.541104935685511e-02	6.809256906669037e-01	5.752380475273098e-01	1.206671152700844e-01 
70525	9.596217648697701e-01	5.981589194937519e-01	5.475024598655823e-01	5.311242889185673e-01	5.310564844814825e-02	5.021015438868213e-01 
70526	7.815446847637366e-01	5.600879908977832e-01	5.464842061884546e-01	2.421825278668851e-01	6.774668487076487e-01	1.094719619930091e-01 
70527	1.011982108959766e-01	6.594625236217792e-01	6.189040385606578e-01	1.802535439465185e-01	7.492975786313157e-01	8.651860953148617e-01 
70528	1.555672694173195e-01	4.579585458153070e-01	6.349432073093176e-01	6.005402067943074e-01	4.370126858889108e-01	5.173298870854424e-01 
70529	5.201855841999905e-01	4.154767716115956e-01	3.161828176385565e-01	8.025666314247129e-01	5.108273977939130e-01	8.213896577697667e-01 
70530	3.526940264806189e-01	7.469313804131921e-01	4.780936121990889e-01	1.410356402120215e-01	5.051805817526827e-01	6.368998591688886e-01 
70531	3.556001884521932e-01	2.326438752243248e-01	5.931199464438883e-01	2.746765107180169e-01	9.791399556786999e-01	8.757133358444669e-01 
70532	2.711056358677560e-01	7.198388451171434e-01	4.312133964707237e-01	6.833756362972558e-01	3.311003789723266e-04	4.660370505051320e-01 
70533	1.172748079368862e-01	6.202438201297067e-05	6.752068447669386e-01	7.960277350039836e-01	5.920497969031862e-01	5.128712820117445e-01 
70534	2.289920424478604e-01	2.577482527278789e-01	3.289363710760385e-02	9.457214442066345e-01	2.665862062587066e-01	8.044097587896102e-01 
70535	5.539167736837172e-01	5.238244767296469e-01	6.116848807573486e-01	3.006611134783570e-01	7.534436117665118e-01	2.154421387347746e-01 
70536	6.152468338761301e-01	3.206464848051708e-01	5.886788771649248e-01	3.394377255492940e-01	7.759284972165142e-02	9.838042222148720e-01 
70537	4.551363487359474e-01	4.816294569918125e-01	1.528876764013919e-01	1.694057634133310e-01	5.352590951521420e-01	8.135125556307059e-01 
70538	2.436167478141980e-01	8.065753130509807e-01	3.602887542517801e-01	7.461134825145563e-01	4.382798833711645e-01	3.964773856199832e-01 
70539	9.989919589590659e-01	4.807772865444565e-01	8.687392844031603e-01	3.060227488735577e-01	9.955531352315028e-03	6.260451085256363e-01 
70540	6.354078381807312e-01	7.992138864155136e-01	9.720568098446492e-02	4.242279296126109e-01	2.182202185900590e-01	8.138905547057340e-01 
70541	6.762204126797793e-01	5.319530993421860e-01	4.963383061482382e-01	2.071885151030453e-01	5.056041588163706e-01	5.318836961871881e-01 
70542	6.242189958391984e-01	4.922879643525840e-01	6.760266989479927e-01	1.177353843569257e-01	6.640908521535847e-01	1.962151301766749e-01 
70543	1.151291682511085e-01	4.103363204598636e-01	4.051720748040917e-01	6.937323475662639e-01	9.316344058369748e-01	4.747095950791848e-01 
70544	7.302915645500307e-01	4.193038461868968e-01	5.560229057589894e-01	7.930508425227218e-01	3.846020925223074e-01	4.878846363576494e-01 
70545	1.937021153067481e-01	9.312215209064182e-01	4.112451805383015e-01	1.148617794796936e-01	5.328855353437151e-01	8.441661797080274e-01 
70546	8.168061064265159e-02	8.614576908830874e-01	3.576841039630035e-01	2.879742032950328e-03	8.387195651492665e-01	6.475144142559253e-01 
70547	3.145310312080686e-01	8.012984808338187e-01	1.903196003729849e-01	6.209082710173358e-01	7.955121785118372e-01	3.516956572453050e-01 
70548	3.463521741341462e-01	8.287472069959501e-01	2.180203158095220e-01	2.620975184204378e-01	1.086242164198328e-01	9.544821029091739e-01 
70549	6.205463578272876e-01	8.115701688562359e-01	1.037385358429592e-01	1.305690974533947e-01	8.962992831594830e-01	6.641440882761183e-01 
70550	7.065840922599279e-01	2.708367309143768e-01	4.391679868281681e-01	8.405041545453187e-01	3.303913504886176e-01	2.454181298779944e-01 
70551	3.840784524730573e-01	4.165043773660896e-01	9.113682642296848e-01	2.995043613210721e-01	6.255980008315493e-01	2.326113640946388e-01 
70552	4.072803824308243e-01	6.619949798939381e-01	3.795656712343448e-02	7.186371756506487e-01	9.333377053013692e-01	6.042042997799412e-01 
70553	8.260696127574270e-01	8.758040019651858e-04	7.646119018405559e-01	4.977663092611123e-01	7.770258844536926e-01	6.077833288741374e-02 
70554	7.787222748519174e-01	3.220278575446284e-01	1.567746229000515e-01	6.294896532646488e-01	6.392567116771373e-01	2.860610376511528e-01 
70555	3.075580305298475e-01	2.474346253141836e-01	7.399678665034789e-01	5.417554236752155e-01	5.463873811165482e-01	4.676598172284561e-01 
70556	9.621332737633826e-01	7.480297034009364e-02	8.082607098434900e-01	5.597264253573410e-01	4.749041891898544e-01	1.843720196808626e-01 
70557	7.104140109771111e-01	7.997966676452259e-01	6.226623709469061e-01	5.883395264484780e-01	7.972624567035524e-01	1.734981028254948e-01 
70558	5.042563084319014e-01	2.277312932266611e-01	3.405447122737373e-01	8.785417734387410e-01	6.311228636952887e-01	2.304144987055158e-01 
70559	5.276816636717139e-01	3.389940176898138e-01	6.399723694494945e-01	2.817690485478684e-01	6.195324749937278e-02	5.848958506542523e-01 
70560	1.317125185877697e-01	2.777049046739288e-01	7.216215789843345e-01	8.815410333923129e-01	6.394852554112043e-01	1.908559746274963e-01 
70561	3.830579974562271e-01	7.526760682417584e-01	9.746082988739456e-01	4.437353478642645e-01	3.884280318280716e-01	6.517888092858302e-01 
70562	5.673294832956013e-01	6.695620877270596e-01	7.144402881144806e-01	4.421171214016772e-02	5.303564364372129e-01	4.808296748468280e-01 
70563	5.786053029907405e-01	3.301321106401521e-01	7.109444742723929e-01	5.940002539331698e-01	2.228911838625410e-01	8.425377049425324e-01 
70564	3.974242303827552e-01	3.637065224106273e-02	5.455727979538602e-01	9.865281807621747e-01	9.387203039007952e-02	9.816878102142322e-01 
70565	1.636312956925555e-01	1.845671454135996e-01	6.431783250089735e-01	9.162692031516768e-01	3.880978990665500e-01	8.211084287030185e-01 
70566	4.353876221230218e-01	1.599306452055796e-01	6.485042882759439e-01	1.050526594729168e-01	7.736330361659894e-01	7.524060809912746e-01 
70567	4.570537864235907e-01	5.701968786585766e-01	6.795770814854206e-01	4.957744196877945e-01	5.493770504597392e-01	8.610866659234715e-01 
70568	8.063993275252130e-01	6.339166105657850e-01	9.661547225071985e-01	1.327408241427609e-01	3.984304065025127e-01	2.438076543883897e-01 
70569	4.410452022587895e-01	5.884139399836597e-01	5.144615683212598e-01	5.506738759684209e-01	1.765993745007905e-01	8.635116329557071e-01 
70570	2.475908886420448e-01	7.855743103068388e-01	6.694931297938836e-01	1.819017515095139e-01	8.005963232074766e-01	5.375047994173788e-01 
70571	3.888819073432637e-01	8.623476077478163e-01	6.409745321590457e-01	4.555921177509424e-01	6.716307365863080e-01	1.827329303892169e-01 
70572	5.052083943665062e-01	3.824670722021200e-01	5.236319441935505e-02	7.129952167584941e-01	4.233033660800478e-01	7.645951501280466e-01 
70573	4.748119014630726e-01	7.670042347182038e-01	2.767718943020128e-01	8.308108539220310e-01	6.842634395746202e-01	1.093886869924380e-01 
70574	6.612734041277553e-01	1.097822642652725e-01	6.342387984890803e-01	8.020830304662144e-01	5.224232597306905e-01	7.576720692700067e-02 
70575	1.159900852303553e-01	5.666293738335617e-01	2.410493749893612e-01	7.403370269836889e-01	5.442168255746365e-01	7.344816543868075e-01 
70576	5.022369241855529e-01	6.878254777219227e-01	1.472834743501885e-01	5.152258573359447e-01	4.166324800416428e-01	3.310994492359002e-01 
70577	3.973727764337882e-01	7.349688892352761e-01	5.577542528275987e-01	1.075339664077333e-01	6.891589772953006e-01	2.198524395256611e-01 
70578	3.499516784516922e-01	5.718977932757746e-01	9.302693064231271e-01	3.763132514937427e-01	4.180181521261260e-01	4.264044006001938e-01 
70579	6.814338150985435e-01	5.820168435256348e-01	8.857691264046402e-02	5.120472914955954e-01	2.690432730632337e-01	7.266511327711032e-01 
70580	8.708697624630605e-01	5.201003732270567e-01	6.296756282446131e-02	1.738516999793197e-01	8.498409818451655e-01	2.970814659300035e-01 
70581	9.917370054402719e-01	1.137620953695213e-01	5.630702295747693e-01	4.116293911806890e-01	8.928188260067176e-01	4.791704388681435e-01 
70582	4.147421937181950e-01	2.515933244981825e-01	1.502926496808058e-01	9.270306729246053e-01	4.030768724020867e-01	6.579387463064797e-01 
70583	6.510117679216006e-01	5.231977979909951e-01	7.392562863435008e-01	5.627591695881130e-01	5.794368341208609e-01	1.826832016166416e-01 
70584	3.279976712226434e-01	5.259696862278820e-01	6.625992648472496e-01	7.769166717581969e-01	5.569459204181683e-01	8.288710032059643e-02 
70585	2.542952672934577e-01	8.999549843913366e-01	2.638846581723902e-01	6.273109708355717e-02	9.317473729699105e-01	3.721189217085930e-01 
70586	6.881597132539063e-01	2.295081915730672e-01	6.315946926188785e-01	6.431518532460366e-01	6.820825414139754e-01	3.839228301010520e-01 
70587	3.003249306100914e-01	5.841374917394632e-01	4.713352022379691e-01	7.306124580477900e-01	2.493616860749029e-01	6.865852107327103e-01 
70588	4.247599446491910e-01	8.905899272211427e-01	1.729971328169934e-01	2.110453929269746e-02	5.023611587259009e-01	6.244238571899833e-01 
70589	7.875650855596994e-01	1.279652210557390e-01	6.636809727227699e-01	5.604567371884713e-01	1.704873734436297e-01	2.495147860652618e-01 
70590	5.765881867565019e-01	7.637315721501547e-01	2.863200726875111e-01	4.274802186336010e-01	4.596294139957848e-01	7.530308407395788e-01 
70591	5.891892070871116e-01	9.746693298186452e-01	4.017982033862680e-01	2.623854637780642e-01	6.817388606346292e-01	5.263568425970411e-02 
70592	5.596532806643201e-01	3.862735894261022e-01	5.360975089147817e-01	2.331350655942097e-01	8.769265300924043e-01	5.426789441955950e-01 
70593	1.708121266233484e-01	5.454857522765700e-01	8.739268686206026e-01	2.161585664549204e-01	3.620587653905954e-01	8.111617716056861e-01 
70594	1.560161250148269e-01	3.008416165619378e-01	6.815676135722408e-01	9.980619514853978e-01	4.021691969919426e-01	5.304165548377875e-01 
70595	4.457905064967591e-01	9.340165266566129e-01	9.634642410003336e-01	5.933560448305734e-01	2.650187750863509e-01	4.036896896574594e-01 
70596	9.640085711933402e-01	3.615553157587019e-01	8.036331430644722e-01	8.484290979782965e-01	6.542630726819831e-02	4.165409976736192e-01 
70597	4.562499789275319e-01	6.444715625289187e-01	7.244205871281775e-01	2.412340168901917e-01	3.640826369519445e-01	6.730070875277737e-01 
70598	3.174724270953227e-01	4.009809734322987e-01	7.280572250221145e-01	4.931893195179896e-01	4.147139125524191e-01	4.541435924799631e-01 
70599	9.014259179180917e-01	3.831845632168629e-01	1.826232110753184e-01	4.682539988211492e-01	5.833259352630442e-01	3.453745212346497e-01 
70600	2.963473641053643e-01	4.760453546013027e-01	2.456390390491101e-01	2.043052680782333e-01	5.618992556586355e-01	7.006344957328811e-01 
