1 100.9292539005 736 216 1 6 7 1 8.28 1.76 2.24
2 106.41223980992 544 345 1 9 8 3 4.33 0.44 1.12
3 113.51996884256 759 526 7 2 9 8 4.74 3.77 8.55
4 86.729724848127 500 550 2 1 9 2 8.09 7.61 1.78
5 96.695948560014 728 238 4 5 7 1 4.45 1.62 3.34
6 94.105242919683 666 391 1 10 7 4 5.40 3.64 0.48
7 92.384108038692 812 219 1 5 6 8 1.24 7.72 6.95
8 107.96739857687 15 447 8 2 3 3 2.66 1.58 2.99
9 99.762130972761 226 565 9 10 5 2 3.52 3.44 7.77
10 91.087115763786 963 521 4 9 6 8 3.25 4.42 3.09
11 101.1281302842 940 317 9 5 5 8 1.85 9.06 5.73
12 100.10739465842 518 599 10 1 9 5 4.77 2.06 5.70
13 92.532845711821 326 261 10 1 1 6 1.34 2.35 9.62
14 95.081519861714 438 246 8 10 4 9 9.42 3.08 9.13
15 99.152423358184 566 44 6 6 1 7 2.20 6.42 5.46
16 87.1585404655 218 344 3 2 9 1 8.64 2.35 0.27
17 96.197492974532 956 539 6 2 7 9 0.67 0.82 8.70
18 96.56044386858 922 141 10 1 2 1 7.86 5.11 6.82
19 107.34233198386 208 553 6 5 9 3 2.27 0.07 3.30
20 106.78205248911 950 193 6 8 2 2 8.78 3.12 7.34
21 94.7909976745 385 214 3 2 8 8 9.08 4.97 2.06
22 83.471065023685 275 230 7 9 9 4 0.17 1.07 8.32
23 103.67073700453 810 499 1 1 9 10 1.34 5.55 0.72
24 95.125105229009 938 367 3 7 6 2 6.92 6.71 6.82
25 93.866601602935 934 496 6 1 2 4 1.49 0.15 6.47
26 91.044645200183 194 189 9 9 8 8 8.96 2.57 1.41
27 117.52260863342 536 208 5 2 8 5 4.91 0.40 5.14
28 92.592693991331 263 267 9 7 10 10 2.15 3.97 8.39
29 95.506529918657 441 651 2 3 10 10 9.76 0.33 8.48
30 98.38340454673 540 333 7 7 2 2 6.30 8.68 7.72
31 105.28787601451 120 427 8 10 8 8 3.08 0.89 5.93
32 106.16497644907 128 109 2 6 6 6 1.18 2.71 8.28
33 105.74133305876 931 230 8 5 10 6 0.44 6.21 7.53
34 90.943063165376 692 189 10 10 2 9 6.81 8.26 8.64
35 96.275909369743 644 423 5 8 8 5 2.33 3.27 6.51
36 97.119589345468 680 400 5 8 2 2 6.11 4.43 3.70
37 96.229199214103 696 541 10 5 7 4 5.29 3.59 8.64
38 96.710668937982 859 18 3 5 10 10 4.38 7.07 7.32
39 88.135339820953 647 230 10 5 10 10 8.50 7.42 1.68
40 83.077427558189 626 638 10 5 1 6 8.49 1.13 9.26
41 96.590454276349 27 456 9 7 6 5 1.30 3.85 2.79
42 104.91925080945 615 273 7 3 3 3 0.94 0.40 8.49
43 99.983072991952 896 3 3 9 9 6 8.99 6.79 1.06
44 99.649484763271 1000 39 1 9 2 6 7.82 0.05 7.20
45 102.21261810351 214 627 2 7 9 10 7.26 2.18 6.96
46 98.413364860141 655 156 7 9 2 9 6.74 7.31 4.61
47 103.24846132636 542 254 7 6 4 9 9.60 8.40 1.87
48 105.8324452261 380 580 7 7 10 4 4.47 2.44 8.48
49 104.89586376812 328 132 6 6 7 7 1.69 9.91 4.60
50 98.495001706625 496 646 1 9 10 3 5.50 8.00 6.69
51 100.73739920963 433 334 3 6 9 7 2.34 5.76 7.15
52 88.061864001896 251 369 9 7 4 2 7.69 3.81 7.43
53 111.16032705251 389 128 6 1 5 10 1.44 0.78 8.10
54 89.942374430508 4 143 6 5 4 5 6.34 3.61 4.46
55 95.134151138247 118 76 2 5 10 4 8.79 2.23 4.34
56 104.35549005219 984 615 4 10 1 1 4.82 4.73 8.30
57 99.195180652458 431 464 5 1 2 1 7.43 0.68 0.39
58 103.60627923194 801 20 5 7 5 6 8.34 4.63 0.79
59 105.42586412202 832 59 8 2 3 10 5.46 7.66 1.40
60 104.44104335083 791 377 7 9 3 2 9.65 1.17 2.13
61 91.242757273203 888 375 7 10 10 9 3.15 0.27 6.39
62 102.33544318018 928 206 6 9 4 1 6.67 4.43 2.93
63 103.10269106928 571 527 6 9 10 6 8.81 0.71 2.88
64 96.704036002961 142 547 6 4 3 1 5.07 7.57 3.22
65 99.779378126363 696 671 6 7 7 10 0.37 6.98 0.28
66 106.53016909103 384 555 5 3 10 4 6.71 4.18 4.08
67 107.315979504 546 449 8 2 4 9 5.02 5.76 3.17
68 103.00872152099 281 683 6 9 2 8 9.99 4.99 0.74
69 100.83056105275 940 13 4 4 8 3 8.57 0.58 3.06
70 92.797746453689 803 204 10 4 7 6 8.14 1.53 1.44
71 108.76452327146 514 153 2 6 8 8 2.31 3.95 8.08
72 99.274305168607 614 239 10 1 8 5 0.58 4.03 0.17
73 98.261712501637 172 446 9 8 6 5 9.89 6.34 3.18
74 97.688195531283 368 220 8 7 6 7 8.69 1.84 6.87
75 105.52775641345 449 185 8 6 1 10 6.18 4.55 5.22
76 101.02113167565 968 514 10 10 7 3 0.91 5.22 6.82
77 107.35908621004 473 643 1 7 10 7 8.82 6.87 3.64
78 102.00406484475 266 17 3 2 4 1 2.59 1.70 2.57
79 102.28559887451 956 209 9 6 7 6 8.28 9.18 5.54
80 102.33801656147 655 298 6 5 2 4 3.70 1.31 4.95
81 95.641349760493 515 428 8 5 1 9 6.28 4.73 7.36
82 108.74660040086 576 195 1 2 9 8 8.14 0.31 3.93
83 97.070012707708 714 154 9 2 8 7 9.83 3.27 0.61
84 106.84179728941 995 125 10 8 9 7 5.96 0.40 2.06
85 107.17432673322 735 99 9 7 2 2 0.40 8.40 4.22
86 103.22204009163 409 586 2 10 1 5 3.44 5.74 6.49
87 99.867583069991 818 491 10 10 7 7 3.25 8.46 2.40
88 88.65807422034 716 545 6 6 4 1 0.22 2.67 2.49
89 112.93850054664 972 673 5 6 9 8 0.27 4.63 2.05
90 101.64291063151 950 345 7 2 10 9 6.75 5.28 5.33
91 100.80641491229 724 302 9 3 9 4 5.44 8.32 9.23
92 96.330004469607 371 283 5 1 6 5 2.38 6.61 4.17
93 106.52574946034 256 352 10 4 8 8 6.73 5.84 3.29
94 96.300558682733 618 281 2 5 9 5 2.82 7.30 7.54
95 106.34300616544 747 576 8 9 2 6 7.93 1.49 0.22
96 101.05937732608 972 579 6 10 5 3 9.37 4.63 8.75
97 100.4311479615 877 8 2 10 7 1 5.58 7.41 8.60
98 101.5595746806 301 529 10 5 5 3 2.71 6.71 5.32
99 96.039591596535 963 322 6 3 8 6 1.61 4.36 6.61
100 105.70847823905 245 84 10 4 7 8 0.64 5.38 9.14