1 102.50250021629 646 466 4 2 6 2 6.64 1.95 5.03
2 93.304008962602 62 195 1 6 5 3 4.70 2.48 3.96
3 99.30965377691 458 96 8 4 8 8 9.81 7.39 8.95
4 89.702839361301 47 85 3 10 2 2 7.59 2.82 3.18
5 102.10005384245 799 267 5 5 2 5 5.13 0.31 8.07
6 99.829969420407 387 30 5 7 3 4 5.81 2.63 5.93
7 102.36997807912 192 141 8 9 9 6 2.46 5.61 4.58
8 103.54074824447 69 640 1 5 2 10 3.13 0.72 3.16
9 99.492601261656 483 236 7 2 1 10 3.04 7.19 8.03
10 111.08778028231 427 401 5 3 1 10 2.58 1.98 3.43
11 102.21386085483 414 315 3 4 5 5 2.40 9.25 5.32
12 99.94365813542 257 600 7 10 4 1 4.98 5.34 3.76
13 84.455073082734 705 187 1 6 3 2 3.78 6.90 9.81
14 88.185635692906 370 324 5 9 5 9 4.15 2.47 5.85
15 98.889883117066 632 495 5 4 9 4 7.05 9.39 9.72
16 107.36472323881 266 114 5 4 9 10 1.40 7.23 8.82
17 105.13374899143 543 5 10 4 8 2 3.16 6.74 5.64
18 108.14993590056 219 483 4 7 9 10 3.67 8.11 6.72
19 103.55492967317 115 653 5 5 6 8 0.58 5.42 5.34
20 105.03735298698 265 151 7 7 4 4 9.27 4.37 8.79
21 106.00491145333 930 349 8 2 6 6 5.58 3.40 8.35
22 97.635169686597 847 364 9 4 5 7 3.26 7.55 2.88
23 111.1326633752 566 203 1 10 1 10 2.24 0.87 4.66
24 104.05505539967 715 322 9 3 9 9 6.10 7.41 2.98
25 107.08779655758 125 205 6 6 5 4 1.29 1.33 2.70
26 95.993794242839 153 347 10 2 9 4 2.02 8.40 9.02
27 88.766136775026 37 152 8 5 5 4 6.84 0.71 1.30
28 107.45012631356 606 118 4 6 3 9 2.03 0.79 5.83
29 103.36294101167 299 488 6 4 2 6 9.84 3.76 8.68
30 106.04786794266 243 290 10 5 4 6 5.19 5.63 0.11
31 106.61435630609 503 173 3 3 5 10 3.75 3.23 6.73
32 90.21222956846 78 405 10 10 8 7 8.12 5.91 7.71
33 96.418661906498 209 156 7 1 9 5 9.40 9.41 0.03
34 102.52679883779 723 270 10 3 8 6 8.04 3.77 7.22
35 100.28258890358 760 489 10 9 5 2 4.80 0.67 0.61
36 107.71859903679 866 368 9 9 6 9 6.44 9.05 1.14
37 101.96732653256 435 600 4 6 1 1 4.31 4.41 9.65
38 96.254368009654 412 475 6 2 6 10 2.49 7.56 6.98
39 101.64458509448 885 128 5 3 10 6 7.16 6.59 1.38
40 94.299616393522 435 497 7 3 8 1 3.72 4.51 6.21
41 76.695287011583 395 476 10 8 7 1 1.78 7.17 0.21
42 104.41394103235 974 663 1 9 10 3 6.08 5.89 2.52
43 102.2318814918 622 37 9 6 10 6 2.27 4.59 4.36
44 101.64339727994 209 615 4 6 6 1 8.75 3.85 9.64
45 115.47440337455 656 403 1 9 5 5 5.66 1.98 6.20
46 107.07382371779 152 316 1 9 1 7 9.95 3.36 6.28
47 102.13890077787 879 192 9 8 3 9 3.67 1.02 6.80
48 99.410807477562 316 654 1 1 8 6 1.33 9.10 1.30
49 112.07996541656 292 493 10 10 4 3 0.91 5.89 6.08
50 100.5552418233 49 641 2 8 8 3 7.66 8.60 7.68
51 96.54220962113 34 333 3 4 6 4 2.19 6.46 2.10
52 102.24457963419 879 140 1 5 6 2 0.72 1.53 3.87
53 94.906321305697 308 607 3 8 8 4 5.93 5.86 4.70
54 116.04601554541 994 233 10 5 9 5 5.27 0.47 3.36
55 96.92425534551 933 15 7 1 8 3 2.79 2.06 6.99
56 103.32258727314 700 358 4 3 10 9 7.13 9.68 8.27
57 92.679230859295 744 511 6 9 5 4 5.85 2.55 8.52
58 103.40541111929 721 336 10 9 4 10 0.85 1.63 2.98
59 102.44702951254 153 448 5 1 5 8 5.98 4.16 9.71
60 101.15770798051 222 370 3 7 7 8 2.23 6.58 7.82
61 91.609228068921 416 28 2 1 7 5 4.98 9.04 7.41
62 92.944202098078 937 112 2 8 4 4 6.93 7.99 6.38
63 101.28557043411 326 58 1 4 10 3 7.99 2.22 0.39
64 104.09749919204 835 372 3 2 2 5 8.10 5.06 4.52
65 108.50312986657 923 309 9 5 10 2 9.64 1.67 7.08
66 96.060266161513 756 216 10 10 10 1 5.80 7.04 8.97
67 92.632702972809 366 17 6 9 2 3 0.38 7.29 8.93
68 90.843395119242 523 330 1 1 3 4 6.28 7.15 5.38
69 111.71026347305 407 397 5 9 4 8 4.83 1.82 7.65
70 111.03268638701 239 483 7 4 4 10 5.36 2.15 8.95
71 94.73594542227 456 82 4 10 10 1 4.74 5.80 7.84
72 101.1284595933 192 372 4 3 5 8 1.38 8.22 6.43
73 92.33306140217 483 535 6 10 8 6 1.58 7.08 3.36
74 95.28047662992 765 89 1 4 5 6 2.36 8.22 4.92
75 100.82595661812 232 490 9 5 6 8 7.75 0.81 6.51
76 110.18564024066 657 187 9 7 1 10 4.36 3.59 9.44
77 100.0251072106 92 535 3 4 10 8 1.73 0.25 7.70
78 86.923160240857 995 625 9 4 2 3 7.19 6.22 1.60
79 93.072737852984 832 366 7 9 9 9 7.50 9.62 4.09
80 103.82984352066 351 84 8 9 6 2 2.88 2.34 1.37
81 91.438521589178 837 534 7 4 6 6 7.03 2.89 5.41
82 106.28052507938 675 222 9 7 3 2 7.64 7.50 9.62
83 105.52887685177 889 545 2 3 7 5 3.59 1.87 9.41
84 97.82330189231 8 662 7 3 8 6 4.28 6.34 7.82
85 99.462027277695 54 316 7 3 6 4 5.65 3.59 6.88
86 105.57787320818 999 332 6 1 4 5 0.43 1.02 8.18
87 111.69698151478 576 166 7 9 5 9 4.12 8.89 3.85
88 103.54232041947 419 548 4 5 8 10 3.91 2.31 9.60
89 111.15811058103 428 468 6 10 3 1 8.64 9.64 7.55
90 92.225335866156 114 635 10 5 6 7 4.46 7.23 0.03
91 101.64959767875 473 259 5 10 1 4 6.95 3.83 4.49
92 105.98854814746 529 85 4 6 7 6 2.47 5.02 4.01
93 103.64910660299 607 433 3 2 10 4 9.87 5.80 5.66
94 94.44938313541 495 112 2 6 2 7 2.46 6.30 8.38
95 104.35667372979 258 74 10 1 3 5 2.78 7.00 8.05
96 96.082401326086 404 169 3 6 6 2 9.69 3.61 9.94
97 121.17738568039 250 695 8 5 10 1 4.62 1.77 9.56
98 99.057999570421 527 681 3 5 6 8 4.64 0.78 5.81
99 91.249061042691 573 468 2 5 6 3 7.88 7.70 5.70
100 96.029877318751 131 470 5 5 4 2 6.10 9.90 4.80